0  9.2427210256e+04  0.0000000000e+00
1  9.4803614479e+04  0.0000000000e+00
2  7.0413103075e+04  0.0000000000e+00
3  5.5228848988e+04  0.0000000000e+00
4  4.3158371953e+04  0.0000000000e+00
5  3.3716646619e+04  0.0000000000e+00
6  2.6418280723e+04  0.0000000000e+00
7  2.0694267556e+04  0.0000000000e+00
8  1.6162492243e+04  0.0000000000e+00
9  1.2589245791e+04  0.0000000000e+00
10  9.8361221323e+03  0.0000000000e+00
11  7.7456512969e+03  0.0000000000e+00
12  6.1782293961e+03  0.0000000000e+00
13  4.9804007956e+03  0.0000000000e+00
14  4.0458026000e+03  0.0000000000e+00
15  3.2989155825e+03  0.0000000000e+00
16  2.6898535217e+03  0.0000000000e+00
17  2.1894837509e+03  0.0000000000e+00
18  1.7845814570e+03  0.0000000000e+00
19  1.4580839634e+03  0.0000000000e+00
20  1.1919922124e+03  0.0000000000e+00
21  9.7213119692e+02  0.0000000000e+00
22  7.8838221525e+02  0.0000000000e+00
23  6.3575302068e+02  0.0000000000e+00
24  5.0999283888e+02  0.0000000000e+00
25  4.0929164033e+02  0.0000000000e+00
26  3.3019312977e+02  0.0000000000e+00
27  2.7092979583e+02  0.0000000000e+00
28  2.2701224899e+02  0.0000000000e+00
29  1.9507568135e+02  0.0000000000e+00
30  1.7364214159e+02  0.0000000000e+00
31  1.6195769587e+02  0.0000000000e+00
