0  4.8259860755e+07  3.6818900491e-11
1  5.2755549879e+07 -1.5593058755e-11
2  3.1608255499e+07 -5.7862691567e-12
3  2.4213612735e+07 -6.7061875291e-12
4  1.8283348823e+07  9.6096240582e-12
5  1.3835154376e+07  7.2185505809e-12
6  1.0583436795e+07  3.1172038447e-12
7  8.1036607353e+06 -2.2376793944e-12
8  6.2802469571e+06 -1.8054531330e-12
9  4.7628748928e+06  1.7687581427e-12
10  3.7513135946e+06 -1.0754668486e-13
11  2.8529255962e+06  3.6571009474e-13
12  2.2065712888e+06 -4.2106960929e-13
13  1.6899797746e+06 -7.2918104470e-13
14  1.3169104626e+06  1.2081950992e-13
15  1.0128870251e+06 -1.5986702234e-13
16  7.6201987063e+05 -1.3463061669e-13
17  5.9796083432e+05  1.0750075299e-13
18  4.5314535577e+05  4.9842865427e-14
19  3.5262492230e+05 -4.3376050527e-14
20  2.7304181336e+05  7.9753532437e-14
21  2.1130640182e+05 -3.6384732507e-14
22  1.6411951228e+05  8.4429810455e-14
23  1.2179756725e+05 -6.0607930124e-15
24  9.4919908022e+04 -2.9749171152e-14
25  7.5227684477e+04  2.6673465942e-14
26  5.8171781859e+04 -1.8994290776e-14
27  4.5325212340e+04 -1.3882874909e-14
28  3.6982480242e+04  1.6370685770e-14
29  2.9664734135e+04  1.0315688607e-14
30  2.5372335592e+04 -6.5618958809e-15
31  2.2430837806e+04 -2.6698279413e-14
