0  4.8333281521e+07  9.6480751669e-12
1  5.4144004636e+07  1.9738867587e-11
2  3.0694762389e+07  2.9175564899e-12
3  2.2726715433e+07  4.2814047140e-12
4  1.6518569970e+07 -1.9025135930e-13
5  1.2862202326e+07 -4.1799776177e-12
6  9.9728944853e+06  5.0894081101e-13
7  7.7706702144e+06  1.4929468767e-13
8  5.9062079089e+06 -4.6817225432e-13
9  4.7333232379e+06  8.3883092860e-13
10  3.7145077851e+06 -1.5646079047e-13
11  2.9988059175e+06  5.3043451615e-13
12  2.4700939768e+06 -4.4614106431e-13
13  1.9360114285e+06  4.0543802043e-13
14  1.5547738323e+06 -2.6069376782e-13
15  1.2408712319e+06  8.5635633506e-13
16  9.9043469852e+05 -1.5455973673e-15
17  7.9239802578e+05  7.0662066624e-13
18  6.3143369233e+05 -1.0677192009e-13
19  4.9463482591e+05  4.2246304569e-13
20  3.8657618954e+05  1.8400443485e-13
21  3.0527270820e+05  9.7336923516e-15
22  2.4225831216e+05 -2.0076799309e-13
23  1.9080112202e+05 -6.1709385100e-14
24  1.4954118921e+05 -6.5155086542e-15
25  1.1851797048e+05 -1.4912537268e-13
26  9.3211751632e+04  4.6213819453e-15
27  7.5611730981e+04 -6.5199492618e-14
28  6.2935202896e+04 -1.2374873344e-14
29  5.3944491931e+04  3.3158853870e-14
30  4.8198274884e+04 -4.9415435481e-15
31  4.4942347099e+04 -1.6513913886e-14
