0  1.0723806129e+05  0.0000000000e+00
1  1.0865813764e+05  0.0000000000e+00
2  8.2819935340e+04  0.0000000000e+00
3  6.5782328991e+04  0.0000000000e+00
4  5.1819171179e+04  0.0000000000e+00
5  4.0670538113e+04  0.0000000000e+00
6  3.1697160943e+04  0.0000000000e+00
7  2.4533843692e+04  0.0000000000e+00
8  1.8954324339e+04  0.0000000000e+00
9  1.4654191450e+04  0.0000000000e+00
10  1.1310827307e+04  0.0000000000e+00
11  8.7050084061e+03  0.0000000000e+00
12  6.7330831740e+03  0.0000000000e+00
13  5.2450656298e+03  0.0000000000e+00
14  4.0970623797e+03  0.0000000000e+00
15  3.2020632516e+03  0.0000000000e+00
16  2.4909827812e+03  0.0000000000e+00
17  1.9296740703e+03  0.0000000000e+00
18  1.4882550437e+03  0.0000000000e+00
19  1.1518330753e+03  0.0000000000e+00
20  8.9553531990e+02  0.0000000000e+00
21  6.9791467442e+02  0.0000000000e+00
22  5.4560501438e+02  0.0000000000e+00
23  4.2928179517e+02  0.0000000000e+00
24  3.4095999586e+02  0.0000000000e+00
25  2.7131407739e+02  0.0000000000e+00
26  2.1590142057e+02  0.0000000000e+00
27  1.7197855168e+02  0.0000000000e+00
28  1.3902727262e+02  0.0000000000e+00
29  1.1540295973e+02  0.0000000000e+00
30  1.0019129503e+02  0.0000000000e+00
31  9.1811623934e+01  0.0000000000e+00
