0  9.5446686384e+04  0.0000000000e+00
1  9.8593225286e+04  0.0000000000e+00
2  7.4548643224e+04  0.0000000000e+00
3  5.9120759167e+04  0.0000000000e+00
4  4.6707079744e+04  0.0000000000e+00
5  3.6923954996e+04  0.0000000000e+00
6  2.9123124547e+04  0.0000000000e+00
7  2.2858435893e+04  0.0000000000e+00
8  1.7912178427e+04  0.0000000000e+00
9  1.4041044250e+04  0.0000000000e+00
10  1.1083328411e+04  0.0000000000e+00
11  8.7817314739e+03  0.0000000000e+00
12  6.9620972241e+03  0.0000000000e+00
13  5.5169969780e+03  0.0000000000e+00
14  4.3584264987e+03  0.0000000000e+00
15  3.4443135463e+03  0.0000000000e+00
16  2.7239411799e+03  0.0000000000e+00
17  2.1490787110e+03  0.0000000000e+00
18  1.6876167654e+03  0.0000000000e+00
19  1.3269013719e+03  0.0000000000e+00
20  1.0476481613e+03  0.0000000000e+00
21  8.3045804986e+02  0.0000000000e+00
22  6.6236721767e+02  0.0000000000e+00
23  5.3014692437e+02  0.0000000000e+00
24  4.2664371015e+02  0.0000000000e+00
25  3.4362851860e+02  0.0000000000e+00
26  2.7684806337e+02  0.0000000000e+00
27  2.2525489598e+02  0.0000000000e+00
28  1.8635531397e+02  0.0000000000e+00
29  1.5660364364e+02  0.0000000000e+00
30  1.3493452048e+02  0.0000000000e+00
31  1.2188908808e+02  0.0000000000e+00
