0 -2.7651751322e+02 -1.0925913986e-15
1  1.7450391687e+04  1.7571634963e-15
2  1.1496019576e+04 -3.8265560425e-17
3  9.1871653001e+03 -1.9073786485e-15
4  7.2682842104e+03  6.9296908909e-16
5  5.7773418465e+03  8.3005057194e-16
6  4.5726678146e+03  1.9197641761e-15
7  3.6149461685e+03  1.2092538817e-16
8  2.8575055995e+03 -1.8668288520e-16
9  2.2581206698e+03  1.1855257889e-15
10  1.7834305215e+03 -6.3333902840e-16
11  1.4077825477e+03  5.6354160772e-17
12  1.1100944777e+03  5.8925911619e-17
13  8.7588093726e+02  1.0425726207e-16
14  6.8992110411e+02 -3.0563394545e-16
15  5.4265427723e+02 -2.3844263339e-16
16  4.2883179917e+02  2.7267896396e-17
17  3.3944069788e+02 -5.6000895093e-17
18  2.6866047432e+02  1.9356651021e-16
19  2.1260288940e+02 -8.9070278964e-17
20  1.6795390663e+02  5.6893085485e-18
21  1.3208210523e+02 -1.0415530048e-16
22  1.0424936626e+02 -7.7789494173e-17
23  8.1775501561e+01  8.9495383625e-18
24  6.4030239851e+01  1.0674626839e-17
25  4.9618275258e+01 -1.5571641944e-18
26  3.8227177884e+01  8.0957820912e-19
27  2.8845102918e+01  9.1119569301e-19
28  2.1071514932e+01 -3.1477861902e-18
29  1.4413114472e+01  7.7852915765e-19
30  8.6743384915e+00  1.7025362240e-18
31  3.3628135702e+00  1.7080419381e-18
