0  5.9972052401e+07  1.3023637248e-11
1  6.9063031017e+07  8.8450245314e-12
2  4.2208932210e+07  1.2914358264e-12
3  3.1476762107e+07 -6.6803430470e-12
4  2.4234785490e+07 -1.9417231882e-11
5  1.8791817455e+07 -4.7254921759e-12
6  1.4713647379e+07 -1.0315386550e-11
7  1.1498201651e+07  1.1404667959e-11
8  9.0156490151e+06  3.6047600818e-12
9  7.1290581561e+06  3.0187918650e-12
10  5.7309127287e+06 -6.6146900876e-14
11  4.4774609566e+06 -3.1978432508e-12
12  3.5727493784e+06  1.7334645161e-12
13  2.8699518611e+06  5.6681316507e-13
14  2.2817732080e+06 -6.7252026663e-13
15  1.7762725132e+06 -6.5293574093e-13
16  1.4268985265e+06 -2.8112605049e-13
17  1.1307969990e+06  6.0969807594e-13
18  8.9257319164e+05  3.4160114502e-13
19  7.0714867284e+05 -9.5796748764e-14
20  5.4052319639e+05  2.9544187586e-13
21  4.2868469795e+05 -3.6612458084e-13
22  3.3004918855e+05 -1.5865592648e-13
23  2.6100895207e+05 -2.7913784891e-14
24  2.0959689582e+05 -1.2870338443e-13
25  1.7035862488e+05  6.9532194935e-14
26  1.3781588965e+05 -6.0031189151e-14
27  1.1561823730e+05  1.1245520455e-13
28  9.4635986708e+04  1.0890302530e-13
29  7.9777795262e+04  3.4341010457e-14
30  7.0043157812e+04 -1.1728945623e-14
31  6.6331330729e+04  7.1727626487e-14
