0  5.2363810857e+07  1.2322350479e-11
1  5.3328099336e+07 -5.1430644011e-14
2  3.1883356195e+07  8.1799214100e-12
3  2.4092363297e+07 -6.7354047734e-12
4  1.8424065100e+07  2.0591280946e-12
5  1.4187109533e+07  3.4276454485e-12
6  1.0794902209e+07  9.3642812875e-13
7  8.5134820793e+06 -6.0189453077e-14
8  6.6426957686e+06  1.3937937102e-12
9  5.0963928734e+06 -8.3733184450e-13
10  3.9121028906e+06 -3.2235439670e-12
11  2.9494000195e+06 -2.8105657712e-13
12  2.3684341797e+06 -1.3004226359e-12
13  1.8564191295e+06  1.5394665927e-12
14  1.4435229942e+06 -1.1330264082e-12
15  1.1155834707e+06  4.7469635889e-14
16  8.5410521557e+05  7.1767849415e-13
17  6.5239693561e+05 -6.5608939646e-14
18  5.3030187563e+05  1.7401653130e-13
19  4.1961063976e+05 -2.1358101636e-13
20  3.2868480103e+05 -7.7679995395e-15
21  2.5670099529e+05  7.9874427722e-15
22  1.9727324586e+05  6.0706194383e-14
23  1.5079415348e+05 -4.5645498662e-14
24  1.1690806151e+05 -3.3119380657e-14
25  9.1015691813e+04 -2.4639992735e-14
26  7.0415568457e+04  4.0505805762e-15
27  5.5147167928e+04  3.7961234275e-14
28  4.4804343999e+04 -1.1853054635e-14
29  3.7765052607e+04  2.9644638704e-14
30  3.2276506369e+04  2.3588128594e-14
31  2.9482318438e+04  3.4559312345e-14
