0  5.6840862967e+07 -3.1907865704e-12
1  5.8753182347e+07  2.6026595531e-11
2  3.6949063001e+07 -4.2467600875e-12
3  2.7515725242e+07 -1.3237226088e-11
4  2.1467757587e+07 -3.9701329139e-12
5  1.6738646939e+07 -6.1949930577e-12
6  1.3439494729e+07 -3.0851762212e-12
7  1.0717101083e+07 -1.6007130836e-12
8  8.2968457703e+06  7.1477063585e-12
9  6.5329150820e+06  1.0428932974e-12
10  4.9678285208e+06  1.7438943342e-12
11  3.9742717738e+06 -5.5742472783e-13
12  3.0945163816e+06 -1.4679068026e-12
13  2.4672279839e+06 -6.1594262072e-13
14  1.9971120639e+06  1.7636683668e-13
15  1.6103943926e+06  4.7770888687e-13
16  1.2813278120e+06 -2.8438799174e-15
17  1.0234769849e+06  3.6953988665e-13
18  8.0027328397e+05  2.7187739403e-13
19  6.2772548149e+05  9.8095537969e-15
20  5.0288046820e+05 -7.6278773801e-14
21  3.9637022308e+05  1.9184132077e-13
22  3.2010690951e+05  6.3832041970e-14
23  2.5832747399e+05  5.1173921937e-15
24  2.0670883979e+05  5.5864248390e-14
25  1.6515078978e+05 -1.0130267848e-13
26  1.3042832919e+05  9.4268666645e-14
27  1.0350331537e+05 -1.8562836353e-14
28  8.5225443233e+04 -7.4917148777e-14
29  7.1137892462e+04  5.9617860112e-16
30  6.4233537462e+04 -1.2137933297e-14
31  5.9508739933e+04 -5.2907001573e-15
