0  1.0024511466e+05  0.0000000000e+00
1  1.0240510648e+05  0.0000000000e+00
2  7.7461765788e+04  0.0000000000e+00
3  6.1179128983e+04  0.0000000000e+00
4  4.7720956236e+04  0.0000000000e+00
5  3.7128263508e+04  0.0000000000e+00
6  2.8887890329e+04  0.0000000000e+00
7  2.2459512060e+04  0.0000000000e+00
8  1.7398840881e+04  0.0000000000e+00
9  1.3425768660e+04  0.0000000000e+00
10  1.0330284993e+04  0.0000000000e+00
11  7.9361559505e+03  0.0000000000e+00
12  6.0800474957e+03  0.0000000000e+00
13  4.6425888983e+03  0.0000000000e+00
14  3.5503750938e+03  0.0000000000e+00
15  2.7160385873e+03  0.0000000000e+00
16  2.0742522942e+03  0.0000000000e+00
17  1.5850649137e+03  0.0000000000e+00
18  1.2154401262e+03  0.0000000000e+00
19  9.3679176638e+02  0.0000000000e+00
20  7.2630007315e+02  0.0000000000e+00
21  5.6536325392e+02  0.0000000000e+00
22  4.4096563965e+02  0.0000000000e+00
23  3.4458094461e+02  0.0000000000e+00
24  2.6985443259e+02  0.0000000000e+00
25  2.1166504677e+02  0.0000000000e+00
26  1.6636800220e+02  0.0000000000e+00
27  1.3198200844e+02  0.0000000000e+00
28  1.0670837814e+02  0.0000000000e+00
29  8.8866492975e+01  0.0000000000e+00
30  7.7036586857e+01  0.0000000000e+00
31  7.0573820433e+01  0.0000000000e+00
