0  1.0000593235e+05  0.0000000000e+00
1  1.0230124375e+05  0.0000000000e+00
2  7.7464970066e+04  0.0000000000e+00
3  6.1683483608e+04  0.0000000000e+00
4  4.8925552108e+04  0.0000000000e+00
5  3.8595387112e+04  0.0000000000e+00
6  3.0177076016e+04  0.0000000000e+00
7  2.3484900599e+04  0.0000000000e+00
8  1.8243110797e+04  0.0000000000e+00
9  1.4145088253e+04  0.0000000000e+00
10  1.1000388812e+04  0.0000000000e+00
11  8.5475653125e+03  0.0000000000e+00
12  6.6567248305e+03  0.0000000000e+00
13  5.1909544484e+03  0.0000000000e+00
14  4.0288691531e+03  0.0000000000e+00
15  3.1337280763e+03  0.0000000000e+00
16  2.4489303473e+03  0.0000000000e+00
17  1.9068823809e+03  0.0000000000e+00
18  1.4793477092e+03  0.0000000000e+00
19  1.1478287993e+03  0.0000000000e+00
20  8.9425010120e+02  0.0000000000e+00
21  7.0002103118e+02  0.0000000000e+00
22  5.5081532025e+02  0.0000000000e+00
23  4.3634083176e+02  0.0000000000e+00
24  3.4744327363e+02  0.0000000000e+00
25  2.7824824496e+02  0.0000000000e+00
26  2.2508072308e+02  0.0000000000e+00
27  1.8502352797e+02  0.0000000000e+00
28  1.5479424309e+02  0.0000000000e+00
29  1.3265651288e+02  0.0000000000e+00
30  1.1753174321e+02  0.0000000000e+00
31  1.0867260588e+02  0.0000000000e+00
