0  1.0989286461e+05  0.0000000000e+00
1  1.1243528426e+05  0.0000000000e+00
2  8.6628758236e+04  0.0000000000e+00
3  6.9060238561e+04  0.0000000000e+00
4  5.4505712144e+04  0.0000000000e+00
5  4.2885532922e+04  0.0000000000e+00
6  3.3546433111e+04  0.0000000000e+00
7  2.6262250352e+04  0.0000000000e+00
8  2.0610597973e+04  0.0000000000e+00
9  1.6182024694e+04  0.0000000000e+00
10  1.2737865849e+04  0.0000000000e+00
11  1.0058743223e+04  0.0000000000e+00
12  7.9742151794e+03  0.0000000000e+00
13  6.3327107541e+03  0.0000000000e+00
14  5.0205868449e+03  0.0000000000e+00
15  3.9496058120e+03  0.0000000000e+00
16  3.0831930395e+03  0.0000000000e+00
17  2.4057314314e+03  0.0000000000e+00
18  1.8805660641e+03  0.0000000000e+00
19  1.4654278818e+03  0.0000000000e+00
20  1.1442183532e+03  0.0000000000e+00
21  8.9645591566e+02  0.0000000000e+00
22  6.9454439584e+02  0.0000000000e+00
23  5.2998407451e+02  0.0000000000e+00
24  4.0337109087e+02  0.0000000000e+00
25  3.0895969007e+02  0.0000000000e+00
26  2.3678580699e+02  0.0000000000e+00
27  1.8265964830e+02  0.0000000000e+00
28  1.4335990482e+02  0.0000000000e+00
29  1.1564248436e+02  0.0000000000e+00
30  9.7798423374e+01  0.0000000000e+00
31  8.7877852793e+01  0.0000000000e+00
