0  1.0641892091e+05  0.0000000000e+00
1  1.0845864284e+05  0.0000000000e+00
2  8.3125463610e+04  0.0000000000e+00
3  6.6496380291e+04  0.0000000000e+00
4  5.3010210573e+04  0.0000000000e+00
5  4.2397769631e+04  0.0000000000e+00
6  3.3884952480e+04  0.0000000000e+00
7  2.6998603090e+04  0.0000000000e+00
8  2.1376313135e+04  0.0000000000e+00
9  1.6847093476e+04  0.0000000000e+00
10  1.3273445265e+04  0.0000000000e+00
11  1.0449757712e+04  0.0000000000e+00
12  8.2055733756e+03  0.0000000000e+00
13  6.4631801833e+03  0.0000000000e+00
14  5.1026787224e+03  0.0000000000e+00
15  4.0143695600e+03  0.0000000000e+00
16  3.1478087356e+03  0.0000000000e+00
17  2.4666149057e+03  0.0000000000e+00
18  1.9328456136e+03  0.0000000000e+00
19  1.5200838820e+03  0.0000000000e+00
20  1.1985459595e+03  0.0000000000e+00
21  9.3931559046e+02  0.0000000000e+00
22  7.3194669829e+02  0.0000000000e+00
23  5.7129186462e+02  0.0000000000e+00
24  4.4516192054e+02  0.0000000000e+00
25  3.4542618233e+02  0.0000000000e+00
26  2.6809844083e+02  0.0000000000e+00
27  2.1054734972e+02  0.0000000000e+00
28  1.6811604436e+02  0.0000000000e+00
29  1.3717068786e+02  0.0000000000e+00
30  1.1657053513e+02  0.0000000000e+00
31  1.0493342793e+02  0.0000000000e+00
