0  6.1605896063e+07  2.8496809875e-12
1  6.3650874377e+07  5.9536600809e-12
2  3.9882863907e+07 -9.5180824235e-13
3  3.0036303394e+07 -1.5097165852e-11
4  2.2859619046e+07  4.8534064438e-13
5  1.7729554934e+07 -2.4952934465e-13
6  1.4153583111e+07  2.3297750998e-12
7  1.0829653743e+07 -3.4214796998e-12
8  8.6942546864e+06  3.8704315225e-12
9  6.7167847764e+06  6.4469526001e-13
10  5.2257915398e+06  1.1046464316e-13
11  4.1984898610e+06 -4.4955760317e-13
12  3.2833523339e+06 -1.4428569086e-12
13  2.6680622756e+06  2.2876990032e-13
14  2.0605665119e+06  5.3294678889e-13
15  1.5379037643e+06  5.2830845853e-13
16  1.2096467201e+06  2.1102895329e-13
17  9.5360383735e+05 -8.0481238456e-14
18  7.4502870270e+05 -8.0247054268e-14
19  6.0021327763e+05  9.2321828563e-14
20  4.7472217720e+05 -1.4972738650e-14
21  3.6182896365e+05  3.7799712468e-14
22  2.8303489310e+05 -2.6335544925e-13
23  2.2258215399e+05 -2.2487302552e-14
24  1.7451610945e+05 -1.6038692186e-14
25  1.4046435131e+05  7.7359575549e-14
26  1.0982940799e+05  2.5641791392e-14
27  8.7764565496e+04  6.7631543270e-15
28  7.1860119114e+04  4.5837595105e-14
29  6.1780559939e+04  2.7799241504e-14
30  5.2883469636e+04 -3.9327060659e-15
31  4.9187390207e+04  3.2135397949e-14
