0  9.5687051156e+04  0.0000000000e+00
1  9.8280271475e+04  0.0000000000e+00
2  7.4381049563e+04  0.0000000000e+00
3  5.9184227533e+04  0.0000000000e+00
4  4.6680458636e+04  0.0000000000e+00
5  3.6839500253e+04  0.0000000000e+00
6  2.9083851841e+04  0.0000000000e+00
7  2.2931153642e+04  0.0000000000e+00
8  1.8037933822e+04  0.0000000000e+00
9  1.4156933309e+04  0.0000000000e+00
10  1.1162657751e+04  0.0000000000e+00
11  8.8175511959e+03  0.0000000000e+00
12  6.9666864749e+03  0.0000000000e+00
13  5.5312167244e+03  0.0000000000e+00
14  4.3798465806e+03  0.0000000000e+00
15  3.4607501726e+03  0.0000000000e+00
16  2.7294147254e+03  0.0000000000e+00
17  2.1633732978e+03  0.0000000000e+00
18  1.7210626617e+03  0.0000000000e+00
19  1.3757277472e+03  0.0000000000e+00
20  1.1001657456e+03  0.0000000000e+00
21  8.8021035006e+02  0.0000000000e+00
22  7.0357897008e+02  0.0000000000e+00
23  5.5731630189e+02  0.0000000000e+00
24  4.3791299414e+02  0.0000000000e+00
25  3.4492369179e+02  0.0000000000e+00
26  2.7341933695e+02  0.0000000000e+00
27  2.1958680732e+02  0.0000000000e+00
28  1.7824846910e+02  0.0000000000e+00
29  1.4676885136e+02  0.0000000000e+00
30  1.2506633500e+02  0.0000000000e+00
31  1.1152335439e+02  0.0000000000e+00
