0 -2.2268677719e+01  7.3189914687e-16
1  1.6621116848e+04  6.6875199362e-16
2  1.0827613708e+04  9.9908256107e-16
3  8.4961100871e+03  2.2463459874e-15
4  6.6292443647e+03 -1.0174390356e-15
5  5.1746829744e+03 -1.2742954241e-16
6  4.0343474766e+03 -1.2638760718e-15
7  3.1393500264e+03 -2.7801641502e-15
8  2.4391112837e+03 -1.5447091043e-16
9  1.8943923444e+03  2.5080846739e-16
10  1.4769986355e+03  4.4904583490e-16
11  1.1461982954e+03  1.9377519795e-17
12  8.8912795383e+02  8.7836435187e-16
13  6.8483559232e+02 -5.6279923628e-16
14  5.2794155439e+02  2.2363189173e-16
15  4.0730521166e+02  4.6419671323e-16
16  3.1506151796e+02 -1.5627736701e-16
17  2.4176588722e+02  1.0608732969e-16
18  1.8397856613e+02  1.2892624963e-16
19  1.3898674917e+02  1.3559928106e-16
20  1.0508649983e+02  3.8730581513e-18
21  7.9563028670e+01  3.2603356931e-17
22  6.0336222151e+01  2.1350312468e-17
23  4.5399459695e+01  7.5853918009e-18
24  3.3962656819e+01  4.5359143721e-18
25  2.5435746252e+01  6.9865395072e-18
26  1.8744708527e+01 -5.1312197153e-18
27  1.3651629268e+01 -3.9895251816e-18
28  9.6879025223e+00 -4.3238914375e-18
29  6.6275285535e+00  1.5606582053e-19
30  4.1499498414e+00  1.7671224862e-19
31  1.9586691871e+00 -3.6110073333e-19
