0  1.0835881814e+05  0.0000000000e+00
1  1.0976187524e+05  0.0000000000e+00
2  8.4334836477e+04  0.0000000000e+00
3  6.7374819895e+04  0.0000000000e+00
4  5.3190538882e+04  0.0000000000e+00
5  4.1694985569e+04  0.0000000000e+00
6  3.2558479907e+04  0.0000000000e+00
7  2.5472604050e+04  0.0000000000e+00
8  1.9909696473e+04  0.0000000000e+00
9  1.5625988116e+04  0.0000000000e+00
10  1.2333447772e+04  0.0000000000e+00
11  9.7692002565e+03  0.0000000000e+00
12  7.7671037132e+03  0.0000000000e+00
13  6.1482169308e+03  0.0000000000e+00
14  4.8677781051e+03  0.0000000000e+00
15  3.8472840195e+03  0.0000000000e+00
16  3.0415000665e+03  0.0000000000e+00
17  2.4065624782e+03  0.0000000000e+00
18  1.8894692532e+03  0.0000000000e+00
19  1.4741683533e+03  0.0000000000e+00
20  1.1479962839e+03  0.0000000000e+00
21  8.8908987242e+02  0.0000000000e+00
22  6.9119663939e+02  0.0000000000e+00
23  5.3702308145e+02  0.0000000000e+00
24  4.1610655307e+02  0.0000000000e+00
25  3.2500374098e+02  0.0000000000e+00
26  2.5770671994e+02  0.0000000000e+00
27  2.0680391973e+02  0.0000000000e+00
28  1.6916838714e+02  0.0000000000e+00
29  1.4201676839e+02  0.0000000000e+00
30  1.2433560075e+02  0.0000000000e+00
31  1.1503439984e+02  0.0000000000e+00
