0 -2.5851544501e+02 -6.1000860701e-15
1  1.8168946876e+04 -4.2494118304e-16
2  1.1959215025e+04  1.5787732754e-15
3  9.4944264943e+03  3.6365036603e-15
4  7.4197851753e+03 -8.9707554790e-16
5  5.8295009352e+03 -3.2739614886e-15
6  4.5584822347e+03  1.9104573486e-15
7  3.5760759058e+03 -2.6595563994e-17
8  2.7912742398e+03  3.4449624058e-16
9  2.1908249281e+03 -1.5670215403e-17
10  1.7174444186e+03  7.4522805732e-17
11  1.3398214918e+03  8.1666416912e-16
12  1.0425046854e+03  4.4249149395e-16
13  8.1345652407e+02  3.3634968945e-16
14  6.3450400783e+02 -2.9996401278e-17
15  4.9803166438e+02 -2.8181506133e-16
16  3.8999432626e+02  2.6724567112e-16
17  3.0662552453e+02 -1.6721595049e-16
18  2.4114023490e+02 -1.4780343765e-16
19  1.8924863283e+02 -2.4882598677e-17
20  1.4877542874e+02 -6.2719083975e-17
21  1.1656313070e+02  8.0643465809e-17
22  9.0548452811e+01  7.4617419478e-18
23  7.0249300404e+01 -2.1789922568e-19
24  5.4219179945e+01  1.4851663939e-18
25  4.1637596462e+01  1.4965378112e-17
26  3.1883040716e+01  1.9341997351e-18
27  2.3701599161e+01 -2.8036790554e-18
28  1.7184369392e+01  2.5192348038e-18
29  1.1785641103e+01 -2.6575658720e-20
30  7.2181159868e+00  3.4063165276e-18
31  3.1075862384e+00 -1.0496855799e-18
