0  5.2529675274e+07  4.3158973465e-12
1  5.6108098304e+07  3.4649322383e-11
2  3.3150770525e+07 -5.8224422507e-12
3  2.4079632953e+07 -1.7840700121e-11
4  1.8969723579e+07 -3.1202690695e-12
5  1.4922196258e+07 -3.3046067152e-12
6  1.1619710542e+07 -1.3990684123e-12
7  9.1870987201e+06  6.0410188410e-12
8  7.2669064615e+06  5.2747679268e-13
9  5.7972952020e+06 -6.7286569572e-13
10  4.6067939585e+06  5.2968153661e-13
11  3.6052294141e+06 -1.4441256009e-12
12  2.8307024131e+06 -1.5151081111e-13
13  2.2331342365e+06 -9.1488568879e-13
14  1.7446938059e+06 -1.9886409369e-13
15  1.4047537132e+06  1.0036956490e-13
16  1.1365382758e+06 -4.9728591416e-13
17  9.3001133313e+05 -3.9681770812e-13
18  7.5287421176e+05 -9.9757753564e-13
19  6.1842609739e+05 -3.1474606471e-13
20  4.9455010066e+05  8.5590956707e-14
21  4.0179315887e+05  2.9178804104e-13
22  3.2496663474e+05 -4.6018352922e-14
23  2.6005223143e+05  2.9802704361e-13
24  2.1617358716e+05  5.6354989900e-14
25  1.7455358245e+05 -2.2481296152e-13
26  1.4484661733e+05  1.0479394978e-13
27  1.2046384971e+05  2.1611320510e-15
28  1.0032566452e+05  2.3826850975e-14
29  8.6936532249e+04  2.8057552473e-14
30  7.7257746210e+04 -9.2266602326e-15
31  7.0635802262e+04 -1.0692579252e-14
