0  1.6625510820e+02 -2.6494011097e-15
1  1.8184212435e+04  4.2386841582e-16
2  1.2152759568e+04 -3.4004857646e-16
3  9.7738649144e+03  9.4175526532e-16
4  7.7616420057e+03  2.5485315559e-15
5  6.1671745157e+03 -1.9824170856e-16
6  4.9048326094e+03 -9.4189100235e-16
7  3.8963972354e+03  7.3095046996e-16
8  3.0805550453e+03  7.1360831740e-16
9  2.4392448927e+03  1.4340735783e-15
10  1.9368790289e+03  4.3819491933e-16
11  1.5406627317e+03 -1.0997435330e-15
12  1.2295075576e+03 -4.6851234609e-16
13  9.8060743114e+02  8.8851638585e-16
14  7.8126880098e+02  7.1772410343e-17
15  6.2307577221e+02  5.0784072111e-16
16  4.9825628983e+02 -3.6764265995e-16
17  3.9720766727e+02 -2.4252141467e-16
18  3.1651883220e+02  3.2436014984e-16
19  2.5231144302e+02 -1.2443962198e-16
20  2.0090885288e+02 -1.6875585639e-16
21  1.6022872563e+02 -1.0810681506e-16
22  1.2708516118e+02  7.5719133891e-17
23  1.0028722633e+02 -1.1704936540e-18
24  7.8969610066e+01 -2.4690639836e-17
25  6.1767831630e+01 -6.1660822187e-18
26  4.7974813668e+01  1.8626466268e-17
27  3.6793708393e+01  1.0803905242e-17
28  2.7469937567e+01 -1.5311602829e-17
29  1.9684511656e+01 -1.2242140717e-18
30  1.2978130170e+01 -2.7562452104e-18
31  6.8790549961e+00 -3.3627208006e-19
