0  3.7626928124e+02 -2.9157115505e-15
1  1.7540493511e+04  7.4658466529e-15
2  1.1565496970e+04 -8.9763088388e-16
3  9.1514305056e+03  2.0245701037e-15
4  7.1407366061e+03 -1.1656573076e-15
5  5.5843139485e+03  1.0965533422e-15
6  4.3858574981e+03  2.7657900011e-15
7  3.4396617526e+03  1.0211121940e-15
8  2.7065158263e+03 -9.7483656059e-16
9  2.1276810157e+03  6.0499783538e-16
10  1.6715555641e+03 -2.8047907862e-17
11  1.3168618675e+03 -7.5763020786e-16
12  1.0388672343e+03 -8.0302100944e-16
13  8.1696512240e+02 -1.2433300171e-16
14  6.4543336560e+02 -8.3292984868e-17
15  5.1099825917e+02 -9.8715919591e-17
16  4.0676839565e+02  1.4302045435e-16
17  3.2157688427e+02 -4.0988347834e-17
18  2.5477530344e+02  1.0219336042e-16
19  2.0203562413e+02 -1.3355756108e-16
20  1.5996523663e+02  1.1837497196e-17
21  1.2656568135e+02 -1.4421222971e-16
22  9.9811906646e+01 -7.8377758554e-17
23  7.8325501439e+01 -6.8006422450e-18
24  6.1235404241e+01 -2.0155890134e-17
25  4.7526586680e+01  2.0768718471e-18
26  3.6746827077e+01  6.8425439062e-18
27  2.8138733548e+01 -1.7628873215e-18
28  2.0927486759e+01  3.8261537019e-18
29  1.5082238599e+01  1.2375151359e-18
30  1.0059028283e+01 -3.8847048543e-19
31  5.5842498523e+00  1.5498585352e-18
