0 -1.6316187037e+02  2.9422028236e-15
1  1.8965057831e+04 -3.8928304414e-15
2  1.2423264929e+04  5.7177355036e-15
3  9.7702481540e+03  1.3175820899e-15
4  7.5764906179e+03 -7.6540353509e-16
5  5.8912128922e+03 -2.0207351620e-15
6  4.5795976380e+03 -6.4359193871e-16
7  3.5569326861e+03  9.5554358527e-16
8  2.7694239301e+03 -5.5973578281e-16
9  2.1569574724e+03 -1.4522762104e-15
10  1.6822826994e+03  2.3291786099e-16
11  1.3074930405e+03  6.1954679092e-16
12  1.0171137287e+03 -7.2255107950e-16
13  7.9374903136e+02 -8.7990947231e-17
14  6.1613298963e+02  9.1819218515e-17
15  4.7859139620e+02 -9.3825945446e-17
16  3.7090620300e+02 -3.2881241971e-16
17  2.8757999908e+02 -1.0421882795e-16
18  2.2311873427e+02  2.7880883552e-17
19  1.7344712037e+02 -6.7786140945e-17
20  1.3450490725e+02 -6.4681553435e-17
21  1.0432356725e+02 -9.2629934925e-18
22  8.0978707713e+01  1.4031736046e-17
23  6.2336845368e+01 -5.9717410968e-18
24  4.8050900831e+01 -4.5209324769e-18
25  3.6651480209e+01  1.4280446095e-19
26  2.7668140466e+01 -6.9763751118e-19
27  2.0450057001e+01  1.2139040925e-18
28  1.4785988699e+01  4.7830891740e-19
29  1.0118861321e+01 -2.0762895120e-18
30  6.2711421763e+00  2.8158551540e-19
31  2.8948104087e+00 -7.8467014651e-19
