0  9.3278784832e+04  0.0000000000e+00
1  9.5502218672e+04  0.0000000000e+00
2  7.1118037801e+04  0.0000000000e+00
3  5.5662120833e+04  0.0000000000e+00
4  4.3431552646e+04  0.0000000000e+00
5  3.3843439493e+04  0.0000000000e+00
6  2.6364770068e+04  0.0000000000e+00
7  2.0512329217e+04  0.0000000000e+00
8  1.6017384029e+04  0.0000000000e+00
9  1.2474513639e+04  0.0000000000e+00
10  9.7156484304e+03  0.0000000000e+00
11  7.5816464978e+03  0.0000000000e+00
12  5.9607970980e+03  0.0000000000e+00
13  4.7168877016e+03  0.0000000000e+00
14  3.7562602508e+03  0.0000000000e+00
15  2.9966840271e+03  0.0000000000e+00
16  2.3801278583e+03  0.0000000000e+00
17  1.8763383381e+03  0.0000000000e+00
18  1.4724810821e+03  0.0000000000e+00
19  1.1525998628e+03  0.0000000000e+00
20  9.0280310247e+02  0.0000000000e+00
21  7.1157532895e+02  0.0000000000e+00
22  5.6119921932e+02  0.0000000000e+00
23  4.4410760845e+02  0.0000000000e+00
24  3.5063142643e+02  0.0000000000e+00
25  2.7611293938e+02  0.0000000000e+00
26  2.1727598001e+02  0.0000000000e+00
27  1.7153097818e+02  0.0000000000e+00
28  1.3735577722e+02  0.0000000000e+00
29  1.1262862445e+02  0.0000000000e+00
30  9.5770942114e+01  0.0000000000e+00
31  8.5990764264e+01  0.0000000000e+00
