0 -7.1420572596e+01  4.9457919212e-15
1  1.8998386668e+04 -2.3147784145e-15
2  1.2361003101e+04  3.9033270854e-15
3  9.7056281835e+03 -6.6478427953e-16
4  7.5207235950e+03 -4.2109650050e-16
5  5.8774721988e+03 -2.1806198306e-15
6  4.5705340713e+03  3.6935464588e-16
7  3.5690370889e+03 -7.8259068063e-17
8  2.7858398000e+03  1.2316761143e-15
9  2.1752421533e+03  1.1920199376e-15
10  1.6930341489e+03  9.5136517174e-16
11  1.3174956586e+03 -8.8878658936e-16
12  1.0278801446e+03 -2.7324689955e-16
13  7.9819705248e+02  3.3195920005e-16
14  6.2465663543e+02 -1.6548059174e-16
15  4.8941283893e+02 -1.5077419395e-16
16  3.8274281238e+02 -2.7182208426e-16
17  3.0012000491e+02 -8.9645308456e-17
18  2.3494522606e+02 -9.2128173783e-17
19  1.8316683795e+02  4.0279169499e-17
20  1.4299308163e+02  2.0859562755e-17
21  1.1176599677e+02 -9.0416796652e-17
22  8.7170339865e+01 -6.8652020375e-17
23  6.7616012429e+01  3.1579029400e-17
24  5.2324337753e+01  6.5092893810e-18
25  4.0224752947e+01  7.1625106020e-18
26  3.0690821929e+01  1.0850703813e-17
27  2.2909004397e+01  4.4648694837e-18
28  1.6596432222e+01 -5.4347751478e-18
29  1.1493776722e+01  3.9688258139e-18
30  7.1761592551e+00  1.0384623933e-18
31  3.2784031171e+00 -1.5011541408e-18
