0  9.5547418482e+04  0.0000000000e+00
1  9.7655491091e+04  0.0000000000e+00
2  7.2788231211e+04  0.0000000000e+00
3  5.6822191016e+04  0.0000000000e+00
4  4.3994359595e+04  0.0000000000e+00
5  3.3985201928e+04  0.0000000000e+00
6  2.6285531288e+04  0.0000000000e+00
7  2.0313890169e+04  0.0000000000e+00
8  1.5678737411e+04  0.0000000000e+00
9  1.2087943223e+04  0.0000000000e+00
10  9.3289893327e+03  0.0000000000e+00
11  7.2272148587e+03  0.0000000000e+00
12  5.6347561104e+03  0.0000000000e+00
13  4.4287247595e+03  0.0000000000e+00
14  3.4901854292e+03  0.0000000000e+00
15  2.7576508394e+03  0.0000000000e+00
16  2.1791297073e+03  0.0000000000e+00
17  1.7175439010e+03  0.0000000000e+00
18  1.3602252781e+03  0.0000000000e+00
19  1.0813387712e+03  0.0000000000e+00
20  8.6101432239e+02  0.0000000000e+00
21  6.8445809741e+02  0.0000000000e+00
22  5.4336358850e+02  0.0000000000e+00
23  4.3323229676e+02  0.0000000000e+00
24  3.4657649548e+02  0.0000000000e+00
25  2.7781549410e+02  0.0000000000e+00
26  2.2387827882e+02  0.0000000000e+00
27  1.8310577539e+02  0.0000000000e+00
28  1.5263483601e+02  0.0000000000e+00
29  1.3005982492e+02  0.0000000000e+00
30  1.1421515179e+02  0.0000000000e+00
31  1.0509415393e+02  0.0000000000e+00
