0 -2.4604149113e+02 -2.9313999772e-15
1  1.5359204215e+04  1.0973905814e-15
2  1.0009011617e+04  3.6385123989e-15
3  7.8968624085e+03  3.5852681196e-17
4  6.2018636862e+03  3.5252789169e-15
5  4.8873849699e+03 -1.2166029513e-15
6  3.8676965238e+03 -5.3640643080e-16
7  3.0766300517e+03  1.3075107623e-15
8  2.4527955317e+03 -2.2609871637e-15
9  1.9490727161e+03  1.1984752815e-15
10  1.5529336673e+03  1.3785102286e-15
11  1.2383195167e+03 -5.5686317645e-16
12  9.8259188238e+02  6.2811797025e-16
13  7.8374703789e+02  4.7794786961e-16
14  6.2289509245e+02  1.3013316570e-16
15  4.9650307597e+02  7.7838590320e-16
16  3.9402207728e+02  1.0145908873e-16
17  3.1288215314e+02  1.9747196737e-17
18  2.4687074487e+02 -9.7512126954e-17
19  1.9376515240e+02 -8.4347964404e-17
20  1.5340562445e+02  8.0843153827e-17
21  1.1998776332e+02  7.1005713177e-18
22  9.4168410179e+01  3.2631944293e-19
23  7.3574312217e+01 -5.9738639731e-17
24  5.7210434330e+01 -1.5068054387e-17
25  4.4295020640e+01  2.1673508477e-17
26  3.4035938766e+01 -3.0068610836e-18
27  2.5873026181e+01 -3.6386417832e-18
28  1.9166525508e+01 -5.2573746849e-18
29  1.3615269003e+01 -9.8456992206e-19
30  8.8109859452e+00 -1.3640406824e-18
31  4.5285572428e+00  1.6570082031e-19
