0  5.7239380376e+07  2.4130873775e-12
1  6.0535683938e+07 -2.5591272406e-12
2  3.8225625876e+07 -6.6413304578e-12
3  2.8426589697e+07  2.5960519673e-11
4  2.2309476513e+07  7.3659275772e-13
5  1.6945597687e+07 -1.3808444213e-12
6  1.3143572106e+07  6.5980762635e-13
7  1.0388237042e+07 -2.7876469122e-12
8  8.0694850135e+06  6.9513899856e-13
9  6.3592549504e+06  3.9075816140e-12
10  4.9539624278e+06  4.5242438569e-14
11  3.8561439715e+06 -5.8504311126e-13
12  3.0382059818e+06 -8.8786936095e-13
13  2.4011156081e+06 -2.0103132058e-16
14  1.8928055366e+06 -2.7094278134e-15
15  1.4873051686e+06 -6.3131663776e-13
16  1.1594842344e+06  1.0768838928e-12
17  9.3060563372e+05 -2.5915153887e-13
18  7.2642429569e+05  5.3723978685e-13
19  5.6399519318e+05  9.9359898719e-14
20  4.4203788302e+05  2.3973343169e-13
21  3.5261097792e+05  7.9781477675e-14
22  2.8181592813e+05  2.8739447012e-14
23  2.2344217038e+05  3.4008303692e-14
24  1.7633579261e+05  1.3569172170e-13
25  1.3737406485e+05  1.3784793761e-13
26  1.1002611956e+05 -3.5336156226e-14
27  8.7730423199e+04  1.5784354529e-14
28  7.0698224815e+04 -3.1424338747e-14
29  5.8030421370e+04  2.3437883644e-14
30  5.0843946881e+04 -2.7802361408e-14
31  4.6685124446e+04 -9.2162280094e-16
