0  5.0602680405e+07 -1.4075747410e-11
1  5.6892899003e+07  1.9181915736e-11
2  3.3024325750e+07 -1.1836961185e-11
3  2.4783671955e+07 -4.5702211337e-12
4  1.9294565344e+07 -1.0681732257e-11
5  1.4711482153e+07 -3.5183144114e-12
6  1.1407536127e+07 -2.0885781485e-12
7  8.9226131702e+06 -3.0539248219e-12
8  7.0054700749e+06 -2.5947678371e-12
9  5.6433043197e+06 -4.2886359630e-12
10  4.4402607439e+06  1.6078903828e-12
11  3.4705435610e+06  2.0405183197e-12
12  2.6880226480e+06 -1.5733255354e-12
13  2.0820439958e+06 -1.5761872616e-13
14  1.6099326360e+06 -5.9944384579e-13
15  1.2430250895e+06 -1.3564322033e-13
16  9.6367305350e+05  3.7448483925e-13
17  7.5208230842e+05 -3.8470495747e-13
18  5.9645074152e+05 -1.4326086794e-13
19  4.6330477061e+05 -4.3162951014e-14
20  3.7311957940e+05 -7.3903065528e-14
21  2.9874935642e+05 -7.7999040925e-15
22  2.3574363971e+05 -1.5019746322e-13
23  1.8664308371e+05  5.7650292209e-15
24  1.4718168445e+05 -1.1101495522e-14
25  1.1643590225e+05  9.6414330854e-15
26  9.3526819985e+04  4.7554294410e-14
27  7.5439293505e+04  4.6848225293e-15
28  6.3405702163e+04 -3.3122946209e-14
29  5.4415473357e+04 -6.5628933002e-15
30  4.7473930203e+04  8.7351092984e-15
31  4.3402636476e+04 -5.6156373814e-15
