0  9.6251554179e+04  0.0000000000e+00
1  9.8725772851e+04  0.0000000000e+00
2  7.4225478035e+04  0.0000000000e+00
3  5.8481687197e+04  0.0000000000e+00
4  4.5688339931e+04  0.0000000000e+00
5  3.5778332374e+04  0.0000000000e+00
6  2.7899440356e+04  0.0000000000e+00
7  2.1683564494e+04  0.0000000000e+00
8  1.6868691127e+04  0.0000000000e+00
9  1.3094734106e+04  0.0000000000e+00
10  1.0115984473e+04  0.0000000000e+00
11  7.8059754021e+03  0.0000000000e+00
12  6.0125521336e+03  0.0000000000e+00
13  4.6148291991e+03  0.0000000000e+00
14  3.5245531384e+03  0.0000000000e+00
15  2.6705313854e+03  0.0000000000e+00
16  2.0077118513e+03  0.0000000000e+00
17  1.5087233180e+03  0.0000000000e+00
18  1.1301610670e+03  0.0000000000e+00
19  8.4646357817e+02  0.0000000000e+00
20  6.3820221803e+02  0.0000000000e+00
21  4.8495325803e+02  0.0000000000e+00
22  3.7079676453e+02  0.0000000000e+00
23  2.8495807947e+02  0.0000000000e+00
24  2.1887750410e+02  0.0000000000e+00
25  1.6864467702e+02  0.0000000000e+00
26  1.3061057196e+02  0.0000000000e+00
27  1.0178514174e+02  0.0000000000e+00
28  8.0553675867e+01  0.0000000000e+00
29  6.5710738539e+01  0.0000000000e+00
30  5.5841954487e+01  0.0000000000e+00
31  5.0634936505e+01  0.0000000000e+00
