0  5.8597142553e+07 -2.0548023558e-11
1  5.9319283900e+07  9.9967144567e-12
2  3.5848587775e+07  6.3270420268e-12
3  2.7347931764e+07  2.1099940523e-11
4  2.1152481799e+07 -5.7063967322e-12
5  1.6730553763e+07 -5.0175814607e-12
6  1.2902177018e+07  2.4318965613e-13
7  9.9394789252e+06 -8.1889182712e-14
8  7.6677965669e+06 -4.6837902035e-13
9  6.0102835082e+06 -8.7702975420e-13
10  4.6966758488e+06  3.4433969157e-13
11  3.6349153102e+06 -3.5889284719e-13
12  2.8592377061e+06  9.0623157033e-14
13  2.2717531919e+06  2.5247153218e-12
14  1.8281827165e+06  2.2759733158e-13
15  1.4677615393e+06  6.4595254839e-13
16  1.1238988523e+06 -3.7415261132e-13
17  9.1313205705e+05 -1.9237002959e-13
18  7.3169238324e+05 -3.1020836983e-13
19  5.8225714886e+05  1.4346127721e-13
20  4.6967294467e+05 -1.1835369733e-13
21  3.6704797514e+05  2.4560606178e-13
22  2.8773305473e+05  6.5049893567e-14
23  2.3970040010e+05  4.4218727777e-14
24  1.9043015181e+05 -1.3113628874e-13
25  1.4862953279e+05  1.4844163054e-13
26  1.2067280179e+05 -1.2095865403e-13
27  9.9553336850e+04  5.4178237223e-15
28  8.3554724105e+04  1.2981065665e-14
29  7.2699017529e+04  5.5909033298e-14
30  6.5108312978e+04  4.4773071235e-15
31  6.1770881449e+04  1.3655087871e-14
