0  9.8980631203e+04  0.0000000000e+00
1  1.0158561676e+05  0.0000000000e+00
2  7.6762168420e+04  0.0000000000e+00
3  6.0572465298e+04  0.0000000000e+00
4  4.7311309042e+04  0.0000000000e+00
5  3.6826867321e+04  0.0000000000e+00
6  2.8722166905e+04  0.0000000000e+00
7  2.2465280499e+04  0.0000000000e+00
8  1.7520722837e+04  0.0000000000e+00
9  1.3579571379e+04  0.0000000000e+00
10  1.0457698418e+04  0.0000000000e+00
11  8.0394833506e+03  0.0000000000e+00
12  6.2312883101e+03  0.0000000000e+00
13  4.8441110480e+03  0.0000000000e+00
14  3.7463734748e+03  0.0000000000e+00
15  2.8900522569e+03  0.0000000000e+00
16  2.2271614281e+03  0.0000000000e+00
17  1.7199223456e+03  0.0000000000e+00
18  1.3395908065e+03  0.0000000000e+00
19  1.0484378484e+03  0.0000000000e+00
20  8.1854090384e+02  0.0000000000e+00
21  6.3695731100e+02  0.0000000000e+00
22  4.9372570988e+02  0.0000000000e+00
23  3.8013819235e+02  0.0000000000e+00
24  2.9202949960e+02  0.0000000000e+00
25  2.2508212186e+02  0.0000000000e+00
26  1.7471571057e+02  0.0000000000e+00
27  1.3686490367e+02  0.0000000000e+00
28  1.0821738356e+02  0.0000000000e+00
29  8.7485444284e+01  0.0000000000e+00
30  7.4049973088e+01  0.0000000000e+00
31  6.6659746309e+01  0.0000000000e+00
