0  4.8108595981e+07  8.0232039322e-12
1  4.9391874286e+07 -1.1622967143e-11
2  2.8566561923e+07  1.4388647029e-11
3  2.0964180006e+07 -2.0185128018e-11
4  1.6194883853e+07 -8.0083757749e-13
5  1.2707607728e+07 -6.4600693705e-12
6  9.7216593877e+06  4.2177797068e-12
7  7.7970959445e+06 -9.2411723343e-13
8  6.0855294699e+06 -2.0207727162e-12
9  4.9830768487e+06 -3.2914487701e-12
10  3.8133046267e+06 -1.8438099794e-12
11  3.0187181956e+06  7.9997151660e-13
12  2.3766809388e+06  1.2289852794e-12
13  1.8676876831e+06 -3.5599106735e-13
14  1.4628939035e+06 -1.7144407875e-13
15  1.1324606190e+06  4.9738738967e-13
16  8.8600741855e+05 -1.5637728147e-13
17  6.7853858649e+05  6.6170882114e-14
18  5.3103671426e+05 -4.8566656344e-13
19  4.1341798097e+05 -3.5534237124e-14
20  3.1316028080e+05  2.8353492015e-13
21  2.3628475973e+05  2.3359295716e-14
22  1.8669452620e+05 -5.1435069132e-14
23  1.4149913312e+05  3.3332722923e-14
24  1.1282422782e+05 -3.4910192369e-14
25  8.5173191243e+04  5.3638616235e-14
26  6.6396659963e+04 -2.0530434173e-15
27  5.4402125649e+04  7.7008903879e-15
28  4.5037764686e+04 -3.1094948168e-15
29  3.8015661177e+04 -7.8645422761e-15
30  3.3202556651e+04 -5.3085211945e-15
31  2.9796126740e+04 -1.1187142672e-14
