0  4.7537009677e+07 -8.3373112638e-12
1  4.8923757271e+07  4.8110522727e-12
2  2.8357892304e+07 -6.6670673704e-12
3  2.0438646359e+07  1.0345970086e-12
4  1.4852263014e+07  1.0269466118e-11
5  1.0967591359e+07  9.7688583127e-12
6  8.2841912353e+06  3.1000794154e-12
7  6.2546076012e+06 -3.0241939428e-14
8  4.8225789876e+06 -2.2087823380e-12
9  3.7475908765e+06  9.6347394787e-13
10  2.8044672101e+06  2.7141078567e-13
11  2.1210151579e+06 -3.3848476959e-13
12  1.6709564905e+06  1.1061885893e-12
13  1.2632692130e+06 -1.1019116684e-12
14  9.4133872465e+05  3.3319031170e-13
15  7.1792178608e+05 -2.9978905746e-14
16  5.2830397890e+05 -2.5915634053e-13
17  4.1468693072e+05 -1.9425057010e-13
18  3.1456068442e+05 -1.9299595573e-13
19  2.3516918868e+05  3.7977031427e-14
20  1.7960276204e+05 -1.0501004337e-13
21  1.3462116700e+05 -6.0104290882e-14
22  1.0083168956e+05  4.5702269076e-14
23  7.7068144509e+04  3.8777773797e-15
24  5.8143056093e+04  2.3983754321e-14
25  4.4313476036e+04  2.1940620895e-14
26  3.4280702616e+04  7.2253847964e-15
27  2.6634915167e+04 -1.2441029578e-14
28  2.0734613810e+04 -9.6266256921e-15
29  1.6753589197e+04  7.4450827205e-15
30  1.4303798083e+04  2.3776637692e-15
31  1.2665458041e+04 -1.8083920622e-15
