0 -3.1618374741e+02 -3.6906654880e-15
1  1.6893284322e+04 -3.2963445460e-15
2  1.0950169140e+04  4.3336670447e-15
3  8.5514370581e+03  2.5614020098e-15
4  6.6232011589e+03  7.4644122026e-16
5  5.1221031591e+03 -3.1833979964e-15
6  3.9724203944e+03 -6.2149549609e-16
7  3.0567474057e+03  2.4073671625e-16
8  2.3558562187e+03 -8.4477126341e-16
9  1.8111182560e+03 -3.6114054387e-16
10  1.3926450181e+03 -5.0441468460e-16
11  1.0697595655e+03  6.8310623746e-16
12  8.1669725659e+02 -1.4506455661e-16
13  6.2880135532e+02  2.9258212064e-16
14  4.8357213491e+02  3.1100900477e-16
15  3.7216240661e+02  1.8532847952e-16
16  2.8589027993e+02  7.0886281532e-17
17  2.1907200146e+02 -7.7398482588e-17
18  1.6733590016e+02 -5.8254849766e-17
19  1.2796792079e+02  9.6106158140e-17
20  9.7535041212e+01 -2.1293349503e-17
21  7.4516202187e+01  1.6107707921e-17
22  5.6616922350e+01 -1.8721969233e-17
23  4.3033203879e+01 -5.8216574465e-18
24  3.2506800185e+01  3.8338828775e-18
25  2.4405358874e+01  6.4247449049e-19
26  1.8184647714e+01 -5.3773357261e-18
27  1.3409519107e+01  6.3019251276e-19
28  9.6026718028e+00  1.4160273296e-18
29  6.5695634692e+00 -9.1161920948e-20
30  3.9675468243e+00  7.2410729078e-19
31  1.6856198418e+00 -6.8916718171e-19
