0  5.2137869345e+07  1.1685000953e-11
1  5.4816827352e+07 -6.9687189693e-11
2  3.3719097414e+07 -2.6666679973e-11
3  2.4745191287e+07  8.3438108439e-12
4  1.8826354215e+07 -9.6269707049e-12
5  1.4459614853e+07 -2.9781103418e-12
6  1.1004975678e+07 -1.4643415433e-12
7  8.6633615335e+06 -1.1511650529e-12
8  6.8894850296e+06 -3.1192853700e-12
9  5.3864260954e+06  1.7551343649e-13
10  4.2768437101e+06  2.7927455206e-12
11  3.3279224879e+06  1.0386663263e-12
12  2.6225174019e+06  1.4000239661e-12
13  2.1565580931e+06  6.8237348238e-13
14  1.7432163584e+06  8.2231519564e-13
15  1.4249024488e+06 -4.6915863704e-13
16  1.1435964818e+06 -3.2798429635e-14
17  9.3687354737e+05 -6.4555344877e-13
18  7.5270102567e+05  2.6375711339e-13
19  6.0650639600e+05 -1.1809023200e-13
20  4.7653453155e+05 -2.2395700222e-13
21  3.6685409028e+05 -4.1670845019e-13
22  2.8744646340e+05  8.0968243460e-14
23  2.2570516893e+05  8.8935682395e-14
24  1.7582714672e+05  2.6563995126e-14
25  1.3453217066e+05 -1.1927179628e-14
26  1.0873015470e+05 -3.8135435021e-14
27  8.7574177467e+04  2.7743116148e-14
28  7.0073050947e+04 -1.8148159541e-14
29  5.8779870116e+04 -3.0316116379e-14
30  5.1350259224e+04 -2.3427158491e-14
31  4.7290539744e+04 -1.6412749572e-14
