0  5.0632347223e+07  1.3805130560e-11
1  5.2737252320e+07 -9.5319763298e-12
2  3.0774671825e+07  5.6414446535e-12
3  2.3672050813e+07  4.6939668811e-12
4  1.8738246969e+07 -5.2616375570e-12
5  1.4316927157e+07 -1.2640258450e-11
6  1.1081183813e+07 -6.7717668542e-12
7  8.6671944055e+06 -2.4632865742e-12
8  6.9600411692e+06 -2.7498743022e-12
9  5.5277289592e+06  5.1017729763e-12
10  4.3952224598e+06  9.9995654896e-13
11  3.5274697824e+06 -1.5926279696e-12
12  2.7525876511e+06  2.2546340414e-13
13  2.1430660591e+06 -2.2891722072e-13
14  1.7317210352e+06  7.4230310534e-13
15  1.3615135679e+06  3.3949332426e-13
16  1.0587162426e+06  3.2714370625e-13
17  8.5470079784e+05  5.2573077280e-14
18  6.8576346788e+05  1.3889078300e-13
19  5.2389886733e+05  8.5737340849e-14
20  4.0697677137e+05 -4.7552779469e-14
21  3.1470897177e+05  2.4414970124e-13
22  2.5479473054e+05 -1.1820172800e-13
23  2.0701047067e+05  9.7199267340e-14
24  1.6269686524e+05 -1.0052974514e-13
25  1.2721485248e+05 -3.7847478626e-14
26  1.0051491247e+05 -1.2243291821e-15
27  8.0673557472e+04 -1.4783778309e-14
28  6.5899548055e+04 -2.0571199933e-15
29  5.4395140982e+04  1.1957479544e-14
30  4.6159704313e+04 -2.6708753599e-14
31  4.1432351795e+04 -7.6008679184e-15
