0  5.5197376278e+07  1.3181252067e-11
1  5.8509687586e+07 -7.0441654251e-12
2  3.5074307714e+07  2.7095633790e-11
3  2.6132363642e+07 -1.7182924082e-11
4  2.0216420958e+07  1.7424486862e-11
5  1.5748324719e+07 -2.1155469521e-13
6  1.2398867682e+07  4.1482014631e-12
7  9.7625192817e+06  2.3688801084e-12
8  7.7218705236e+06 -1.1732801526e-13
9  6.1608630910e+06 -1.0993075668e-12
10  4.9648000263e+06 -1.4303479113e-12
11  3.9916649710e+06 -2.3103857410e-12
12  3.1483348404e+06  1.0387579231e-12
13  2.4886542415e+06 -1.1637676165e-12
14  1.9228442395e+06 -9.5342070382e-13
15  1.4786595891e+06  7.8388353264e-13
16  1.1445502606e+06 -2.5348765405e-13
17  9.2098730376e+05  4.5858233693e-13
18  7.1956552129e+05 -5.3477308992e-14
19  5.6696291363e+05  6.8648328009e-14
20  4.4732243802e+05  2.1288723306e-13
21  3.5803960841e+05 -1.1011257137e-13
22  2.9026887403e+05  1.3403195806e-13
23  2.3283907805e+05 -1.3802683654e-13
24  1.8330134831e+05 -4.3796219762e-14
25  1.4236112479e+05 -3.0699786569e-14
26  1.1655599691e+05 -4.4465691274e-14
27  9.7378694880e+04  7.1125820285e-14
28  7.9724142628e+04  3.0298866115e-14
29  6.7643307744e+04 -8.4773319717e-15
30  6.0194292101e+04 -4.2783703252e-15
31  5.4944516539e+04  2.3846639941e-14
