0  8.5569417074e+01  1.7918300138e-15
1  1.8993960384e+04  2.9188303523e-15
2  1.2546438814e+04  1.9682396599e-15
3  9.9419583352e+03  2.9597266647e-15
4  7.7723224814e+03  3.3914701576e-15
5  6.0909780027e+03  4.3042148621e-16
6  4.7682325557e+03  6.3789426571e-16
7  3.7271238711e+03 -1.8524784198e-15
8  2.9163334800e+03 -8.0956550362e-16
9  2.2738465884e+03 -1.8712784220e-15
10  1.7728035416e+03 -1.0300784612e-15
11  1.3809445035e+03  4.1041901492e-16
12  1.0717129247e+03  1.1236476498e-15
13  8.2409196140e+02 -6.5766147360e-16
14  6.3868641073e+02 -6.0800977866e-17
15  4.9347412522e+02  5.0199381149e-16
16  3.8028543382e+02 -2.0233585554e-16
17  2.9351242893e+02 -2.0440937896e-16
18  2.2540699421e+02  3.1389294020e-17
19  1.7298149939e+02  7.4530217271e-17
20  1.3316526677e+02  1.6583316920e-17
21  1.0233815240e+02 -1.9638247124e-17
22  7.8514777142e+01 -6.2151148384e-17
23  6.0658228576e+01 -3.6172290550e-17
24  4.6543441519e+01  7.3349082765e-18
25  3.5682999589e+01  7.5845447680e-18
26  2.7062570979e+01 -4.0720579544e-18
27  2.0127069339e+01 -1.3785461217e-19
28  1.4580901740e+01  2.1867214325e-18
29  1.0127083351e+01 -1.2754198603e-18
30  6.3637192060e+00 -6.9488465410e-19
31  2.9967630640e+00 -1.4801900753e-19
