0  9.3395025429e+04  0.0000000000e+00
1  9.5063413706e+04  0.0000000000e+00
2  7.0077021504e+04  0.0000000000e+00
3  5.4407284231e+04  0.0000000000e+00
4  4.2033993150e+04  0.0000000000e+00
5  3.2399379550e+04  0.0000000000e+00
6  2.4936090745e+04  0.0000000000e+00
7  1.9188943938e+04  0.0000000000e+00
8  1.4816408110e+04  0.0000000000e+00
9  1.1523987489e+04  0.0000000000e+00
10  9.0548673619e+03  0.0000000000e+00
11  7.1656869731e+03  0.0000000000e+00
12  5.6433211256e+03  0.0000000000e+00
13  4.4187571051e+03  0.0000000000e+00
14  3.4406514159e+03  0.0000000000e+00
15  2.6629732378e+03  0.0000000000e+00
16  2.0522913284e+03  0.0000000000e+00
17  1.5810617229e+03  0.0000000000e+00
18  1.2189059629e+03  0.0000000000e+00
19  9.3911091156e+02  0.0000000000e+00
20  7.2535553780e+02  0.0000000000e+00
21  5.6224962590e+02  0.0000000000e+00
22  4.3615171316e+02  0.0000000000e+00
23  3.3960135023e+02  0.0000000000e+00
24  2.6635592933e+02  0.0000000000e+00
25  2.1131931984e+02  0.0000000000e+00
26  1.6944631264e+02  0.0000000000e+00
27  1.3717606343e+02  0.0000000000e+00
28  1.1272232292e+02  0.0000000000e+00
29  9.4628114217e+01  0.0000000000e+00
30  8.2388901769e+01  0.0000000000e+00
31  7.5482754505e+01  0.0000000000e+00
