0 -1.2387888960e+01  2.3944774386e-16
1  1.7329690780e+04  1.2734950838e-15
2  1.1466187040e+04  2.1221038300e-15
3  9.1245139024e+03  2.6441014363e-15
4  7.2220334906e+03 -6.6383073219e-16
5  5.7509249601e+03  1.2933883938e-15
6  4.5998902182e+03  1.6404245685e-15
7  3.6832095416e+03 -1.5939893753e-15
8  2.9546282443e+03 -7.2190500512e-18
9  2.3731620393e+03  4.0007674264e-16
10  1.9195526872e+03 -9.6370072431e-16
11  1.5542882408e+03  2.3732740863e-16
12  1.2630879894e+03 -1.1709332641e-15
13  1.0248919392e+03 -2.4685303528e-16
14  8.3694004009e+02 -2.0881140919e-16
15  6.8887092692e+02 -5.1553236260e-16
16  5.6487950284e+02  1.3336078474e-16
17  4.6536545219e+02 -3.8519225617e-16
18  3.8185707814e+02 -4.3695041617e-17
19  3.1196384861e+02 -3.3508009294e-16
20  2.5520560911e+02  2.8839777788e-17
21  2.0828432631e+02  1.0714755025e-17
22  1.7000843805e+02  6.9242296460e-17
23  1.3701963109e+02 -3.4514475018e-18
24  1.1060852019e+02  1.8943891865e-18
25  8.8994885175e+01  3.2998074284e-17
26  7.0465240975e+01 -1.7486677559e-17
27  5.5093395755e+01  1.2417926523e-17
28  4.1905516990e+01  3.5067164016e-18
29  2.9988277342e+01 -1.5916596112e-17
30  1.9895441720e+01 -3.0239076217e-19
31  1.0646017510e+01 -1.5964982869e-18
