0  4.6433790302e+07 -1.5361519733e-11
1  5.1678985787e+07  3.3277597135e-11
2  3.0630635517e+07 -1.5370680776e-11
3  2.3458889334e+07  5.9880012678e-12
4  1.8048700819e+07 -3.6625431058e-12
5  1.3796758653e+07  9.5208915440e-13
6  1.0926995483e+07  1.2083025765e-12
7  8.6217613826e+06  6.0620911500e-12
8  6.7426016166e+06  5.5838384059e-13
9  5.4634682421e+06 -1.4565708847e-12
10  4.3475903722e+06  2.8509423007e-12
11  3.6110301322e+06  3.7417296615e-13
12  2.9954142361e+06  1.6992782180e-12
13  2.4182172541e+06 -5.6363312529e-13
14  1.9500500268e+06  4.3747809827e-14
15  1.5938841249e+06 -1.6307542880e-12
16  1.2772600360e+06 -2.4281958413e-13
17  1.0414932249e+06 -2.5010479281e-13
18  8.2815951789e+05  7.6961564991e-14
19  6.7092583863e+05 -3.7303703009e-13
20  5.4163517013e+05 -1.5615632244e-13
21  4.3635949188e+05  1.1911871707e-13
22  3.6007213809e+05  1.4294152227e-13
23  2.9398994445e+05  1.2797265219e-13
24  2.4183754184e+05 -3.6625774093e-14
25  1.9817916669e+05 -1.1376168352e-13
26  1.6450264208e+05  5.5149190623e-14
27  1.3869931788e+05 -9.2909587174e-14
28  1.1934141011e+05 -9.7548208771e-15
29  1.0656355464e+05 -3.4466526592e-15
30  9.6520491260e+04 -3.5256241864e-14
31  9.0002413812e+04  7.2675761907e-15
