0  1.0490583442e+05  0.0000000000e+00
1  1.0615422295e+05  0.0000000000e+00
2  8.0378540141e+04  0.0000000000e+00
3  6.3408576697e+04  0.0000000000e+00
4  4.9491162616e+04  0.0000000000e+00
5  3.8573917811e+04  0.0000000000e+00
6  3.0007656481e+04  0.0000000000e+00
7  2.3273101558e+04  0.0000000000e+00
8  1.8036137274e+04  0.0000000000e+00
9  1.4002295657e+04  0.0000000000e+00
10  1.0862231191e+04  0.0000000000e+00
11  8.3956258661e+03  0.0000000000e+00
12  6.4466930885e+03  0.0000000000e+00
13  4.9415560192e+03  0.0000000000e+00
14  3.7787265495e+03  0.0000000000e+00
15  2.8935602427e+03  0.0000000000e+00
16  2.2098279430e+03  0.0000000000e+00
17  1.6813050781e+03  0.0000000000e+00
18  1.2806051793e+03  0.0000000000e+00
19  9.8105883057e+02  0.0000000000e+00
20  7.5441593349e+02  0.0000000000e+00
21  5.7818752043e+02  0.0000000000e+00
22  4.4159805582e+02  0.0000000000e+00
23  3.3451042534e+02  0.0000000000e+00
24  2.5354252400e+02  0.0000000000e+00
25  1.9269002243e+02  0.0000000000e+00
26  1.4711558753e+02  0.0000000000e+00
27  1.1304885765e+02  0.0000000000e+00
28  8.8500214376e+01  0.0000000000e+00
29  7.1684962100e+01  0.0000000000e+00
30  6.0543348752e+01  0.0000000000e+00
31  5.3868101177e+01  0.0000000000e+00
