0  1.0216430955e+05  0.0000000000e+00
1  1.0423324692e+05  0.0000000000e+00
2  7.9138462515e+04  0.0000000000e+00
3  6.3153165673e+04  0.0000000000e+00
4  5.0053015645e+04  0.0000000000e+00
5  3.9653217947e+04  0.0000000000e+00
6  3.1410761298e+04  0.0000000000e+00
7  2.4860601376e+04  0.0000000000e+00
8  1.9585218447e+04  0.0000000000e+00
9  1.5306411954e+04  0.0000000000e+00
10  1.1887255401e+04  0.0000000000e+00
11  9.2522165368e+03  0.0000000000e+00
12  7.2620411844e+03  0.0000000000e+00
13  5.7530473434e+03  0.0000000000e+00
14  4.5741827708e+03  0.0000000000e+00
15  3.6274095232e+03  0.0000000000e+00
16  2.8623505022e+03  0.0000000000e+00
17  2.2481738919e+03  0.0000000000e+00
18  1.7641054011e+03  0.0000000000e+00
19  1.3853883223e+03  0.0000000000e+00
20  1.0938430468e+03  0.0000000000e+00
21  8.7459279679e+02  0.0000000000e+00
22  7.0389868442e+02  0.0000000000e+00
23  5.6443663154e+02  0.0000000000e+00
24  4.4956382893e+02  0.0000000000e+00
25  3.5896053385e+02  0.0000000000e+00
26  2.8683078406e+02  0.0000000000e+00
27  2.3132929098e+02  0.0000000000e+00
28  1.9079712946e+02  0.0000000000e+00
29  1.6112416231e+02  0.0000000000e+00
30  1.4101586317e+02  0.0000000000e+00
31  1.2842830739e+02  0.0000000000e+00
