0 -2.5799922992e+02  4.3253953445e-15
1  1.7831912371e+04 -1.6125512553e-15
2  1.1857139860e+04  4.6560299968e-16
3  9.4827077882e+03  1.2622316632e-15
4  7.5004998096e+03 -9.6723518104e-16
5  5.9591315298e+03  1.9416536250e-16
6  4.7250492688e+03  1.7491713170e-15
7  3.7568120394e+03  1.0006135731e-15
8  2.9777289348e+03  1.6084958733e-15
9  2.3545335934e+03 -2.2359552225e-16
10  1.8659181251e+03  6.2773156441e-16
11  1.4879341840e+03  3.9232607353e-16
12  1.1847689724e+03  4.7447103759e-16
13  9.4692520286e+02  8.4301165834e-17
14  7.5598578038e+02 -2.8975599521e-16
15  6.0403009609e+02  3.7113320331e-16
16  4.8471591001e+02  5.1182812871e-17
17  3.8777342641e+02 -1.1807363999e-16
18  3.1180127863e+02  2.4520748849e-16
19  2.5095719757e+02  1.5228551249e-16
20  2.0153901178e+02  4.0937843495e-17
21  1.6181714280e+02 -8.0235195929e-18
22  1.2945482189e+02 -4.3985785676e-17
23  1.0366744241e+02 -9.1340539021e-17
24  8.2451394897e+01  6.6674727839e-18
25  6.4816886082e+01 -1.8581414703e-17
26  5.0290887185e+01 -4.9278259289e-18
27  3.8459991094e+01  1.2112041750e-17
28  2.8253786090e+01  3.7827432633e-18
29  1.9570954553e+01  7.0548315386e-18
30  1.1983234130e+01 -7.2071915900e-19
31  4.8293990874e+00  6.9033185201e-19
