0  7.3628482118e+01  1.8688333555e-15
1  1.8254110813e+04  1.8811348150e-15
2  1.2080015182e+04 -1.9408222622e-15
3  9.7079196249e+03  4.5640735589e-15
4  7.6295049888e+03 -5.2359299283e-16
5  6.0731268818e+03  3.6837462876e-17
6  4.8301129427e+03 -1.0566435320e-15
7  3.8449415783e+03 -4.5181139747e-16
8  3.0598498723e+03  1.4579940005e-15
9  2.4371495846e+03  1.6524672594e-15
10  1.9442406772e+03  9.7659214225e-16
11  1.5462894978e+03  2.4848516189e-16
12  1.2251557788e+03 -1.0012049080e-15
13  9.7256442367e+02 -3.9278505951e-16
14  7.6726172398e+02 -7.6638694035e-17
15  6.0978000619e+02 -5.7474711246e-16
16  4.8541734617e+02 -1.3546724980e-16
17  3.8663902267e+02  4.4620716280e-17
18  3.0734403052e+02 -1.1290483319e-16
19  2.4381244351e+02 -1.8774908792e-17
20  1.9369807639e+02  2.7726829435e-17
21  1.5335278890e+02  1.4193762861e-16
22  1.2112186540e+02  1.0500392161e-16
23  9.5764349433e+01 -1.3222396065e-17
24  7.5377663115e+01  1.8035237271e-17
25  5.9336218061e+01  6.0486622763e-18
26  4.6261570273e+01 -1.7074066634e-18
27  3.5571441274e+01 -2.4271729104e-18
28  2.6484092872e+01  8.8514942988e-18
29  1.8791601081e+01 -7.1116886251e-18
30  1.2063043618e+01 -6.3400416102e-19
31  6.0023647191e+00  1.4130627143e-18
