0  5.6255350602e+07 -3.5406891302e-12
1  5.6397601218e+07  5.3390862948e-11
2  3.4278750155e+07 -1.6059550073e-11
3  2.5770459737e+07 -1.5920124477e-11
4  1.8952483384e+07 -1.0513602030e-11
5  1.4716201175e+07  1.9593592731e-12
6  1.1184940905e+07  2.3201494859e-12
7  8.3742800586e+06  3.3365526974e-12
8  6.3384730805e+06 -3.2807005459e-12
9  4.8547413772e+06 -1.1963456396e-12
10  3.6764445292e+06 -1.4235561541e-13
11  2.7967528261e+06 -1.6389883084e-12
12  2.1161541985e+06  6.0059257399e-14
13  1.6124190794e+06  1.4684916857e-13
14  1.2508066114e+06 -4.2381249514e-13
15  9.4251928783e+05  4.5460763179e-13
16  7.0084734051e+05  1.9650416377e-13
17  5.3024477347e+05 -4.5119972475e-13
18  4.0580307704e+05 -8.6978793360e-14
19  3.0693830648e+05  1.1410659149e-13
20  2.3282675517e+05 -1.7659518966e-13
21  1.8016843611e+05 -1.3611660128e-14
22  1.3584308988e+05  1.8294427765e-15
23  1.0517877302e+05 -5.2611476728e-14
24  8.2535925501e+04 -2.7272312601e-14
25  6.2864655612e+04  4.0764754901e-15
26  4.8501194233e+04  2.1264636912e-14
27  3.7475799521e+04  2.8072341979e-14
28  3.0296917899e+04  5.0793966349e-15
29  2.4261264122e+04 -1.3398364109e-14
30  2.0541719222e+04  6.0652058456e-15
31  1.8890159419e+04 -5.7358834161e-16
