0  9.5954077411e+04  0.0000000000e+00
1  9.8582751873e+04  0.0000000000e+00
2  7.4662835259e+04  0.0000000000e+00
3  5.9901354497e+04  0.0000000000e+00
4  4.7800699352e+04  0.0000000000e+00
5  3.8233810839e+04  0.0000000000e+00
6  3.0787206802e+04  0.0000000000e+00
7  2.4880333057e+04  0.0000000000e+00
8  2.0100752601e+04  0.0000000000e+00
9  1.6171398987e+04  0.0000000000e+00
10  1.2963660436e+04  0.0000000000e+00
11  1.0376985501e+04  0.0000000000e+00
12  8.3057473746e+03  0.0000000000e+00
13  6.6668925065e+03  0.0000000000e+00
14  5.3611546322e+03  0.0000000000e+00
15  4.3214860193e+03  0.0000000000e+00
16  3.4978860125e+03  0.0000000000e+00
17  2.8407037565e+03  0.0000000000e+00
18  2.2931520858e+03  0.0000000000e+00
19  1.8276547752e+03  0.0000000000e+00
20  1.4423449285e+03  0.0000000000e+00
21  1.1302337115e+03  0.0000000000e+00
22  8.8156562579e+02  0.0000000000e+00
23  6.8874497366e+02  0.0000000000e+00
24  5.4276660021e+02  0.0000000000e+00
25  4.3362639920e+02  0.0000000000e+00
26  3.5176027135e+02  0.0000000000e+00
27  2.9064936560e+02  0.0000000000e+00
28  2.4455675983e+02  0.0000000000e+00
29  2.1054249769e+02  0.0000000000e+00
30  1.8831012657e+02  0.0000000000e+00
31  1.7638003169e+02  0.0000000000e+00
