0  3.7212294781e+01 -1.2525920048e-15
1  1.8798527780e+04  5.2167954540e-16
2  1.2380943447e+04  3.3321966978e-15
3  9.7350956553e+03  9.4723400677e-16
4  7.5363362553e+03 -3.0495587440e-15
5  5.8612720936e+03 -3.6455235023e-15
6  4.5547018752e+03  4.3569202167e-15
7  3.5477210411e+03 -1.3356095980e-15
8  2.7568159188e+03 -3.8156923156e-16
9  2.1498985639e+03  1.0939227226e-15
10  1.6706560464e+03 -4.8754687048e-16
11  1.3021968900e+03 -1.3754216289e-16
12  1.0094888056e+03 -6.5341836793e-16
13  7.8462888850e+02  1.6653790062e-16
14  6.0862156661e+02 -2.6715239162e-16
15  4.7171481729e+02  2.7894489019e-17
16  3.6457903467e+02  3.1368509949e-16
17  2.8295467994e+02  4.8788886004e-17
18  2.1911430815e+02  1.0981400996e-16
19  1.6939341257e+02  2.9714127548e-17
20  1.3045876069e+02 -7.0127975286e-17
21  1.0112517628e+02  2.6160083180e-19
22  7.8241734528e+01 -4.3784403593e-17
23  6.0318143453e+01 -2.1138554232e-17
24  4.6428695073e+01 -1.2736622670e-17
25  3.5601526410e+01 -2.8233196319e-18
26  2.7245819305e+01 -3.5578560158e-18
27  2.0440149512e+01  6.1780465590e-20
28  1.4865600251e+01 -8.6291481502e-20
29  1.0194624866e+01 -3.2343953091e-18
30  6.0995100826e+00 -8.6905580388e-19
31  2.4018824453e+00  1.0212040970e-18
