0  9.9750605280e+04  0.0000000000e+00
1  1.0234085682e+05  0.0000000000e+00
2  7.7698583206e+04  0.0000000000e+00
3  6.1729906976e+04  0.0000000000e+00
4  4.8640133083e+04  0.0000000000e+00
5  3.8229874787e+04  0.0000000000e+00
6  2.9973196642e+04  0.0000000000e+00
7  2.3492474590e+04  0.0000000000e+00
8  1.8420709168e+04  0.0000000000e+00
9  1.4440289431e+04  0.0000000000e+00
10  1.1285203906e+04  0.0000000000e+00
11  8.8116625659e+03  0.0000000000e+00
12  6.8762023768e+03  0.0000000000e+00
13  5.3723674656e+03  0.0000000000e+00
14  4.2134397112e+03  0.0000000000e+00
15  3.3089493661e+03  0.0000000000e+00
16  2.5947666795e+03  0.0000000000e+00
17  2.0220797017e+03  0.0000000000e+00
18  1.5649363796e+03  0.0000000000e+00
19  1.2059078115e+03  0.0000000000e+00
20  9.2859637904e+02  0.0000000000e+00
21  7.1855872488e+02  0.0000000000e+00
22  5.5830870282e+02  0.0000000000e+00
23  4.3563196311e+02  0.0000000000e+00
24  3.4075180173e+02  0.0000000000e+00
25  2.6796023288e+02  0.0000000000e+00
26  2.1284241246e+02  0.0000000000e+00
27  1.7084761346e+02  0.0000000000e+00
28  1.3921757962e+02  0.0000000000e+00
29  1.1630108086e+02  0.0000000000e+00
30  1.0043809994e+02  0.0000000000e+00
31  9.1411363628e+01  0.0000000000e+00
