0  5.3555734916e+07 -4.4920750722e-12
1  5.5666568280e+07  3.7768991454e-11
2  3.4258955194e+07  1.1199619248e-11
3  2.6542350655e+07  1.8936068980e-11
4  1.9806497744e+07  1.1137990020e-11
5  1.5231601715e+07  6.9975091885e-12
6  1.1906420559e+07 -2.0050211581e-12
7  9.3287179008e+06  1.2877210744e-12
8  7.1490212298e+06  2.7797088962e-14
9  5.5729807424e+06  1.2113624072e-12
10  4.3227842388e+06  1.0427065528e-12
11  3.4060041399e+06 -1.6895471307e-12
12  2.6526590193e+06  9.0196816972e-14
13  2.0950322534e+06 -4.8871643525e-13
14  1.6488869814e+06 -1.8346775011e-12
15  1.3121554270e+06  1.2045226258e-12
16  9.8433085529e+05  5.1589894045e-13
17  7.6017040670e+05  2.5469719717e-13
18  6.0130017500e+05  4.9066634532e-13
19  4.6931434362e+05  2.3787615005e-13
20  3.5560873791e+05  1.4774834485e-13
21  2.7521526636e+05 -1.9564907601e-13
22  2.1810428296e+05  1.6615555326e-13
23  1.6749001609e+05  3.0112113823e-14
24  1.3044061054e+05 -1.0591403509e-14
25  1.0367582304e+05  4.4520950661e-14
26  8.0461199841e+04 -3.1351905213e-14
27  6.5037527220e+04  9.8257485639e-15
28  5.2744742579e+04  5.3099250060e-16
29  4.4938511364e+04 -1.0417415907e-14
30  4.0209899924e+04  1.0245394994e-15
31  3.7620402579e+04  2.9992041903e-15
