0  4.9199228085e+07  7.4137495087e-13
1  4.6932654564e+07  1.1495015284e-11
2  2.8361690925e+07  3.9605914553e-12
3  2.0870623620e+07 -2.8529434712e-12
4  1.6371810861e+07  8.1284150602e-14
5  1.2682583653e+07  7.3405947567e-12
6  9.7075250754e+06  4.0775114796e-12
7  7.7404648860e+06  1.1210801126e-12
8  5.9557828270e+06 -2.0048479074e-12
9  4.6779576927e+06  3.3196469632e-12
10  3.6172503526e+06  2.1764335833e-12
11  2.8848711389e+06 -2.1719383418e-12
12  2.2112489620e+06  4.5458445540e-13
13  1.7274330772e+06 -4.8732619670e-13
14  1.3724662242e+06 -2.8170261776e-13
15  1.0365585788e+06  5.9419849930e-14
16  8.3287998674e+05 -1.6308514306e-13
17  6.5800408909e+05 -3.9590488829e-14
18  5.0325092691e+05  1.8039673159e-13
19  3.7348598174e+05  1.5492158855e-13
20  2.8749028798e+05  3.3264491547e-14
21  2.2279777024e+05 -4.0947404200e-14
22  1.7732216521e+05 -5.2195697648e-15
23  1.3854192301e+05 -1.3179058481e-14
24  1.1078404477e+05  6.6858117099e-14
25  8.3734102457e+04  6.2983704446e-14
26  6.5594617001e+04  2.4220021048e-14
27  5.0567197927e+04  2.7649047306e-14
28  4.0287186377e+04  9.3277969343e-15
29  3.3848534296e+04 -4.4289037566e-15
30  2.9959599534e+04  7.6425023604e-15
31  2.7981235198e+04  1.1905998544e-14
