0 -2.1064569449e+02 -1.6463038242e-15
1  1.7161280401e+04 -1.3565222062e-15
2  1.1061031997e+04 -2.2125553021e-15
3  8.6511864102e+03 -1.1658887594e-15
4  6.6504361739e+03  9.8213999630e-17
5  5.1463907777e+03  9.8050924612e-16
6  4.0028628422e+03  6.0323801855e-16
7  3.0991207853e+03  7.9162492228e-16
8  2.4069916398e+03  1.1647380651e-16
9  1.8548201167e+03 -8.1312733011e-16
10  1.4348206878e+03 -1.2320742727e-15
11  1.1171648936e+03  7.9372281114e-17
12  8.6721191281e+02  1.7957707287e-16
13  6.8061053879e+02  8.5033108179e-17
14  5.3344584399e+02  1.6152611255e-16
15  4.1888231887e+02 -1.2054803499e-16
16  3.3016385326e+02 -1.8779022196e-16
17  2.6057476481e+02  4.1523460899e-17
18  2.0493084793e+02  2.0276822616e-16
19  1.6073801783e+02 -3.5723614550e-19
20  1.2583635859e+02  2.5413979503e-17
21  9.8437724351e+01  3.7519853794e-17
22  7.6868077333e+01  3.0051729734e-17
23  6.0173605959e+01  6.6975424535e-18
24  4.7062287361e+01 -1.1673172804e-20
25  3.6566332967e+01  4.6122532165e-18
26  2.7967448665e+01 -7.2817304893e-18
27  2.0966707894e+01  5.9315070318e-18
28  1.5218252477e+01 -3.7534147475e-19
29  1.0439209573e+01  2.5367577979e-18
30  6.3337271111e+00  4.2161064950e-19
31  2.5443395067e+00 -8.3422157393e-19
