0  1.2582559598e+01 -9.8059352589e-16
1  1.8922687904e+04 -2.3480880911e-15
2  1.2423273416e+04  1.2211305541e-15
3  9.7680966493e+03  7.8920219630e-16
4  7.5950722958e+03 -3.0640468190e-15
5  5.9166385951e+03 -2.5197803989e-15
6  4.6114575787e+03  1.4203941021e-15
7  3.5940047684e+03 -2.5709492093e-16
8  2.7985813389e+03  6.5398810347e-16
9  2.1705809048e+03  1.0970873436e-15
10  1.6757919704e+03  8.1093997340e-16
11  1.2949398294e+03 -1.7419761956e-17
12  1.0008854673e+03 -3.7819809337e-16
13  7.7539918226e+02 -2.0208983218e-16
14  6.0201582744e+02 -2.1916094743e-16
15  4.6705863801e+02 -1.8817811011e-16
16  3.6091995766e+02 -3.2332581674e-16
17  2.7887602285e+02  7.9010598045e-17
18  2.1474877328e+02  8.7249740463e-17
19  1.6688043373e+02 -2.3804113977e-17
20  1.2920960284e+02 -6.7679917719e-17
21  9.9332318246e+01 -2.3347827916e-17
22  7.6465078748e+01 -5.2344518558e-18
23  5.8633950885e+01  1.4696868668e-17
24  4.4516076327e+01  3.1070439055e-17
25  3.3937526470e+01 -1.3822518908e-18
26  2.5625419595e+01 -4.8367169475e-18
27  1.9040517884e+01 -1.0665203597e-18
28  1.3740049820e+01 -1.4429735652e-18
29  9.4853049360e+00  2.0453198698e-18
30  5.8804343356e+00  5.0080823006e-19
31  2.6530504092e+00  1.3181950242e-20
