0  1.0084959683e+05  0.0000000000e+00
1  1.0316362480e+05  0.0000000000e+00
2  7.8587862934e+04  0.0000000000e+00
3  6.2858259936e+04  0.0000000000e+00
4  5.0103269035e+04  0.0000000000e+00
5  3.9858874748e+04  0.0000000000e+00
6  3.1601974111e+04  0.0000000000e+00
7  2.5045401054e+04  0.0000000000e+00
8  1.9852013005e+04  0.0000000000e+00
9  1.5670239807e+04  0.0000000000e+00
10  1.2258789886e+04  0.0000000000e+00
11  9.5554850142e+03  0.0000000000e+00
12  7.4757091201e+03  0.0000000000e+00
13  5.8707512327e+03  0.0000000000e+00
14  4.6172797966e+03  0.0000000000e+00
15  3.6417301806e+03  0.0000000000e+00
16  2.8709812625e+03  0.0000000000e+00
17  2.2538835845e+03  0.0000000000e+00
18  1.7610761831e+03  0.0000000000e+00
19  1.3729577276e+03  0.0000000000e+00
20  1.0695787211e+03  0.0000000000e+00
21  8.3462350622e+02  0.0000000000e+00
22  6.5575610326e+02  0.0000000000e+00
23  5.1876901672e+02  0.0000000000e+00
24  4.1025999813e+02  0.0000000000e+00
25  3.2434358510e+02  0.0000000000e+00
26  2.5763135475e+02  0.0000000000e+00
27  2.0742344302e+02  0.0000000000e+00
28  1.7137488970e+02  0.0000000000e+00
29  1.4648295815e+02  0.0000000000e+00
30  1.3038337556e+02  0.0000000000e+00
31  1.2049199253e+02  0.0000000000e+00
