0 -3.7047658476e+02 -2.4445587381e-15
1  1.9083524146e+04  1.6770373559e-15
2  1.2511507315e+04  3.4486086709e-15
3  9.9073158834e+03  6.7130545914e-15
4  7.7445947332e+03 -2.5440980796e-15
5  6.0943277690e+03  4.5048483800e-16
6  4.8054235041e+03  1.8075684153e-15
7  3.7856107447e+03 -1.8219538935e-15
8  2.9703204976e+03 -4.8605238673e-16
9  2.3369835963e+03  5.1960987333e-16
10  1.8445458220e+03 -3.9122891440e-16
11  1.4461347488e+03 -9.8381442162e-16
12  1.1385754770e+03  4.5386979341e-16
13  8.8598956812e+02 -6.5456795046e-16
14  6.9202269924e+02  8.2625847161e-16
15  5.3892349346e+02 -4.5426482840e-16
16  4.1870516049e+02 -1.6859661420e-18
17  3.2254119395e+02  2.3383403300e-16
18  2.4947906423e+02  2.3291301702e-17
19  1.9205792563e+02  1.5693357932e-16
20  1.4729163855e+02 -4.2614386395e-17
21  1.1262847412e+02  3.2492713252e-17
22  8.5533528030e+01 -8.6980754562e-18
23  6.4709952513e+01 -1.0237895328e-17
24  4.8839908710e+01  2.9624037653e-17
25  3.6541201042e+01 -1.0446404399e-17
26  2.7162509846e+01 -2.8994467180e-18
27  1.9961996304e+01  2.9228989427e-18
28  1.4400120604e+01 -2.9817677326e-18
29  9.9969025308e+00  7.5597690542e-20
30  6.3285805109e+00  6.3395122146e-20
31  3.1163826669e+00 -1.1297566632e-18
