0  4.9527747264e+07 -3.9225239370e-12
1  5.1293841535e+07  6.7559318287e-12
2  3.0115555363e+07 -5.4646538040e-12
3  2.3622640205e+07  1.8066200089e-11
4  1.7855333890e+07 -7.4237503589e-12
5  1.3872410843e+07  2.8378227059e-12
6  1.0936029906e+07 -4.4844705992e-12
7  8.5520824628e+06 -1.9127000113e-12
8  6.6942318019e+06  2.6600071872e-12
9  5.1391285694e+06  8.4616662696e-13
10  4.0027561097e+06 -2.6316576363e-12
11  3.0750517686e+06 -1.5187134964e-12
12  2.3925365736e+06  6.0112990121e-13
13  1.8472206984e+06  1.0638719307e-12
14  1.4389909362e+06  4.7232315452e-13
15  1.1042621055e+06 -5.0921258266e-13
16  8.3014520670e+05  6.4329173418e-13
17  6.6967245504e+05 -1.6855252747e-13
18  5.1267755770e+05  1.9361139046e-13
19  3.9215166606e+05 -7.2314846749e-14
20  3.0775677761e+05 -1.0704844329e-13
21  2.3308405824e+05 -1.2502797545e-13
22  1.7372177662e+05  3.7149742437e-14
23  1.3802872204e+05  1.1135648027e-13
24  1.0140413197e+05  3.7023397246e-14
25  7.7648834081e+04 -1.2345446958e-14
26  5.9785784011e+04 -2.4577836438e-15
27  4.5824001879e+04 -3.3594714439e-14
28  3.6732865119e+04  1.1913872341e-14
29  3.0527300793e+04 -2.2072752918e-14
30  2.6378928436e+04 -1.0836959621e-14
31  2.3315676957e+04  2.4296082553e-14
