0  1.9314723304e+01 -1.1811700808e-15
1  1.7522809609e+04 -2.4378706188e-15
2  1.1537011200e+04 -1.7867296049e-15
3  9.1963898461e+03  3.5619773605e-15
4  7.2715130013e+03  1.6171177158e-16
5  5.7920035965e+03 -1.2645486160e-15
6  4.6269888856e+03  9.7505901262e-16
7  3.7090627323e+03 -1.1271336139e-15
8  2.9555713579e+03  2.3179024838e-16
9  2.3591918440e+03  1.4898980258e-15
10  1.8914290367e+03  2.0198592241e-15
11  1.5145334775e+03  4.4782261344e-16
12  1.2173826514e+03  1.1926626238e-16
13  9.7883945934e+02 -4.1594129916e-16
14  7.7885361570e+02 -1.7836915094e-16
15  6.1965338094e+02  2.8069779840e-16
16  4.9311857312e+02  4.2922124053e-17
17  3.9060271039e+02 -1.3136369281e-16
18  3.0888566735e+02  1.0220574827e-16
19  2.4402122848e+02  3.3745819088e-17
20  1.9232189046e+02 -1.3509042602e-16
21  1.5210883777e+02  7.8666861487e-17
22  1.1925322922e+02 -1.5316367390e-17
23  9.3158905927e+01  1.2374621964e-17
24  7.2301492511e+01 -1.5906325837e-17
25  5.5778742690e+01 -1.3763650118e-17
26  4.2531201281e+01 -1.9464446551e-17
27  3.2236380423e+01  4.4858335491e-18
28  2.3771220296e+01 -2.7689507046e-18
29  1.6607376600e+01 -1.3935809565e-18
30  1.0352007578e+01 -3.5614029663e-18
31  4.6941371941e+00 -1.0043693172e-18
