0  9.3508495064e+04  0.0000000000e+00
1  9.5281170891e+04  0.0000000000e+00
2  7.0890531360e+04  0.0000000000e+00
3  5.5706900771e+04  0.0000000000e+00
4  4.3600461408e+04  0.0000000000e+00
5  3.4001663997e+04  0.0000000000e+00
6  2.6544229767e+04  0.0000000000e+00
7  2.0651925852e+04  0.0000000000e+00
8  1.6008615793e+04  0.0000000000e+00
9  1.2424168769e+04  0.0000000000e+00
10  9.6729145901e+03  0.0000000000e+00
11  7.5329828496e+03  0.0000000000e+00
12  5.8526458497e+03  0.0000000000e+00
13  4.5136464747e+03  0.0000000000e+00
14  3.4648331345e+03  0.0000000000e+00
15  2.6589236975e+03  0.0000000000e+00
16  2.0426493424e+03  0.0000000000e+00
17  1.5718206771e+03  0.0000000000e+00
18  1.2098698798e+03  0.0000000000e+00
19  9.3069393247e+02  0.0000000000e+00
20  7.1535330047e+02  0.0000000000e+00
21  5.5047778182e+02  0.0000000000e+00
22  4.2330266562e+02  0.0000000000e+00
23  3.2643098466e+02  0.0000000000e+00
24  2.5424242847e+02  0.0000000000e+00
25  1.9968390651e+02  0.0000000000e+00
26  1.5746906450e+02  0.0000000000e+00
27  1.2469373797e+02  0.0000000000e+00
28  1.0023371628e+02  0.0000000000e+00
29  8.2719826774e+01  0.0000000000e+00
30  7.0969937901e+01  0.0000000000e+00
31  6.4120426387e+01  0.0000000000e+00
