0  9.4788269337e+04  0.0000000000e+00
1  9.8936620410e+04  0.0000000000e+00
2  7.6226381946e+04  0.0000000000e+00
3  6.2107863598e+04  0.0000000000e+00
4  5.0508208006e+04  0.0000000000e+00
5  4.1185799419e+04  0.0000000000e+00
6  3.3579112261e+04  0.0000000000e+00
7  2.7350300629e+04  0.0000000000e+00
8  2.2255873115e+04  0.0000000000e+00
9  1.8127419777e+04  0.0000000000e+00
10  1.4745262703e+04  0.0000000000e+00
11  1.1965967222e+04  0.0000000000e+00
12  9.7216074056e+03  0.0000000000e+00
13  7.9067704100e+03  0.0000000000e+00
14  6.4467145237e+03  0.0000000000e+00
15  5.2605369562e+03  0.0000000000e+00
16  4.3040253606e+03  0.0000000000e+00
17  3.5290783855e+03  0.0000000000e+00
18  2.8968695254e+03  0.0000000000e+00
19  2.3801474170e+03  0.0000000000e+00
20  1.9539123612e+03  0.0000000000e+00
21  1.6056762589e+03  0.0000000000e+00
22  1.3182251966e+03  0.0000000000e+00
23  1.0855964418e+03  0.0000000000e+00
24  8.9660578821e+02  0.0000000000e+00
25  7.4439095309e+02  0.0000000000e+00
26  6.2341811467e+02  0.0000000000e+00
27  5.2515966497e+02  0.0000000000e+00
28  4.4611995286e+02  0.0000000000e+00
29  3.8456389440e+02  0.0000000000e+00
30  3.4074505315e+02  0.0000000000e+00
31  3.1355299601e+02  0.0000000000e+00
