0  5.4624345843e+07 -3.1547588103e-12
1  5.5725298870e+07 -1.5670108558e-12
2  3.3897038232e+07  2.3670320156e-11
3  2.5842498427e+07  8.9732022227e-12
4  1.9490954560e+07  1.3500066233e-11
5  1.4686028957e+07 -6.8980034432e-12
6  1.1664754554e+07 -1.9008207418e-12
7  9.0039430380e+06  2.9058372803e-12
8  7.0944507366e+06 -1.5213186134e-12
9  5.5175129853e+06  5.7604982402e-13
10  4.3795870961e+06 -9.3061679127e-13
11  3.4311211354e+06  3.5634689017e-12
12  2.6626758434e+06 -2.6935206807e-12
13  2.0830597503e+06 -1.1349284999e-12
14  1.6387690804e+06  8.3317225339e-13
15  1.3086368002e+06  5.8657970181e-13
16  1.0431873603e+06  1.0446339773e-12
17  8.3158011665e+05 -8.2301691896e-13
18  6.4622137582e+05 -1.0694964109e-13
19  4.9822331143e+05 -2.9775366793e-13
20  3.8631172905e+05  1.4119085756e-14
21  2.9901868499e+05  1.3359684618e-13
22  2.3487838652e+05  1.6576655310e-13
23  1.7982218712e+05  8.5251571459e-14
24  1.4405401626e+05  7.5961813173e-14
25  1.1577950638e+05  2.4706744701e-14
26  9.4144662769e+04  1.5925760532e-14
27  7.6346906930e+04  2.0455751517e-14
28  6.2491052185e+04  6.3187722840e-14
29  5.3989600281e+04 -1.9822744065e-14
30  4.8636711263e+04  1.4240588818e-14
31  4.5391788320e+04 -7.9831289724e-15
