0  5.1847174036e+07 -2.4284911752e-11
1  5.4149820881e+07 -3.3843737390e-11
2  3.2284777332e+07  3.2181392988e-11
3  2.4460396228e+07 -1.1351888712e-11
4  1.9336203380e+07 -1.6551330096e-12
5  1.5194580424e+07  4.6124601056e-12
6  1.1646094088e+07 -6.1775125365e-13
7  9.1381249443e+06  3.6934906330e-12
8  7.2444778393e+06 -9.6049258200e-13
9  5.6509833089e+06  8.4803967781e-13
10  4.4226608148e+06 -2.8428032585e-12
11  3.4251123159e+06 -1.1191529941e-12
12  2.6924170010e+06 -8.1693942568e-13
13  2.1777724178e+06  4.5191190537e-13
14  1.7169077190e+06  1.8895267827e-14
15  1.3323367364e+06  1.2635167201e-12
16  1.0758363744e+06  3.1517881321e-13
17  8.8376444543e+05 -1.8248487192e-13
18  7.1822515084e+05  9.5590957234e-14
19  5.7604775632e+05  2.7216356981e-13
20  4.4947415536e+05 -3.8560311204e-13
21  3.6101998812e+05  2.1715720486e-13
22  2.9436719809e+05  1.7473377220e-13
23  2.3993009754e+05 -2.8362313581e-14
24  1.9064159331e+05  1.9404667739e-14
25  1.6209237182e+05  4.3462391600e-14
26  1.3281154169e+05 -1.9262540809e-13
27  1.1089517678e+05 -2.8633521106e-14
28  9.1362453303e+04 -6.8477667030e-15
29  7.7032480855e+04 -2.5327357950e-14
30  6.8588923017e+04 -4.2882592251e-14
31  6.1943591295e+04 -7.2569512419e-15
