0  9.9027223534e+04  0.0000000000e+00
1  1.0133144102e+05  0.0000000000e+00
2  7.6518442873e+04  0.0000000000e+00
3  6.0491387757e+04  0.0000000000e+00
4  4.7476120174e+04  0.0000000000e+00
5  3.7066436960e+04  0.0000000000e+00
6  2.8653202047e+04  0.0000000000e+00
7  2.2001957184e+04  0.0000000000e+00
8  1.6917611041e+04  0.0000000000e+00
9  1.3024639368e+04  0.0000000000e+00
10  1.0025626325e+04  0.0000000000e+00
11  7.6853819165e+03  0.0000000000e+00
12  5.8372216000e+03  0.0000000000e+00
13  4.4454635555e+03  0.0000000000e+00
14  3.4133714806e+03  0.0000000000e+00
15  2.6100222956e+03  0.0000000000e+00
16  1.9816219614e+03  0.0000000000e+00
17  1.5030725689e+03  0.0000000000e+00
18  1.1443292439e+03  0.0000000000e+00
19  8.7368845362e+02  0.0000000000e+00
20  6.6298831247e+02  0.0000000000e+00
21  5.0105458882e+02  0.0000000000e+00
22  3.7933189162e+02  0.0000000000e+00
23  2.8751910389e+02  0.0000000000e+00
24  2.1876727414e+02  0.0000000000e+00
25  1.6747213137e+02  0.0000000000e+00
26  1.2884525210e+02  0.0000000000e+00
27  9.9856836369e+01  0.0000000000e+00
28  7.8807760841e+01  0.0000000000e+00
29  6.4076021662e+01  0.0000000000e+00
30  5.4076152447e+01  0.0000000000e+00
31  4.7910009016e+01  0.0000000000e+00
