0  5.1550991317e+07  1.4043829378e-11
1  5.0288133600e+07 -1.1769931376e-11
2  3.1786232008e+07  1.2868164284e-11
3  2.3598065574e+07 -6.1070225135e-12
4  1.8219248827e+07  2.4022194228e-12
5  1.4306182030e+07  2.6343689334e-12
6  1.1153587764e+07  4.6235199068e-13
7  8.7806406210e+06 -3.4791202477e-12
8  6.6972144802e+06  5.3777288635e-12
9  5.3027435253e+06  3.7214001242e-13
10  4.2635828593e+06  1.7402367365e-12
11  3.3666947482e+06  3.0513697543e-13
12  2.6818276326e+06  7.1619289075e-13
13  2.0860544920e+06  5.9643101812e-14
14  1.6101134938e+06 -4.5463628316e-13
15  1.2805338498e+06 -1.1274965182e-13
16  9.9426310982e+05  7.7661408937e-14
17  7.5641704868e+05 -4.1670299517e-13
18  5.7682709681e+05  1.4803776136e-13
19  4.5233968908e+05 -2.1750592952e-13
20  3.4759315963e+05 -2.3095420933e-13
21  2.6849671291e+05  1.0045668159e-13
22  2.0718527601e+05  5.2121176130e-14
23  1.5963333140e+05 -4.6502487488e-14
24  1.2888219849e+05 -5.6530575497e-14
25  1.0195809261e+05 -5.6928379678e-14
26  8.2089789363e+04 -2.4493141276e-14
27  6.6093742953e+04  2.8326231392e-14
28  5.1227050362e+04 -4.5990392156e-14
29  4.2688259549e+04 -1.0778361099e-14
30  3.7522847158e+04  2.7818555432e-14
31  3.5345747909e+04 -6.5183804367e-15
