0  5.3496331101e+07  5.6501268472e-12
1  5.5313850253e+07  1.3264565630e-11
2  3.5289298050e+07  3.4445212798e-11
3  2.5481005465e+07  1.5358802609e-12
4  1.9115964301e+07 -1.8228724293e-12
5  1.4685397764e+07 -9.9774737475e-13
6  1.1550491885e+07  3.0389180184e-12
7  9.0687828097e+06 -3.4159289292e-12
8  6.9811685606e+06 -1.5849191344e-12
9  5.4005588988e+06  9.8926285240e-13
10  4.0805783410e+06 -2.4759403930e-12
11  3.1195913156e+06 -1.6313771889e-13
12  2.3843441630e+06 -1.2174055390e-12
13  1.8094967254e+06  7.9748080291e-13
14  1.3986636738e+06  3.6414914103e-13
15  1.0402462507e+06  2.7422207129e-13
16  7.8147170784e+05 -1.4361850425e-13
17  6.1337305519e+05 -6.2245634853e-14
18  4.6628650825e+05  2.8165664040e-14
19  3.5522086469e+05 -2.5820519905e-13
20  2.6716634559e+05  5.0448070497e-14
21  2.0061843136e+05  8.6319732499e-15
22  1.5597499693e+05 -1.5924995764e-13
23  1.1804811801e+05 -4.8446991709e-14
24  9.1765574262e+04 -3.3444397980e-14
25  6.8506229699e+04  2.7523221875e-14
26  5.2786002100e+04  7.0590423511e-15
27  3.9678053083e+04  2.7037665794e-14
28  3.1334203279e+04 -2.2028798396e-14
29  2.4579439154e+04  1.0429806524e-14
30  2.1135842461e+04  4.8830143225e-15
31  1.8879204162e+04  4.8921900484e-15
