0  4.9611557908e+07  1.2950000416e-11
1  5.0028859735e+07 -1.8557297414e-11
2  2.9829756851e+07 -1.1017238090e-11
3  2.2310966521e+07  5.0812583967e-13
4  1.7129742463e+07 -8.3220164859e-12
5  1.2644104486e+07  3.1322282742e-12
6  9.4063920893e+06  6.6783813746e-13
7  7.3570218747e+06  1.6212492966e-12
8  5.6220496969e+06  2.8016761928e-12
9  4.3457046116e+06 -2.0173570038e-12
10  3.3795063239e+06 -1.8580973090e-12
11  2.5230791762e+06 -3.0973023944e-13
12  1.9716592351e+06  5.9529833003e-13
13  1.5127562352e+06  1.8175466667e-13
14  1.1538144726e+06  9.2949578195e-14
15  8.6195436447e+05 -1.4654709631e-13
16  6.6328617934e+05 -3.7090997407e-13
17  5.1300165756e+05 -1.6576511621e-13
18  4.0271691285e+05  1.8162427107e-13
19  3.1431274969e+05  1.5908774432e-13
20  2.3737020741e+05  1.1868502431e-13
21  1.8342156068e+05 -3.4017486716e-14
22  1.4199718867e+05  1.7208203682e-14
23  1.0909451497e+05  4.2426057718e-14
24  8.6459952463e+04 -1.9671313520e-14
25  6.5971254513e+04  2.4169140397e-14
26  5.2434546396e+04 -4.3594084490e-14
27  4.1671864239e+04 -1.1635221965e-14
28  3.4509677979e+04 -7.9648008354e-15
29  2.8247166854e+04 -5.3621547682e-15
30  2.4074687941e+04 -1.1201165180e-14
31  2.2339833165e+04 -4.7069055625e-15
