0  5.4216277143e+07  1.0405179386e-11
1  5.9108870517e+07  2.3843475485e-11
2  3.5556167096e+07  1.0150467983e-11
3  2.6087675954e+07  4.4973926405e-12
4  1.9634991854e+07  1.4121474844e-11
5  1.5359609346e+07 -1.4417001762e-11
6  1.2142008342e+07 -7.9471859156e-13
7  9.5989196619e+06  7.2194176834e-12
8  7.4355317960e+06  4.6275239942e-12
9  5.9001647596e+06 -3.6667437410e-12
10  4.7028729758e+06 -1.5099141311e-13
11  3.6824574451e+06  1.6825854713e-12
12  2.8094531521e+06  3.4090836395e-12
13  2.2088943433e+06  3.2764458222e-13
14  1.7322443989e+06 -4.3438525172e-13
15  1.3789864466e+06  8.4710365830e-13
16  1.0961200816e+06 -7.4558589060e-13
17  8.6003880862e+05 -7.4665098188e-14
18  6.9976689573e+05  1.9433205308e-13
19  5.5021314822e+05  1.6833111774e-13
20  4.5084401408e+05  1.6815457232e-13
21  3.6120521373e+05  4.9383050030e-14
22  2.9151394732e+05  1.3666655616e-13
23  2.3521273512e+05  1.7803566919e-13
24  1.8977752944e+05  3.5510008683e-14
25  1.5383984882e+05  1.1622211275e-13
26  1.2665820943e+05 -3.6144820576e-14
27  1.0582993122e+05 -4.3418891578e-14
28  9.2571392304e+04 -5.7454340203e-14
29  7.9359000526e+04 -7.0967370378e-15
30  7.1031310652e+04 -5.0349437668e-15
31  6.6630220251e+04 -1.7927935290e-14
