0 -2.4481890689e+01 -2.4339449388e-15
1  1.9772649387e+04  5.1273047291e-15
2  1.3129034266e+04  2.4894535489e-15
3  1.0469003021e+04  4.8395765307e-15
4  8.2407856136e+03 -1.0085257079e-15
5  6.5554821582e+03 -7.6306381834e-16
6  5.2001079088e+03 -2.8686615173e-15
7  4.0991976057e+03 -1.5203614599e-15
8  3.2243482644e+03  6.2939084901e-16
9  2.5617444583e+03  1.4775211804e-15
10  2.0276471691e+03  4.6413501217e-16
11  1.6176571252e+03  3.8708436896e-16
12  1.2888479369e+03 -3.2165589128e-16
13  1.0278631120e+03 -2.3231583232e-16
14  8.1801761783e+02  5.1639628327e-16
15  6.5272979254e+02  1.6220458594e-16
16  5.2195560618e+02 -1.6219833907e-17
17  4.1645220442e+02 -1.5189397151e-16
18  3.3188891556e+02 -7.2734295664e-17
19  2.6287521867e+02 -8.0084529943e-17
20  2.0840273820e+02  7.8818533324e-18
21  1.6471387336e+02 -2.1698972405e-17
22  1.2944691941e+02  6.0636124079e-17
23  1.0124221091e+02  1.9123356971e-17
24  7.9066358551e+01 -4.7354435707e-17
25  6.1556110114e+01 -6.2937724355e-18
26  4.7443502149e+01 -1.8423390119e-17
27  3.5879030722e+01  8.4957404610e-19
28  2.6571282171e+01  2.2819332297e-18
29  1.8747678564e+01 -1.2540322784e-18
30  1.1871274834e+01 -9.3703019790e-19
31  5.7510233530e+00 -1.9579166576e-18
