0  5.8022611967e+07  1.9967971866e-11
1  5.5894780995e+07 -2.6125922721e-11
2  3.3202355382e+07 -1.0256329655e-11
3  2.4808015246e+07  6.6195131043e-12
4  1.8839576386e+07  6.8280964986e-12
5  1.4765710175e+07 -3.0202601910e-12
6  1.1160904461e+07 -5.4427320843e-12
7  8.5431394309e+06  4.2956588518e-14
8  6.6303660903e+06 -5.0193963985e-12
9  5.1476383751e+06  2.2226104847e-12
10  4.0053407567e+06 -5.7180244406e-13
11  3.1923789585e+06 -1.1140006885e-12
12  2.4585426531e+06 -1.0425430102e-12
13  1.9144197473e+06  8.5720107857e-14
14  1.4809095451e+06  2.7418677777e-13
15  1.1550539956e+06  9.1138289181e-13
16  8.6320863207e+05 -2.7975076099e-13
17  6.8251751978e+05 -4.4529857539e-13
18  5.2707437479e+05 -3.1348347178e-13
19  4.0311982410e+05  1.1048670214e-13
20  3.1669268353e+05 -4.0485675893e-14
21  2.4106799944e+05  1.1871007902e-13
22  1.8734394930e+05  4.6322513614e-14
23  1.4362301675e+05 -2.0474874156e-14
24  1.0771422289e+05 -3.0495109710e-15
25  8.2638971285e+04  1.3341084877e-14
26  6.4962131378e+04  1.0326684031e-14
27  4.9883306533e+04  7.3333465761e-16
28  3.9164579179e+04 -7.1190378155e-15
29  3.1804338942e+04  1.2409545011e-14
30  2.7325202747e+04  2.9047853930e-15
31  2.4921373739e+04 -2.8629432765e-14
