0  1.0415976161e+05  0.0000000000e+00
1  1.0682678091e+05  0.0000000000e+00
2  8.2096300693e+04  0.0000000000e+00
3  6.5815608096e+04  0.0000000000e+00
4  5.2406249053e+04  0.0000000000e+00
5  4.1568769554e+04  0.0000000000e+00
6  3.2650274995e+04  0.0000000000e+00
7  2.5439651240e+04  0.0000000000e+00
8  1.9797797948e+04  0.0000000000e+00
9  1.5416074919e+04  0.0000000000e+00
10  1.2035479357e+04  0.0000000000e+00
11  9.4004167887e+03  0.0000000000e+00
12  7.3785904867e+03  0.0000000000e+00
13  5.8013509210e+03  0.0000000000e+00
14  4.5351110543e+03  0.0000000000e+00
15  3.5376637411e+03  0.0000000000e+00
16  2.7753891312e+03  0.0000000000e+00
17  2.1849925136e+03  0.0000000000e+00
18  1.7145614013e+03  0.0000000000e+00
19  1.3424388881e+03  0.0000000000e+00
20  1.0529793320e+03  0.0000000000e+00
21  8.2539326031e+02  0.0000000000e+00
22  6.4801302885e+02  0.0000000000e+00
23  5.0750811600e+02  0.0000000000e+00
24  3.9566085506e+02  0.0000000000e+00
25  3.0921062115e+02  0.0000000000e+00
26  2.4364697114e+02  0.0000000000e+00
27  1.9362356632e+02  0.0000000000e+00
28  1.5585749487e+02  0.0000000000e+00
29  1.2905429216e+02  0.0000000000e+00
30  1.1107701416e+02  0.0000000000e+00
31  1.0034619321e+02  0.0000000000e+00
