0  9.7587705137e+04  0.0000000000e+00
1  9.9714318586e+04  0.0000000000e+00
2  7.5257506397e+04  0.0000000000e+00
3  5.9699666428e+04  0.0000000000e+00
4  4.6804888372e+04  0.0000000000e+00
5  3.6701863240e+04  0.0000000000e+00
6  2.8735778215e+04  0.0000000000e+00
7  2.2465273474e+04  0.0000000000e+00
8  1.7625911076e+04  0.0000000000e+00
9  1.3895072719e+04  0.0000000000e+00
10  1.0961551803e+04  0.0000000000e+00
11  8.6321106166e+03  0.0000000000e+00
12  6.7714162064e+03  0.0000000000e+00
13  5.3204456050e+03  0.0000000000e+00
14  4.1844333030e+03  0.0000000000e+00
15  3.2710702059e+03  0.0000000000e+00
16  2.5477661731e+03  0.0000000000e+00
17  1.9840399486e+03  0.0000000000e+00
18  1.5484272346e+03  0.0000000000e+00
19  1.2013863402e+03  0.0000000000e+00
20  9.2985999734e+02  0.0000000000e+00
21  7.2121433161e+02  0.0000000000e+00
22  5.5868843454e+02  0.0000000000e+00
23  4.3166283267e+02  0.0000000000e+00
24  3.3516088343e+02  0.0000000000e+00
25  2.6364269786e+02  0.0000000000e+00
26  2.0888615894e+02  0.0000000000e+00
27  1.6692674798e+02  0.0000000000e+00
28  1.3671813306e+02  0.0000000000e+00
29  1.1553235294e+02  0.0000000000e+00
30  1.0131229968e+02  0.0000000000e+00
31  9.2934533439e+01  0.0000000000e+00
