0  9.2885740819e+04  0.0000000000e+00
1  9.5455158190e+04  0.0000000000e+00
2  7.1748580753e+04  0.0000000000e+00
3  5.6902760774e+04  0.0000000000e+00
4  4.5184154948e+04  0.0000000000e+00
5  3.5882587110e+04  0.0000000000e+00
6  2.8545528174e+04  0.0000000000e+00
7  2.2801225183e+04  0.0000000000e+00
8  1.8167116183e+04  0.0000000000e+00
9  1.4436645317e+04  0.0000000000e+00
10  1.1416753610e+04  0.0000000000e+00
11  9.0151772964e+03  0.0000000000e+00
12  7.1296925421e+03  0.0000000000e+00
13  5.6592661566e+03  0.0000000000e+00
14  4.4822566657e+03  0.0000000000e+00
15  3.5416015091e+03  0.0000000000e+00
16  2.8082565949e+03  0.0000000000e+00
17  2.2223001907e+03  0.0000000000e+00
18  1.7592518173e+03  0.0000000000e+00
19  1.3919560354e+03  0.0000000000e+00
20  1.1032780871e+03  0.0000000000e+00
21  8.7841724983e+02  0.0000000000e+00
22  6.9958762340e+02  0.0000000000e+00
23  5.5788668038e+02  0.0000000000e+00
24  4.4474341494e+02  0.0000000000e+00
25  3.5465374189e+02  0.0000000000e+00
26  2.8344181003e+02  0.0000000000e+00
27  2.2914894976e+02  0.0000000000e+00
28  1.8826159826e+02  0.0000000000e+00
29  1.5833745131e+02  0.0000000000e+00
30  1.3822665139e+02  0.0000000000e+00
31  1.2675778384e+02  0.0000000000e+00
