0  1.0674723535e+05  0.0000000000e+00
1  1.0921504530e+05  0.0000000000e+00
2  8.4064674905e+04  0.0000000000e+00
3  6.7272941314e+04  0.0000000000e+00
4  5.3469296351e+04  0.0000000000e+00
5  4.2379697544e+04  0.0000000000e+00
6  3.3454598657e+04  0.0000000000e+00
7  2.6347979700e+04  0.0000000000e+00
8  2.0740565520e+04  0.0000000000e+00
9  1.6345450472e+04  0.0000000000e+00
10  1.2842890180e+04  0.0000000000e+00
11  1.0041522883e+04  0.0000000000e+00
12  7.8254485052e+03  0.0000000000e+00
13  6.0858604900e+03  0.0000000000e+00
14  4.7275519559e+03  0.0000000000e+00
15  3.6773685669e+03  0.0000000000e+00
16  2.8497246860e+03  0.0000000000e+00
17  2.2072115366e+03  0.0000000000e+00
18  1.7068901516e+03  0.0000000000e+00
19  1.3159834297e+03  0.0000000000e+00
20  1.0142046051e+03  0.0000000000e+00
21  7.7783819342e+02  0.0000000000e+00
22  5.9354405781e+02  0.0000000000e+00
23  4.5726400594e+02  0.0000000000e+00
24  3.5656294564e+02  0.0000000000e+00
25  2.8047544887e+02  0.0000000000e+00
26  2.2189533184e+02  0.0000000000e+00
27  1.7665466518e+02  0.0000000000e+00
28  1.4209730239e+02  0.0000000000e+00
29  1.1738852761e+02  0.0000000000e+00
30  1.0110629972e+02  0.0000000000e+00
31  9.1993013910e+01  0.0000000000e+00
