0  9.7102346202e+04  0.0000000000e+00
1  1.0010842602e+05  0.0000000000e+00
2  7.6044565772e+04  0.0000000000e+00
3  6.0875033905e+04  0.0000000000e+00
4  4.8440028937e+04  0.0000000000e+00
5  3.8682692030e+04  0.0000000000e+00
6  3.0870029576e+04  0.0000000000e+00
7  2.4527222866e+04  0.0000000000e+00
8  1.9466439931e+04  0.0000000000e+00
9  1.5443597481e+04  0.0000000000e+00
10  1.2291257219e+04  0.0000000000e+00
11  9.7870911320e+03  0.0000000000e+00
12  7.7511289837e+03  0.0000000000e+00
13  6.1143371892e+03  0.0000000000e+00
14  4.8143443445e+03  0.0000000000e+00
15  3.7799877485e+03  0.0000000000e+00
16  2.9614460885e+03  0.0000000000e+00
17  2.3276610406e+03  0.0000000000e+00
18  1.8330149084e+03  0.0000000000e+00
19  1.4526048643e+03  0.0000000000e+00
20  1.1557130853e+03  0.0000000000e+00
21  9.1938179547e+02  0.0000000000e+00
22  7.2805875047e+02  0.0000000000e+00
23  5.7750457156e+02  0.0000000000e+00
24  4.5938522688e+02  0.0000000000e+00
25  3.6689701555e+02  0.0000000000e+00
26  2.9621476667e+02  0.0000000000e+00
27  2.4331690133e+02  0.0000000000e+00
28  2.0391693195e+02  0.0000000000e+00
29  1.7555973449e+02  0.0000000000e+00
30  1.5700167599e+02  0.0000000000e+00
31  1.4749366506e+02  0.0000000000e+00
