0  5.8855500215e+07 -1.3311585620e-11
1  5.4579316044e+07  1.0574675343e-12
2  3.2282362274e+07  4.9617680335e-12
3  2.5032233306e+07  3.9372804276e-12
4  1.8490544709e+07  4.6934931929e-12
5  1.3969743191e+07 -1.4861603793e-12
6  1.0564250353e+07 -1.9296304824e-13
7  8.0638518483e+06 -5.0013483935e-12
8  6.3556835302e+06 -5.8134711117e-12
9  4.8482761850e+06 -1.7896791265e-12
10  3.9182080712e+06  1.6512295558e-12
11  2.9862305519e+06 -3.2210569442e-12
12  2.1980197144e+06 -1.5044819448e-13
13  1.6818596468e+06  6.7241663776e-13
14  1.3028584942e+06  5.1946576260e-13
15  9.9076751469e+05  1.3339321678e-12
16  7.4660410040e+05 -5.2536135933e-13
17  5.5604576422e+05  1.2571113527e-13
18  4.2503666861e+05  4.1659852289e-13
19  3.3357243179e+05 -1.0363502780e-13
20  2.5301440530e+05 -7.4105080895e-14
21  1.9190278636e+05  1.0011775626e-14
22  1.4781894546e+05 -9.6590048313e-14
23  1.1491962585e+05 -1.7952128710e-14
24  8.7539025592e+04  8.7058508768e-14
25  6.7469990311e+04  5.4808186776e-15
26  5.1827098737e+04 -1.3188850470e-14
27  3.9039948431e+04 -1.5505280274e-14
28  3.1519161638e+04  7.0996549157e-15
29  2.5868253100e+04 -3.3631782081e-14
30  2.2489376506e+04 -4.6921141074e-15
31  2.0144382457e+04 -1.3929399907e-14
