0  5.8933536536e+07  1.0545537253e-11
1  5.6481505776e+07  2.0863639289e-11
2  3.4346722576e+07  1.2067089297e-11
3  2.5470762290e+07 -1.0383305871e-11
4  1.9188594935e+07 -2.5970769411e-13
5  1.4430146430e+07 -5.8560400186e-14
6  1.1109765936e+07 -3.3569804455e-12
7  8.4337221343e+06 -9.6186428025e-13
8  6.7027066719e+06  1.9963905300e-12
9  5.0769481413e+06 -6.4275905965e-13
10  3.9775085282e+06  3.1556385365e-13
11  2.9861167738e+06 -2.2565727690e-12
12  2.3351659791e+06  4.7854511026e-13
13  1.7474819282e+06 -2.1789358860e-12
14  1.3647240793e+06 -8.7954872529e-13
15  1.0770498839e+06 -4.2548081757e-13
16  8.2958887580e+05 -2.4997849561e-14
17  6.3904983064e+05  1.3933824975e-13
18  5.0169934891e+05  1.1335900260e-13
19  3.9267287060e+05 -2.6913775504e-14
20  3.1106807315e+05 -2.1467237919e-13
21  2.3843984409e+05  1.4178059771e-13
22  1.8691497697e+05  3.9500995206e-14
23  1.4610098574e+05  2.2141492020e-14
24  1.1309539090e+05 -6.2132015710e-14
25  8.4601392854e+04 -2.0561658799e-14
26  6.7459663219e+04 -1.2340600709e-14
27  5.1861747673e+04  5.2591318111e-14
28  4.2725601271e+04  7.8380291233e-15
29  3.5947545172e+04  9.7376104878e-16
30  3.2801938509e+04  6.5551288999e-15
31  3.0411761942e+04  4.8986320516e-15
