0  1.0584362082e+05  0.0000000000e+00
1  1.0804266934e+05  0.0000000000e+00
2  8.2909028015e+04  0.0000000000e+00
3  6.6378714842e+04  0.0000000000e+00
4  5.2367253687e+04  0.0000000000e+00
5  4.0914232270e+04  0.0000000000e+00
6  3.1935537022e+04  0.0000000000e+00
7  2.4929547530e+04  0.0000000000e+00
8  1.9420412813e+04  0.0000000000e+00
9  1.5121870658e+04  0.0000000000e+00
10  1.1815136889e+04  0.0000000000e+00
11  9.2976735139e+03  0.0000000000e+00
12  7.3723297058e+03  0.0000000000e+00
13  5.8537162049e+03  0.0000000000e+00
14  4.6399405655e+03  0.0000000000e+00
15  3.6734587386e+03  0.0000000000e+00
16  2.8969551462e+03  0.0000000000e+00
17  2.2833422732e+03  0.0000000000e+00
18  1.8022486674e+03  0.0000000000e+00
19  1.4248240373e+03  0.0000000000e+00
20  1.1229398798e+03  0.0000000000e+00
21  8.8011075374e+02  0.0000000000e+00
22  6.8934580232e+02  0.0000000000e+00
23  5.3836383537e+02  0.0000000000e+00
24  4.1885981022e+02  0.0000000000e+00
25  3.2671047128e+02  0.0000000000e+00
26  2.5650333768e+02  0.0000000000e+00
27  2.0334252255e+02  0.0000000000e+00
28  1.6413594576e+02  0.0000000000e+00
29  1.3604843177e+02  0.0000000000e+00
30  1.1769865635e+02  0.0000000000e+00
31  1.0779677979e+02  0.0000000000e+00
