0  1.0204696883e+05  0.0000000000e+00
1  1.0408962555e+05  0.0000000000e+00
2  7.8809751606e+04  0.0000000000e+00
3  6.2170912582e+04  0.0000000000e+00
4  4.8582868029e+04  0.0000000000e+00
5  3.7832192540e+04  0.0000000000e+00
6  2.9480705372e+04  0.0000000000e+00
7  2.3028827469e+04  0.0000000000e+00
8  1.7942390938e+04  0.0000000000e+00
9  1.3946511838e+04  0.0000000000e+00
10  1.0855177210e+04  0.0000000000e+00
11  8.4549012665e+03  0.0000000000e+00
12  6.6120730540e+03  0.0000000000e+00
13  5.1937713691e+03  0.0000000000e+00
14  4.0928114466e+03  0.0000000000e+00
15  3.2321109952e+03  0.0000000000e+00
16  2.5580504279e+03  0.0000000000e+00
17  2.0274035447e+03  0.0000000000e+00
18  1.6071467344e+03  0.0000000000e+00
19  1.2703217180e+03  0.0000000000e+00
20  1.0062311338e+03  0.0000000000e+00
21  7.9981357320e+02  0.0000000000e+00
22  6.3364137197e+02  0.0000000000e+00
23  4.9992355368e+02  0.0000000000e+00
24  3.9244056537e+02  0.0000000000e+00
25  3.0832113118e+02  0.0000000000e+00
26  2.4346903181e+02  0.0000000000e+00
27  1.9293554395e+02  0.0000000000e+00
28  1.5555866471e+02  0.0000000000e+00
29  1.2942293118e+02  0.0000000000e+00
30  1.1283451570e+02  0.0000000000e+00
31  1.0432624271e+02  0.0000000000e+00
