0  5.1535778811e+07 -1.4537136947e-11
1  5.4477967506e+07 -2.7663333270e-11
2  3.1761670157e+07 -6.5170688026e-12
3  2.3408057917e+07 -8.3752037290e-12
4  1.8331228267e+07  5.7612921833e-12
5  1.4066840160e+07  9.8934538285e-14
6  1.1030417200e+07  5.1426931686e-12
7  8.6064766149e+06 -5.6292563928e-12
8  6.6701049304e+06  2.1222298828e-12
9  5.2262580211e+06 -2.5736433337e-12
10  4.1529969265e+06 -2.3028415367e-13
11  3.2761145824e+06  2.1338909424e-12
12  2.5347140444e+06 -4.9377236261e-13
13  1.9687341753e+06 -3.6058895860e-14
14  1.5167174024e+06  1.2464556608e-12
15  1.1691213131e+06  1.6689956102e-13
16  9.1662604131e+05 -8.7096045825e-14
17  7.2245625823e+05 -1.7312068856e-13
18  5.4723940783e+05 -1.5847336104e-13
19  4.1923271629e+05  1.1724067186e-13
20  3.2356243099e+05  2.9888231120e-13
21  2.4894926137e+05  7.5825885973e-14
22  1.9599643476e+05 -4.9406107874e-14
23  1.4880678164e+05  6.3432907098e-14
24  1.1649836777e+05  5.5169928306e-14
25  9.2333098961e+04  4.6798722155e-14
26  7.4003863652e+04  4.0361608777e-14
27  6.0415531147e+04 -5.2257897031e-14
28  4.9255338874e+04 -2.8108909686e-14
29  4.2584306388e+04  8.0879629315e-15
30  3.8082850561e+04 -1.4252670613e-14
31  3.6122857851e+04 -1.2020546130e-14
