0  5.1614443258e+07  1.2296280560e-11
1  5.3240112070e+07 -1.7229902804e-11
2  3.1163998047e+07 -1.2720244682e-11
3  2.4296004871e+07  1.2709257757e-11
4  1.7951628376e+07  1.3668220038e-12
5  1.3990070254e+07  2.3743762502e-12
6  1.1048328341e+07 -5.7748702840e-12
7  8.5808294238e+06 -3.5993227535e-13
8  6.6489367891e+06 -6.0081681002e-13
9  5.1689318211e+06 -1.7103523790e-12
10  4.0064553089e+06  2.0469075166e-12
11  3.2185576022e+06  1.9190256153e-13
12  2.5530402637e+06 -1.8313506339e-13
13  1.9918193540e+06 -1.8669890630e-13
14  1.5640970991e+06 -4.7878202791e-13
15  1.2397219101e+06 -5.7429179704e-13
16  9.8222773391e+05  5.3234307101e-13
17  7.5697811293e+05  6.0631351801e-13
18  5.8364003243e+05  1.8165639826e-13
19  4.7520728667e+05 -1.4546176369e-13
20  3.7390875928e+05 -4.3657659224e-14
21  2.9088253870e+05  4.1876977272e-14
22  2.3597304577e+05  2.6166810605e-13
23  1.8452189525e+05 -1.8982275024e-13
24  1.4857659341e+05  6.9349245778e-14
25  1.1659277315e+05  1.1202063183e-13
26  9.3675218568e+04 -1.0647926431e-14
27  7.6127661981e+04  1.7991690579e-15
28  6.4171098137e+04 -2.1436324151e-14
29  5.4131735676e+04  8.0132562733e-15
30  4.7756290088e+04  1.3136794743e-14
31  4.3266406327e+04 -9.3169501298e-15
