0  9.6500859901e+04  0.0000000000e+00
1  9.9240345556e+04  0.0000000000e+00
2  7.5080634158e+04  0.0000000000e+00
3  5.9522629993e+04  0.0000000000e+00
4  4.6825403153e+04  0.0000000000e+00
5  3.6883809868e+04  0.0000000000e+00
6  2.9083326832e+04  0.0000000000e+00
7  2.2988883249e+04  0.0000000000e+00
8  1.8167512456e+04  0.0000000000e+00
9  1.4302244530e+04  0.0000000000e+00
10  1.1230026174e+04  0.0000000000e+00
11  8.8153275883e+03  0.0000000000e+00
12  6.9362010311e+03  0.0000000000e+00
13  5.4768022333e+03  0.0000000000e+00
14  4.3268924513e+03  0.0000000000e+00
15  3.4040298154e+03  0.0000000000e+00
16  2.6788571371e+03  0.0000000000e+00
17  2.1171562670e+03  0.0000000000e+00
18  1.6751200501e+03  0.0000000000e+00
19  1.3269273986e+03  0.0000000000e+00
20  1.0536594222e+03  0.0000000000e+00
21  8.3832645876e+02  0.0000000000e+00
22  6.6688225803e+02  0.0000000000e+00
23  5.3092547253e+02  0.0000000000e+00
24  4.2353203049e+02  0.0000000000e+00
25  3.3845836278e+02  0.0000000000e+00
26  2.7117648801e+02  0.0000000000e+00
27  2.1921589476e+02  0.0000000000e+00
28  1.8080219499e+02  0.0000000000e+00
29  1.5320201564e+02  0.0000000000e+00
30  1.3418760561e+02  0.0000000000e+00
31  1.2314711601e+02  0.0000000000e+00
