0  4.7312675928e+02 -6.5131984380e-16
1  1.8037546204e+04  1.7902846022e-16
2  1.1999095108e+04  3.4768574315e-15
3  9.5401469912e+03  1.4606374844e-15
4  7.4401361111e+03 -6.0534289543e-16
5  5.8366283925e+03 -4.6767547754e-16
6  4.5745056452e+03 -2.6518378117e-17
7  3.5908049776e+03 -9.2404550046e-16
8  2.8081860675e+03 -1.1663967674e-15
9  2.2006402288e+03 -4.3006594413e-16
10  1.7324659409e+03 -2.3596506202e-16
11  1.3624234256e+03 -8.5509881849e-17
12  1.0695746795e+03  1.1513226514e-15
13  8.3381941853e+02 -1.5971017979e-16
14  6.5021526180e+02 -2.3492702314e-16
15  5.0763886370e+02 -3.1682129192e-16
16  3.9815247930e+02  1.5151810064e-16
17  3.0797975044e+02 -2.2372930052e-16
18  2.3891187492e+02  1.8359089731e-16
19  1.8603153796e+02 -2.2286892680e-16
20  1.4339455885e+02  1.1102436711e-16
21  1.1067574892e+02  1.8424787724e-16
22  8.5201723805e+01  7.0022016758e-17
23  6.4715473000e+01 -3.4446288866e-17
24  4.8823775913e+01  4.4364250585e-17
25  3.6881246540e+01  4.1284491728e-17
26  2.7653248090e+01 -3.0688797772e-17
27  2.0489857193e+01  2.3189353346e-17
28  1.4996454073e+01  1.6323846906e-18
29  1.0558959133e+01  4.2953040755e-18
30  6.7681660094e+00  1.0771082716e-18
31  3.5275887809e+00 -2.5827093353e-18
