0  9.8659539810e+04  0.0000000000e+00
1  1.0058358605e+05  0.0000000000e+00
2  7.5734646431e+04  0.0000000000e+00
3  5.9709473173e+04  0.0000000000e+00
4  4.6639077807e+04  0.0000000000e+00
5  3.6432044880e+04  0.0000000000e+00
6  2.8591976059e+04  0.0000000000e+00
7  2.2528642074e+04  0.0000000000e+00
8  1.7690208258e+04  0.0000000000e+00
9  1.3828595970e+04  0.0000000000e+00
10  1.0783937564e+04  0.0000000000e+00
11  8.3983912411e+03  0.0000000000e+00
12  6.5542991954e+03  0.0000000000e+00
13  5.1043843283e+03  0.0000000000e+00
14  3.9523295221e+03  0.0000000000e+00
15  3.0552488915e+03  0.0000000000e+00
16  2.3699137965e+03  0.0000000000e+00
17  1.8424353347e+03  0.0000000000e+00
18  1.4273170128e+03  0.0000000000e+00
19  1.0993951858e+03  0.0000000000e+00
20  8.5009448859e+02  0.0000000000e+00
21  6.6308734782e+02  0.0000000000e+00
22  5.1692409149e+02  0.0000000000e+00
23  4.0077775512e+02  0.0000000000e+00
24  3.0899525296e+02  0.0000000000e+00
25  2.3840024781e+02  0.0000000000e+00
26  1.8558647283e+02  0.0000000000e+00
27  1.4683920916e+02  0.0000000000e+00
28  1.1847448604e+02  0.0000000000e+00
29  9.7906166962e+01  0.0000000000e+00
30  8.3708060468e+01  0.0000000000e+00
31  7.5532579283e+01  0.0000000000e+00
