0  5.2963361771e+07  1.1845412275e-11
1  5.2969965498e+07  2.0658582599e-11
2  3.1601678961e+07  5.2507084368e-12
3  2.4232689248e+07  8.3753408295e-12
4  1.8896048676e+07 -5.9095297917e-13
5  1.4754182888e+07 -1.6834953450e-11
6  1.2056072568e+07  2.3883311227e-12
7  9.7360130429e+06 -9.2844912329e-12
8  7.6504863348e+06  3.4761933623e-12
9  6.1988674105e+06 -2.6234669040e-12
10  4.8030528615e+06  4.1590760414e-13
11  3.8181532659e+06  1.0239365982e-12
12  3.0040307021e+06  2.4944153393e-13
13  2.3788496832e+06  3.2559547721e-13
14  1.8491152489e+06  4.2265498199e-13
15  1.4881292359e+06  2.7828819872e-13
16  1.1641708750e+06  8.4095246017e-13
17  9.0614469421e+05  1.5485527123e-13
18  7.1676279536e+05 -4.1946406292e-13
19  5.6664075478e+05  6.5512902414e-14
20  4.3778500088e+05  1.3982544230e-13
21  3.4982675704e+05  8.4301519625e-14
22  2.8633909290e+05 -8.5714815062e-14
23  2.2814667473e+05  2.8364153039e-14
24  1.8344785541e+05  5.9551158260e-14
25  1.4630377982e+05 -1.7620359985e-13
26  1.2006210136e+05  8.9278155878e-14
27  1.0102028006e+05  2.4955116475e-14
28  8.4846497040e+04  4.4985608797e-14
29  7.5367475199e+04 -5.1809412556e-14
30  6.8633605534e+04  1.1326788831e-14
31  6.7026859738e+04 -1.2223931179e-14
