0  1.0646869343e+05  0.0000000000e+00
1  1.0773228248e+05  0.0000000000e+00
2  8.1950250869e+04  0.0000000000e+00
3  6.5166622822e+04  0.0000000000e+00
4  5.1414897575e+04  0.0000000000e+00
5  4.0405621093e+04  0.0000000000e+00
6  3.1658733436e+04  0.0000000000e+00
7  2.4752806640e+04  0.0000000000e+00
8  1.9328449611e+04  0.0000000000e+00
9  1.5157538707e+04  0.0000000000e+00
10  1.1950580415e+04  0.0000000000e+00
11  9.3966393384e+03  0.0000000000e+00
12  7.3666048014e+03  0.0000000000e+00
13  5.7532904419e+03  0.0000000000e+00
14  4.4734965043e+03  0.0000000000e+00
15  3.4627536831e+03  0.0000000000e+00
16  2.6701788425e+03  0.0000000000e+00
17  2.0634387136e+03  0.0000000000e+00
18  1.5973899484e+03  0.0000000000e+00
19  1.2376058024e+03  0.0000000000e+00
20  9.5806039182e+02  0.0000000000e+00
21  7.4167095177e+02  0.0000000000e+00
22  5.7617306188e+02  0.0000000000e+00
23  4.4721139196e+02  0.0000000000e+00
24  3.4698385323e+02  0.0000000000e+00
25  2.7194547810e+02  0.0000000000e+00
26  2.1647383969e+02  0.0000000000e+00
27  1.7391288339e+02  0.0000000000e+00
28  1.4215676099e+02  0.0000000000e+00
29  1.1936875048e+02  0.0000000000e+00
30  1.0376749519e+02  0.0000000000e+00
31  9.4824304788e+01  0.0000000000e+00
