0  9.9001389400e+04  0.0000000000e+00
1  1.0119429356e+05  0.0000000000e+00
2  7.6134930332e+04  0.0000000000e+00
3  5.9882167375e+04  0.0000000000e+00
4  4.6868995181e+04  0.0000000000e+00
5  3.6614843887e+04  0.0000000000e+00
6  2.8437674188e+04  0.0000000000e+00
7  2.2023015539e+04  0.0000000000e+00
8  1.6997825326e+04  0.0000000000e+00
9  1.3064084580e+04  0.0000000000e+00
10  1.0008337175e+04  0.0000000000e+00
11  7.6646651866e+03  0.0000000000e+00
12  5.8895663951e+03  0.0000000000e+00
13  4.5297503491e+03  0.0000000000e+00
14  3.4697991185e+03  0.0000000000e+00
15  2.6585072900e+03  0.0000000000e+00
16  2.0410071868e+03  0.0000000000e+00
17  1.5683211488e+03  0.0000000000e+00
18  1.2114551319e+03  0.0000000000e+00
19  9.3895908845e+02  0.0000000000e+00
20  7.2728551325e+02  0.0000000000e+00
21  5.6344229298e+02  0.0000000000e+00
22  4.3829156425e+02  0.0000000000e+00
23  3.4265217858e+02  0.0000000000e+00
24  2.6824797017e+02  0.0000000000e+00
25  2.0990378534e+02  0.0000000000e+00
26  1.6471149184e+02  0.0000000000e+00
27  1.2988772653e+02  0.0000000000e+00
28  1.0399776897e+02  0.0000000000e+00
29  8.5772779745e+01  0.0000000000e+00
30  7.3981903036e+01  0.0000000000e+00
31  6.7418940215e+01  0.0000000000e+00
