0  1.0559400659e+05  0.0000000000e+00
1  1.0889848136e+05  0.0000000000e+00
2  8.4442901942e+04  0.0000000000e+00
3  6.8523999490e+04  0.0000000000e+00
4  5.5133791117e+04  0.0000000000e+00
5  4.4326804960e+04  0.0000000000e+00
6  3.5465462310e+04  0.0000000000e+00
7  2.8183119971e+04  0.0000000000e+00
8  2.2276368578e+04  0.0000000000e+00
9  1.7560124141e+04  0.0000000000e+00
10  1.3871807908e+04  0.0000000000e+00
11  1.0963753149e+04  0.0000000000e+00
12  8.6911340864e+03  0.0000000000e+00
13  6.9074588855e+03  0.0000000000e+00
14  5.4794672690e+03  0.0000000000e+00
15  4.3051852665e+03  0.0000000000e+00
16  3.3761663056e+03  0.0000000000e+00
17  2.6678289924e+03  0.0000000000e+00
18  2.1162508106e+03  0.0000000000e+00
19  1.6708200990e+03  0.0000000000e+00
20  1.3186601111e+03  0.0000000000e+00
21  1.0417559500e+03  0.0000000000e+00
22  8.2354947453e+02  0.0000000000e+00
23  6.5338176831e+02  0.0000000000e+00
24  5.2042265244e+02  0.0000000000e+00
25  4.1724360807e+02  0.0000000000e+00
26  3.3705904314e+02  0.0000000000e+00
27  2.7508377293e+02  0.0000000000e+00
28  2.2784439145e+02  0.0000000000e+00
29  1.9270919078e+02  0.0000000000e+00
30  1.6782659111e+02  0.0000000000e+00
31  1.5221881130e+02  0.0000000000e+00
