0  9.7769337272e+04  0.0000000000e+00
1  1.0136578996e+05  0.0000000000e+00
2  7.7849186168e+04  0.0000000000e+00
3  6.2904417573e+04  0.0000000000e+00
4  5.0377886223e+04  0.0000000000e+00
5  4.0182707304e+04  0.0000000000e+00
6  3.1957725629e+04  0.0000000000e+00
7  2.5327078657e+04  0.0000000000e+00
8  2.0031445238e+04  0.0000000000e+00
9  1.5811420692e+04  0.0000000000e+00
10  1.2458403393e+04  0.0000000000e+00
11  9.8276973630e+03  0.0000000000e+00
12  7.7361595169e+03  0.0000000000e+00
13  6.0362662147e+03  0.0000000000e+00
14  4.6961774186e+03  0.0000000000e+00
15  3.6693626056e+03  0.0000000000e+00
16  2.8729225163e+03  0.0000000000e+00
17  2.2513345632e+03  0.0000000000e+00
18  1.7602575302e+03  0.0000000000e+00
19  1.3769963537e+03  0.0000000000e+00
20  1.0779600965e+03  0.0000000000e+00
21  8.4236840102e+02  0.0000000000e+00
22  6.5954011140e+02  0.0000000000e+00
23  5.1575777221e+02  0.0000000000e+00
24  4.0236685525e+02  0.0000000000e+00
25  3.1535557746e+02  0.0000000000e+00
26  2.4894896784e+02  0.0000000000e+00
27  1.9815999510e+02  0.0000000000e+00
28  1.6042068706e+02  0.0000000000e+00
29  1.3425982775e+02  0.0000000000e+00
30  1.1708578603e+02  0.0000000000e+00
31  1.0778646607e+02  0.0000000000e+00
