0  4.9533004815e+07 -2.3591413455e-12
1  5.1870647384e+07 -8.6740532747e-12
2  3.1234844898e+07 -1.8504020887e-11
3  2.4059225907e+07  1.1255856848e-11
4  1.8607493006e+07 -2.8841857231e-12
5  1.4417269352e+07  1.5386825487e-11
6  1.1626790279e+07 -6.2882326118e-12
7  9.2415790126e+06 -2.2830300335e-12
8  7.2357687150e+06  4.7689069751e-12
9  5.9121768351e+06  1.6092778381e-12
10  4.6993821781e+06  2.3017763114e-12
11  3.7199367028e+06 -2.5879194557e-13
12  2.9708142842e+06  2.2997036543e-13
13  2.3240867223e+06  4.7391353761e-14
14  1.8888942967e+06 -3.4805889014e-13
15  1.4988133560e+06 -9.4097129486e-13
16  1.2172690504e+06 -3.1063625823e-13
17  9.5780013907e+05 -4.8151754926e-13
18  7.7814528703e+05  2.1432361629e-13
19  6.2006951550e+05  2.3369882869e-13
20  4.9527537195e+05  5.9472495304e-15
21  4.0620176844e+05 -1.1874136485e-13
22  3.2374231152e+05  1.7536303147e-13
23  2.6183018149e+05  1.6442189026e-13
24  2.1762312820e+05  7.5699118887e-14
25  1.7819961536e+05  9.8068851554e-14
26  1.4776088308e+05 -1.3569595578e-14
27  1.2105610066e+05 -3.9060147011e-15
28  1.0167199319e+05 -1.2693900048e-15
29  8.6712905221e+04  5.1447240622e-14
30  7.6177266240e+04  2.7937172455e-14
31  7.2619455615e+04 -3.0052096874e-14
