0  5.3067324555e+07 -2.0026470986e-13
1  5.3668846711e+07  1.1158272113e-11
2  3.3401260966e+07 -8.7580345750e-12
3  2.5498622903e+07  4.4880440116e-12
4  1.9373894125e+07  4.7216938517e-12
5  1.5227083718e+07 -4.1612652135e-12
6  1.2305372574e+07 -4.2579128401e-12
7  9.6268185935e+06  6.9991013354e-12
8  7.7267800802e+06  8.7154016388e-13
9  6.0899979094e+06 -2.6429334305e-12
10  4.9244378120e+06  1.6981976814e-12
11  3.9759822555e+06  1.5832962718e-13
12  3.2499603553e+06  2.6133371308e-12
13  2.6376145088e+06  2.1759749620e-12
14  2.1018802795e+06 -9.3707630806e-13
15  1.6585655484e+06 -8.5275733258e-13
16  1.3213402518e+06  6.0141493743e-13
17  1.0343702058e+06 -2.1511918992e-13
18  8.1394810932e+05 -4.4091494673e-13
19  6.5267211455e+05  9.7171376584e-15
20  5.0863840901e+05 -2.2936874514e-13
21  3.9900732239e+05 -2.0669487503e-15
22  3.1731818363e+05 -2.0988747646e-13
23  2.5326769542e+05  1.1796966040e-13
24  2.0139185408e+05 -1.5010852904e-13
25  1.5978563908e+05 -1.6859238366e-14
26  1.2900309525e+05 -1.1376256952e-13
27  1.0410288434e+05 -6.0485404814e-14
28  8.4449289063e+04 -5.6993436668e-14
29  6.9375730815e+04  4.7618364120e-14
30  5.9887905403e+04 -8.1268467532e-15
31  5.4797724386e+04  3.7756643483e-14
