0 -1.4238963699e+02 -7.2948319714e-16
1  1.6672780942e+04  1.6776525136e-15
2  1.0807343091e+04  3.6089532784e-16
3  8.4585243636e+03 -2.0082558256e-16
4  6.5665154452e+03  1.4623248799e-15
5  5.1471320024e+03 -2.2044445381e-16
6  3.9776245085e+03  3.1016959512e-16
7  3.0752746766e+03  1.6555171074e-15
8  2.4007313446e+03 -2.6569030687e-16
9  1.8815835419e+03  9.8307014435e-17
10  1.4656024497e+03 -2.0391709400e-16
11  1.1518708593e+03 -3.7063620673e-16
12  9.0291568538e+02 -1.7553635513e-16
13  7.0969749073e+02  2.0353635269e-16
14  5.5785064028e+02 -4.2193244261e-16
15  4.3953292805e+02 -1.5382398902e-16
16  3.4773904110e+02  2.9708463015e-16
17  2.7462188853e+02 -1.0780188320e-16
18  2.1778002102e+02 -3.1418463717e-17
19  1.7175864593e+02 -3.3833566408e-17
20  1.3552433373e+02  1.1543687936e-16
21  1.0698727487e+02  4.9801302134e-18
22  8.4118829531e+01  3.2543852866e-17
23  6.5984852477e+01 -1.8771308902e-18
24  5.1700648109e+01 -2.7768651687e-17
25  4.0242833917e+01 -1.2106959552e-17
26  3.1023396240e+01  4.4616401705e-18
27  2.3697523110e+01  5.3659537209e-18
28  1.7486474287e+01 -4.3677253925e-18
29  1.2347043678e+01 -2.1154647858e-19
30  7.9401881534e+00 -3.0965406969e-18
31  3.9422467458e+00  4.1181683104e-19
