0  1.0038593002e+05  0.0000000000e+00
1  1.0267349793e+05  0.0000000000e+00
2  7.7464731064e+04  0.0000000000e+00
3  6.1027302002e+04  0.0000000000e+00
4  4.7938138909e+04  0.0000000000e+00
5  3.7626572596e+04  0.0000000000e+00
6  2.9317180393e+04  0.0000000000e+00
7  2.2654557076e+04  0.0000000000e+00
8  1.7372813265e+04  0.0000000000e+00
9  1.3364526792e+04  0.0000000000e+00
10  1.0383742055e+04  0.0000000000e+00
11  8.1096981194e+03  0.0000000000e+00
12  6.3213242207e+03  0.0000000000e+00
13  4.9117414200e+03  0.0000000000e+00
14  3.8244109079e+03  0.0000000000e+00
15  2.9899401467e+03  0.0000000000e+00
16  2.3299450410e+03  0.0000000000e+00
17  1.8003747915e+03  0.0000000000e+00
18  1.3870625520e+03  0.0000000000e+00
19  1.0680889027e+03  0.0000000000e+00
20  8.2145236554e+02  0.0000000000e+00
21  6.2787982964e+02  0.0000000000e+00
22  4.7893202117e+02  0.0000000000e+00
23  3.6523246383e+02  0.0000000000e+00
24  2.7827217398e+02  0.0000000000e+00
25  2.1261080445e+02  0.0000000000e+00
26  1.6386104644e+02  0.0000000000e+00
27  1.2770500132e+02  0.0000000000e+00
28  1.0126619509e+02  0.0000000000e+00
29  8.2849234946e+01  0.0000000000e+00
30  7.0899750481e+01  0.0000000000e+00
31  6.4296956127e+01  0.0000000000e+00
