0 -3.0838877927e+02  2.4322445201e-15
1  1.8260292760e+04 -6.6482900287e-15
2  1.2119863596e+04  1.1561364455e-17
3  9.6711139940e+03 -2.0638451157e-15
4  7.7105360793e+03 -3.4212719531e-18
5  6.1472944721e+03  4.1520882742e-15
6  4.8914054238e+03 -1.1169865827e-16
7  3.8971271524e+03 -2.8277100154e-15
8  3.1084441400e+03  1.0517140120e-15
9  2.4739753624e+03 -8.8985432733e-16
10  1.9856204040e+03 -8.6310984435e-16
11  1.5973286653e+03  1.3629084111e-15
12  1.2845721813e+03 -1.0286018710e-16
13  1.0320783566e+03  7.9806703136e-17
14  8.3048157778e+02 -2.0102977044e-16
15  6.6920200430e+02  2.0522803631e-16
16  5.4000919716e+02 -2.2328429058e-16
17  4.3122083176e+02 -7.9710194320e-17
18  3.4597506992e+02  3.4150589664e-16
19  2.7639404645e+02 -1.2184568946e-17
20  2.2212471681e+02 -8.0571468009e-17
21  1.7863185055e+02 -1.2295064394e-16
22  1.4279849285e+02 -1.2751128109e-17
23  1.1367482194e+02  5.1792041318e-17
24  9.0401612408e+01 -2.1212987252e-17
25  7.1384198536e+01  5.7534712942e-18
26  5.5784134083e+01 -8.3467950111e-18
27  4.2864264728e+01 -5.1802417472e-18
28  3.1772727251e+01  1.8206443806e-18
29  2.2118178138e+01  2.0469609962e-18
30  1.3528511805e+01 -1.7292177618e-18
31  5.6281017428e+00 -2.0143502277e-18
