0  4.8874493590e+07  1.7736370079e-11
1  5.0940452355e+07  1.4099290084e-11
2  3.0450976618e+07 -1.5339958822e-12
3  2.2918999937e+07 -6.6734852462e-12
4  1.8394414864e+07 -2.5864865052e-13
5  1.4787861866e+07 -4.9929198449e-13
6  1.1495323457e+07 -7.3149327340e-13
7  9.2282507304e+06 -6.0839537474e-12
8  7.2495684052e+06  3.7168495229e-12
9  5.6839459282e+06  5.4282710870e-12
10  4.5329644137e+06 -1.9038884715e-12
11  3.6025346154e+06  4.7622963691e-13
12  2.9177697331e+06 -4.6602895406e-13
13  2.2920181142e+06 -1.0202667132e-12
14  1.8190742481e+06 -1.0063987054e-12
15  1.4421394432e+06  3.3199162355e-13
16  1.1025796512e+06 -8.8760630030e-14
17  8.7303815594e+05  7.7829956514e-13
18  6.7972568103e+05 -3.8514980322e-13
19  5.5128376314e+05  3.5695913136e-13
20  4.3576651169e+05 -2.9697994528e-14
21  3.4370981588e+05  1.5565503361e-14
22  2.6747907279e+05 -1.3196375976e-13
23  2.0990475597e+05 -7.3678157160e-14
24  1.6394030869e+05  9.9426290042e-15
25  1.2774131705e+05 -1.7363024101e-13
26  1.0013392561e+05 -6.3272815869e-14
27  8.1735648129e+04 -7.0792876002e-14
28  6.6082732402e+04  8.0006017003e-15
29  5.7169388512e+04 -4.1719938132e-15
30  5.0026441578e+04 -5.3768879782e-15
31  4.5948865638e+04 -5.2812521983e-14
