0  5.4013360630e+02  2.9659898910e-16
1  1.8851626220e+04 -1.6499956173e-15
2  1.2605165157e+04 -3.4218299360e-15
3  1.0077341702e+04 -2.0955861930e-15
4  7.9443841118e+03  2.5786936580e-15
5  6.2655472410e+03 -2.8855754947e-16
6  4.9463401836e+03 -2.1940522909e-15
7  3.8844215381e+03 -6.3879460879e-16
8  3.0394116009e+03  1.8533091474e-15
9  2.3810497722e+03 -4.1093570502e-16
10  1.8655845821e+03  1.3395072202e-15
11  1.4622273094e+03 -1.2666610103e-15
12  1.1419696950e+03 -4.9057374272e-16
13  8.8853857013e+02  2.8094346443e-16
14  6.9451577509e+02 -2.8144999013e-17
15  5.4362954950e+02 -4.3309218110e-16
16  4.2237711018e+02 -1.4571740726e-16
17  3.2830199133e+02  2.3037549160e-16
18  2.5599186986e+02 -2.6318255995e-16
19  2.0035491040e+02  1.7546287502e-17
20  1.5554064383e+02 -1.5917869308e-16
21  1.1997251799e+02  1.7429714593e-17
22  9.2906381371e+01  1.3989649096e-17
23  7.1501409938e+01 -2.0716414187e-17
24  5.4847263977e+01 -1.2739269648e-17
25  4.1997577991e+01 -1.6932744481e-17
26  3.1930232711e+01 -8.8648350677e-18
27  2.4036624035e+01  4.1754489135e-18
28  1.7754992267e+01  1.5784458972e-18
29  1.2596458445e+01 -2.2976298090e-18
30  8.1116902530e+00 -2.2612603318e-18
31  4.0612981502e+00  7.3056591701e-20
