0  2.7021306093e+02  4.1331311474e-16
1  1.7555194311e+04 -1.0808540630e-15
2  1.1522287372e+04  1.2807310216e-15
3  9.0830763033e+03 -1.6573226640e-15
4  7.0847474699e+03 -1.2772659686e-15
5  5.5932752804e+03  5.8793568015e-16
6  4.4138793399e+03  5.9665212563e-16
7  3.4854641394e+03 -8.0148798568e-17
8  2.7427384454e+03 -1.1223354899e-15
9  2.1702280297e+03  8.1534904459e-16
10  1.7152974878e+03  5.3438726307e-17
11  1.3591494959e+03 -1.0267334752e-15
12  1.0776364648e+03 -1.0037414540e-16
13  8.5319148779e+02  4.1124296622e-16
14  6.7585302713e+02  1.1093484631e-18
15  5.3546625707e+02  3.0635222938e-16
16  4.2327495406e+02 -1.3383258209e-16
17  3.3572423440e+02 -1.6212157671e-16
18  2.6524387133e+02 -5.0650982059e-18
19  2.1051393913e+02  2.8777520866e-17
20  1.6681478768e+02 -1.1723835963e-16
21  1.3165665965e+02 -2.0858451024e-17
22  1.0373703017e+02  8.8853756167e-19
23  8.0561491378e+01  2.3413525909e-17
24  6.2601293150e+01 -1.6871943397e-17
25  4.7960924238e+01 -1.2602791464e-17
26  3.6442380023e+01  3.5587030488e-18
27  2.7310721059e+01  9.3779782151e-18
28  1.9665585844e+01  6.2110543742e-18
29  1.3720055586e+01 -5.2799269372e-18
30  8.7316307648e+00  1.0194041520e-18
31  4.3143350040e+00 -1.8301205617e-19
