0 -1.8033442931e+02 -1.1608374784e-16
1  1.8529042750e+04 -1.0089246604e-15
2  1.2156589475e+04 -5.0639774754e-15
3  9.6625978015e+03 -9.4230975426e-16
4  7.5988738795e+03  2.1662867626e-19
5  5.9952565683e+03  1.2985171783e-15
6  4.7305010023e+03  2.4375861217e-16
7  3.7431307098e+03 -8.1140600034e-16
8  2.9628115409e+03  4.6575885374e-16
9  2.3495485334e+03 -7.3477228262e-16
10  1.8741324117e+03 -1.1870402309e-15
11  1.4853830280e+03 -8.0433422814e-16
12  1.1748683769e+03  2.4513535834e-16
13  9.3608244030e+02  1.5022764594e-16
14  7.4593167960e+02  1.5107827878e-16
15  5.9544769539e+02  2.1255635361e-16
16  4.7420233844e+02  1.4354114139e-16
17  3.8059706917e+02 -1.6052372846e-17
18  3.0626709108e+02 -6.1011994949e-17
19  2.4621561060e+02  3.7445632532e-17
20  1.9821049183e+02 -7.3556341140e-18
21  1.5980553166e+02  3.1106226197e-17
22  1.2829863692e+02 -6.3438532585e-18
23  1.0138092273e+02  4.8305230191e-17
24  7.9887352651e+01  5.3632008638e-18
25  6.2729925815e+01  3.0899550158e-17
26  4.8735179893e+01 -5.4079877309e-18
27  3.7588492427e+01  6.7629228091e-18
28  2.8227379104e+01 -8.5822437007e-18
29  2.0303443861e+01  1.8214384740e-18
30  1.3605405291e+01  6.0096987608e-19
31  7.5616168410e+00  1.2070219498e-19
