0 -2.1485449566e+02  1.0716864137e-15
1  1.9220994557e+04 -1.9880045384e-15
2  1.2630720220e+04 -7.3708277674e-16
3  1.0009876036e+04 -2.2718761957e-15
4  7.8179084956e+03 -1.2592641892e-15
5  6.1167132658e+03 -4.3257424162e-15
6  4.8118222235e+03 -1.6472319605e-15
7  3.7836992406e+03  8.2418423350e-18
8  2.9951362553e+03 -1.1087639045e-15
9  2.3750213660e+03 -7.1470670738e-16
10  1.8806815099e+03  1.4261747843e-16
11  1.4843084221e+03  1.0041285481e-15
12  1.1688934438e+03 -1.5410599805e-17
13  9.1938249371e+02 -8.7450434332e-17
14  7.2196257906e+02  2.4398572287e-16
15  5.6759662971e+02 -2.6670494646e-16
16  4.4702693357e+02 -3.3103439889e-16
17  3.4879583356e+02 -2.5262228256e-16
18  2.6987793504e+02  6.5880105055e-17
19  2.0930284308e+02  2.7930911436e-18
20  1.6211199106e+02 -1.2419032960e-16
21  1.2523426215e+02  5.0048529875e-18
22  9.7816562026e+01 -4.6904449454e-18
23  7.5212510883e+01 -8.1299810464e-18
24  5.7985466760e+01  2.5686274125e-19
25  4.4705192752e+01 -3.7820021095e-19
26  3.4352819316e+01  2.0108562168e-18
27  2.5815350118e+01 -4.2907777432e-18
28  1.8938293597e+01  1.4919161877e-18
29  1.3288391868e+01 -5.0835741121e-18
30  8.4182411079e+00  1.1866931591e-18
31  4.1424422902e+00  1.5680697436e-19
