0  5.1315292942e+07 -1.0501786589e-11
1  5.6441089985e+07  2.2895250071e-12
2  3.2091168742e+07  1.6596669845e-11
3  2.4083984031e+07  1.2523453932e-11
4  1.8784293423e+07  7.4653970474e-12
5  1.4611437999e+07 -8.4487968771e-13
6  1.1414047385e+07 -4.5988038454e-12
7  8.5332624853e+06 -1.6256590221e-12
8  6.5648976647e+06  2.1389255334e-12
9  5.0915294121e+06 -1.5786280388e-12
10  3.9147079193e+06  1.9896518546e-12
11  3.0472780170e+06  2.4791984576e-12
12  2.3981956402e+06  4.8764021955e-13
13  1.8850120680e+06  1.0304307192e-12
14  1.4841018221e+06  7.3287396325e-13
15  1.1524268234e+06  8.5892649209e-13
16  9.0710620314e+05 -1.8849777726e-13
17  7.1540965534e+05  3.9565736944e-13
18  5.5685212185e+05  4.7002933326e-14
19  4.2906399112e+05 -1.7581866902e-13
20  3.3296428075e+05  2.2112725351e-13
21  2.6093494587e+05  1.3181065271e-13
22  2.0845685309e+05 -1.9767451247e-15
23  1.6326277779e+05 -2.4263307181e-15
24  1.3088433659e+05 -6.4152812103e-14
25  1.0735406242e+05 -4.7915248833e-14
26  8.4331671880e+04  5.5886973943e-15
27  6.7512685096e+04  2.0738292381e-14
28  5.6702301579e+04  1.4370370805e-14
29  4.9779228344e+04 -3.1844624058e-15
30  4.4231183603e+04  9.1670649391e-15
31  4.2296191209e+04  5.4685941922e-15
