0  5.2495370248e+07  6.1459114558e-12
1  5.2826967018e+07 -9.5165754110e-12
2  3.1945229420e+07  1.3855318653e-11
3  2.3968191636e+07 -8.9470285728e-12
4  1.8428009103e+07  3.6170319076e-12
5  1.3768005406e+07  6.3600065487e-12
6  1.0826387759e+07  3.8611267212e-12
7  8.2541497698e+06  9.2416818776e-12
8  6.4189944591e+06  5.1545710301e-12
9  4.9895748990e+06 -2.6134357236e-12
10  3.8893750154e+06 -6.1238546114e-13
11  2.9261579310e+06 -8.1371737884e-13
12  2.2925508333e+06  3.8852586352e-13
13  1.7343830354e+06  4.9969385647e-13
14  1.3324002570e+06 -3.7441247709e-14
15  1.0161414499e+06 -6.0213501842e-13
16  7.7398415099e+05 -4.6278962181e-13
17  6.0909202218e+05 -1.0560996168e-14
18  4.6808940185e+05  1.6207485156e-13
19  3.5475279666e+05  2.8889019659e-13
20  2.7807356732e+05 -8.1873444921e-14
21  2.1525800773e+05  2.0086751845e-13
22  1.6794805661e+05 -3.9214430675e-14
23  1.2417105150e+05 -1.8348395583e-14
24  9.5837721305e+04  6.8115328620e-14
25  7.5574101486e+04  3.1358468128e-14
26  5.9989918263e+04 -2.0591859681e-14
27  4.7246623126e+04  4.1839529753e-14
28  3.8299149856e+04  1.6782135197e-14
29  3.3039647235e+04  2.0899912961e-14
30  2.8361248985e+04  8.0382804853e-15
31  2.5887657378e+04 -9.1033768089e-15
