0  2.0100000470e+02 -4.0645346607e-15
1  1.8526962421e+04  3.9861328146e-16
2  1.2476394362e+04  1.1957561999e-15
3  1.0088100720e+04 -2.3084668544e-15
4  8.0500064131e+03 -4.7709003699e-16
5  6.4667301564e+03  5.1153410240e-16
6  5.1862448223e+03 -1.9980052711e-15
7  4.1679301022e+03  2.2961695242e-15
8  3.3288059480e+03 -3.8147420505e-16
9  2.6457641919e+03  1.0510592291e-15
10  2.1066318556e+03 -7.6980360656e-16
11  1.6818441772e+03 -3.6300217671e-16
12  1.3364508841e+03  5.8802625973e-16
13  1.0601282388e+03 -7.1863703290e-16
14  8.4514833609e+02 -2.1461612598e-16
15  6.7456282322e+02 -5.7016339366e-16
16  5.3798431880e+02  7.1449399623e-17
17  4.3234994547e+02 -2.0984097774e-16
18  3.4630182786e+02 -7.0611631098e-17
19  2.7713465429e+02 -8.2278662914e-18
20  2.2214834298e+02 -7.6578872333e-17
21  1.7816012723e+02  1.3594137650e-17
22  1.4293488627e+02 -1.2496065313e-17
23  1.1389838630e+02  1.0486585524e-17
24  9.0394033318e+01  5.2842785689e-17
25  7.1219376074e+01 -3.1109720208e-17
26  5.5527527040e+01  1.7338340914e-17
27  4.2872173838e+01  4.3738663814e-19
28  3.2170856395e+01 -1.2933981346e-17
29  2.3198431859e+01  5.0186702125e-19
30  1.5145499099e+01  3.4743173914e-18
31  7.9055798515e+00 -6.1372830984e-19
