0  1.0547679550e+05  0.0000000000e+00
1  1.0641668465e+05  0.0000000000e+00
2  8.0561283379e+04  0.0000000000e+00
3  6.3742272167e+04  0.0000000000e+00
4  5.0147389324e+04  0.0000000000e+00
5  3.9222768078e+04  0.0000000000e+00
6  3.0535731474e+04  0.0000000000e+00
7  2.3728803155e+04  0.0000000000e+00
8  1.8380827654e+04  0.0000000000e+00
9  1.4179972238e+04  0.0000000000e+00
10  1.0917762925e+04  0.0000000000e+00
11  8.4067131692e+03  0.0000000000e+00
12  6.4849826644e+03  0.0000000000e+00
13  5.0123859741e+03  0.0000000000e+00
14  3.8538994629e+03  0.0000000000e+00
15  2.9580474006e+03  0.0000000000e+00
16  2.2760064605e+03  0.0000000000e+00
17  1.7571882537e+03  0.0000000000e+00
18  1.3584319417e+03  0.0000000000e+00
19  1.0525502035e+03  0.0000000000e+00
20  8.1835577511e+02  0.0000000000e+00
21  6.4003131407e+02  0.0000000000e+00
22  5.0338971164e+02  0.0000000000e+00
23  3.9722803915e+02  0.0000000000e+00
24  3.1469823115e+02  0.0000000000e+00
25  2.4951324002e+02  0.0000000000e+00
26  1.9949800203e+02  0.0000000000e+00
27  1.6144028591e+02  0.0000000000e+00
28  1.3254004258e+02  0.0000000000e+00
29  1.1105031844e+02  0.0000000000e+00
30  9.6038473707e+01  0.0000000000e+00
31  8.7005471643e+01  0.0000000000e+00
