0 -1.3784021992e+02  3.7687068686e-15
1  1.5933347030e+04  1.5755342215e-16
2  1.0407257949e+04  2.6348539541e-15
3  8.1328309968e+03 -8.7182216055e-16
4  6.2417099966e+03 -2.5126344054e-15
5  4.8486189035e+03 -2.4131291041e-16
6  3.7727209168e+03  1.4987629668e-15
7  2.9201006012e+03  3.0686203734e-16
8  2.2563050639e+03 -1.6116349774e-15
9  1.7615400181e+03 -4.6457999564e-16
10  1.3689667012e+03  2.5463589164e-16
11  1.0575288389e+03 -3.7394397627e-16
12  8.1408412519e+02 -2.9359003691e-16
13  6.2561905843e+02  8.3597207339e-16
14  4.7986860176e+02 -3.0831300478e-16
15  3.6932561724e+02 -5.1324902648e-17
16  2.8311660090e+02 -1.3300047810e-16
17  2.1811849773e+02 -1.1915635985e-18
18  1.6782036540e+02  1.7450432490e-16
19  1.2854412013e+02  1.0284509933e-16
20  9.9349422022e+01  1.1880854695e-17
21  7.6570577006e+01  6.8421203897e-18
22  5.8597239215e+01 -5.6853910211e-18
23  4.5018254651e+01 -1.0586058956e-17
24  3.4356276928e+01 -1.5219064480e-18
25  2.6123023186e+01  8.3502625523e-18
26  1.9596688404e+01  2.3865682684e-18
27  1.4506551861e+01  3.7004751883e-18
28  1.0505591622e+01 -4.2740753123e-18
29  7.2994286012e+00  6.6481498448e-19
30  4.5541489249e+00 -1.0616499203e-18
31  2.2183121463e+00  3.9376444135e-19
