0  5.8818077538e+00 -5.5080580561e-15
1  1.9162505015e+04  1.5855270926e-16
2  1.2557293723e+04  4.7413653898e-15
3  9.8895486513e+03 -1.8166224564e-15
4  7.6618343275e+03  3.4539991886e-16
5  5.9750765891e+03 -2.0863480282e-16
6  4.6340284654e+03  1.9280644637e-15
7  3.5771938785e+03 -3.6728576791e-16
8  2.7586638367e+03  5.5774472599e-16
9  2.1275863386e+03  6.6309259592e-16
10  1.6352152698e+03  2.4301608191e-16
11  1.2694309429e+03 -2.4447806077e-17
12  9.8195391713e+02  7.8506147573e-16
13  7.5835769814e+02 -6.5681475829e-17
14  5.8138113309e+02  3.8995125784e-16
15  4.4566365202e+02  3.6854085898e-17
16  3.4085086316e+02  8.1802630398e-17
17  2.6162901546e+02  1.5501486440e-16
18  1.9981687160e+02 -1.1333756114e-16
19  1.5307192483e+02  1.1697715584e-16
20  1.1722284707e+02 -2.3492988188e-17
21  8.9567551393e+01 -2.4979001615e-18
22  6.8419743606e+01  2.5324141071e-17
23  5.2099617352e+01  1.0873097246e-17
24  3.9347062596e+01  7.9996967912e-18
25  2.9608413289e+01  3.1622916295e-18
26  2.2143906686e+01  3.6517707939e-18
27  1.6302067074e+01 -6.1113427144e-19
28  1.1880977608e+01  5.2738388878e-19
29  8.2978842871e+00 -4.4590990717e-19
30  5.3365560569e+00 -4.2785751748e-19
31  2.7532043877e+00 -3.6978282104e-19
