0  9.0111858337e+04  0.0000000000e+00
1  9.2580181976e+04  0.0000000000e+00
2  6.8581217879e+04  0.0000000000e+00
3  5.3718308554e+04  0.0000000000e+00
4  4.1889577830e+04  0.0000000000e+00
5  3.2718470413e+04  0.0000000000e+00
6  2.5685985329e+04  0.0000000000e+00
7  2.0301891753e+04  0.0000000000e+00
8  1.6070693499e+04  0.0000000000e+00
9  1.2718968708e+04  0.0000000000e+00
10  1.0092083271e+04  0.0000000000e+00
11  8.0315663001e+03  0.0000000000e+00
12  6.3830270984e+03  0.0000000000e+00
13  5.0804599196e+03  0.0000000000e+00
14  4.0565686213e+03  0.0000000000e+00
15  3.2433672094e+03  0.0000000000e+00
16  2.5950631148e+03  0.0000000000e+00
17  2.0749276026e+03  0.0000000000e+00
18  1.6521838817e+03  0.0000000000e+00
19  1.3069967286e+03  0.0000000000e+00
20  1.0367436236e+03  0.0000000000e+00
21  8.2463143164e+02  0.0000000000e+00
22  6.5368891412e+02  0.0000000000e+00
23  5.1755224487e+02  0.0000000000e+00
24  4.1034033837e+02  0.0000000000e+00
25  3.2483789026e+02  0.0000000000e+00
26  2.5900160126e+02  0.0000000000e+00
27  2.0929225634e+02  0.0000000000e+00
28  1.7244915687e+02  0.0000000000e+00
29  1.4604286210e+02  0.0000000000e+00
30  1.2837826140e+02  0.0000000000e+00
31  1.1830023611e+02  0.0000000000e+00
