0  5.3185629978e+07  1.0942538206e-12
1  5.8112639471e+07  7.9480122584e-13
2  3.5188499740e+07  5.3087496978e-12
3  2.6120224673e+07  2.5707775802e-12
4  1.9941510215e+07 -5.6491361408e-12
5  1.5536755531e+07 -9.3758752246e-13
6  1.2301581720e+07 -3.4428630682e-12
7  9.5296319376e+06 -1.6494952619e-12
8  7.5191452005e+06  3.4024340566e-12
9  5.8539616114e+06  1.0581800577e-12
10  4.4421165032e+06 -1.3098065374e-12
11  3.3826104975e+06 -1.1904623245e-12
12  2.6399851717e+06  3.7944304341e-13
13  1.9342389065e+06 -2.8462674418e-12
14  1.4552710943e+06  8.0752593111e-13
15  1.1111102455e+06 -9.5821386100e-13
16  8.2228336018e+05 -1.1231126139e-13
17  6.1687429704e+05 -2.5471948502e-13
18  4.6644519824e+05  2.9400918258e-14
19  3.5795536952e+05  1.5159521834e-13
20  2.7672250801e+05 -6.9822905352e-15
21  2.1106547785e+05 -1.0947972195e-14
22  1.6199065462e+05  4.5751747922e-14
23  1.2254074119e+05 -5.1299320082e-14
24  9.2315663177e+04  4.1954625987e-14
25  7.0613018578e+04  1.3214264857e-14
26  5.4696371299e+04  3.2850362750e-14
27  4.2196886761e+04 -5.3276167119e-16
28  3.3921788381e+04  4.4496015196e-15
29  2.7458767654e+04 -1.4436297329e-14
30  2.4174985752e+04  2.4577538061e-14
31  2.2710972132e+04  1.5793416987e-14
