0  5.1664498126e+07 -1.3816686226e-11
1  5.3114834674e+07  1.3073777009e-11
2  3.1673754148e+07 -1.6686473207e-12
3  2.4713023515e+07 -8.8621968915e-12
4  1.9020104091e+07  3.2573437946e-12
5  1.4785222666e+07  1.6042529986e-12
6  1.1587698293e+07  8.2973560027e-13
7  8.7884914638e+06 -4.0325522303e-12
8  6.9091609569e+06  1.2827546422e-13
9  5.4074596228e+06  9.1546998870e-13
10  4.2822217493e+06 -2.9376252459e-13
11  3.4001788454e+06 -2.7335266748e-12
12  2.6590506994e+06 -1.6699466630e-13
13  2.0178673858e+06  4.8666563167e-13
14  1.5884907489e+06 -7.0072607405e-13
15  1.2231583002e+06 -1.3317600509e-13
16  9.3505174659e+05 -4.9967285757e-14
17  7.2538188302e+05 -6.2190558862e-14
18  5.5333564968e+05 -7.1107608458e-14
19  4.4767038227e+05 -1.4042711212e-13
20  3.5115328736e+05 -2.3630949244e-13
21  2.6574229103e+05  1.1430900417e-13
22  2.1115878950e+05 -8.0641262505e-14
23  1.6158810616e+05  1.0274359889e-13
24  1.2667982008e+05  1.3005667889e-13
25  9.6480376055e+04 -4.1049255505e-14
26  7.5361932126e+04  1.1102966679e-14
27  6.1251422423e+04  5.8770904738e-15
28  4.8010267564e+04  2.7515639822e-14
29  4.0133213787e+04 -4.2303275938e-14
30  3.3677787873e+04 -5.8532585914e-16
31  3.0484536436e+04  1.2371251865e-14
