0 -4.5510431702e+02  2.9470554754e-15
1  1.6890677509e+04 -6.4288297213e-16
2  1.0968389517e+04 -2.8140117986e-16
3  8.6113071309e+03  1.0572538193e-16
4  6.7167331424e+03  1.8222288616e-16
5  5.2807237740e+03 -5.3086741766e-16
6  4.1548459467e+03 -2.0085405478e-15
7  3.2778856085e+03  2.8905084028e-16
8  2.5765375613e+03  1.0356827753e-15
9  2.0196973196e+03 -5.4628712307e-16
10  1.5925705535e+03  3.6727316829e-16
11  1.2585770329e+03  6.2202457405e-16
12  9.9329094857e+02  3.1886216486e-16
13  7.8042182823e+02 -6.5373367594e-17
14  6.1751707617e+02 -3.8569645253e-18
15  4.8840077532e+02  3.6191859658e-16
16  3.8729782435e+02 -2.3852543086e-16
17  3.0643799611e+02  8.6903462806e-17
18  2.4280125949e+02  2.5121038452e-17
19  1.9191200094e+02  1.2961869906e-16
20  1.5129580531e+02 -1.0761384188e-16
21  1.1917302609e+02 -3.6107479294e-17
22  9.3158083608e+01 -1.3740250833e-17
23  7.2428028125e+01  1.1251826853e-17
24  5.6308698000e+01 -1.3794143304e-17
25  4.3662077301e+01 -5.2189405649e-18
26  3.3253176271e+01  9.3704740326e-18
27  2.5017551350e+01 -3.7806256810e-18
28  1.8198282484e+01 -1.3861164786e-18
29  1.2535117723e+01 -2.0814775888e-18
30  7.5872925372e+00  1.9661752288e-18
31  3.0611553055e+00 -6.3792168840e-19
