0  5.1397669888e+07 -1.8458494788e-12
1  5.3631731233e+07  1.9516766997e-11
2  3.1697455562e+07  1.7180617378e-11
3  2.4079366260e+07 -1.0330028949e-11
4  1.8069481994e+07 -3.6936119579e-12
5  1.4485710928e+07 -7.7061140019e-12
6  1.1677545973e+07  4.7867755509e-12
7  9.3339621138e+06 -9.0492496041e-13
8  7.2426717732e+06 -1.4759535986e-12
9  5.8143052018e+06  5.0907075988e-12
10  4.5841370922e+06 -5.2360677716e-12
11  3.6969656184e+06  1.0439303391e-12
12  3.0002484839e+06 -3.1934920701e-13
13  2.3347572020e+06 -1.0889635437e-12
14  1.8332302509e+06 -3.1559734034e-13
15  1.4656192965e+06 -9.6495295174e-13
16  1.2055229592e+06  1.0954245604e-13
17  9.7283002111e+05 -1.9800574695e-14
18  7.6639430513e+05  2.7981525011e-13
19  5.9386003784e+05 -1.5134510349e-13
20  4.7112651744e+05  1.8435260587e-13
21  3.6097386136e+05  1.0206950251e-13
22  2.9070368929e+05 -6.0731338662e-14
23  2.3848323569e+05 -2.8663397734e-14
24  1.8728644820e+05  8.5679430979e-14
25  1.4999317590e+05 -8.5753865991e-14
26  1.2050392541e+05 -9.4914312093e-14
27  9.4643267545e+04 -1.3223354039e-14
28  7.9791730072e+04 -2.2914698082e-15
29  6.9082100516e+04  2.7596832549e-14
30  6.1827157543e+04  4.3289526711e-15
31  5.7966747449e+04 -3.7018860607e-15
