0  1.0591739288e+05  0.0000000000e+00
1  1.0773754011e+05  0.0000000000e+00
2  8.2599138119e+04  0.0000000000e+00
3  6.6055824382e+04  0.0000000000e+00
4  5.2416358090e+04  0.0000000000e+00
5  4.1438533026e+04  0.0000000000e+00
6  3.2517356583e+04  0.0000000000e+00
7  2.5385639401e+04  0.0000000000e+00
8  1.9848929875e+04  0.0000000000e+00
9  1.5593562822e+04  0.0000000000e+00
10  1.2267542503e+04  0.0000000000e+00
11  9.6438541546e+03  0.0000000000e+00
12  7.5901331415e+03  0.0000000000e+00
13  6.0062696009e+03  0.0000000000e+00
14  4.7631452275e+03  0.0000000000e+00
15  3.7485814045e+03  0.0000000000e+00
16  2.9289398290e+03  0.0000000000e+00
17  2.2827850115e+03  0.0000000000e+00
18  1.7797027744e+03  0.0000000000e+00
19  1.3885429059e+03  0.0000000000e+00
20  1.0841758589e+03  0.0000000000e+00
21  8.4765852866e+02  0.0000000000e+00
22  6.6302670938e+02  0.0000000000e+00
23  5.1775349433e+02  0.0000000000e+00
24  4.0521604499e+02  0.0000000000e+00
25  3.1717786512e+02  0.0000000000e+00
26  2.5014446355e+02  0.0000000000e+00
27  1.9986083061e+02  0.0000000000e+00
28  1.6211026979e+02  0.0000000000e+00
29  1.3479270989e+02  0.0000000000e+00
30  1.1660712740e+02  0.0000000000e+00
31  1.0599169700e+02  0.0000000000e+00
