0  5.1596546360e+07  5.5957660850e-12
1  5.6196507179e+07  4.5472692248e-11
2  3.4480240307e+07  1.7269023576e-11
3  2.5968103535e+07  7.7774305215e-12
4  1.9983247762e+07  4.6477810780e-12
5  1.5903387846e+07  2.7430809555e-13
6  1.3068710591e+07 -2.4892455753e-12
7  1.0452768865e+07  4.0119662323e-14
8  8.4791010758e+06 -1.2065565023e-12
9  6.9196030162e+06 -1.8689348111e-12
10  5.5853474310e+06 -2.3411486765e-12
11  4.4604906809e+06  2.7020049254e-13
12  3.6102787979e+06 -1.8888992222e-12
13  2.8670074360e+06  6.5064589464e-13
14  2.3109394429e+06 -1.3950389934e-12
15  1.8227710975e+06  9.6646177691e-13
16  1.4537224323e+06 -5.8572471182e-14
17  1.1705674757e+06 -2.2399140833e-13
18  9.3739274570e+05 -5.5699654016e-14
19  7.4438381473e+05 -3.6265122725e-13
20  5.7731603182e+05  6.0624958381e-16
21  4.5308293925e+05 -1.7878328623e-13
22  3.5039586783e+05  5.8053098403e-14
23  2.7942260580e+05 -1.0190200418e-14
24  2.2081773483e+05 -7.4039263891e-14
25  1.7956239189e+05 -1.4758126063e-13
26  1.4861993109e+05  1.2278412833e-14
27  1.2228893550e+05 -6.7441375192e-14
28  1.0368524292e+05 -5.3226907969e-14
29  8.9458470263e+04 -5.0418514370e-14
30  8.0442406998e+04 -4.8742051616e-14
31  7.4462741365e+04  1.1057154710e-14
