0 -4.7619697769e+01  1.3841815377e-15
1  1.7035179798e+04 -4.0716136856e-15
2  1.1020967497e+04  1.3278158361e-15
3  8.5512909649e+03 -6.5231066059e-16
4  6.5780299468e+03 -3.3385320807e-15
5  5.0702200022e+03  1.1349963031e-15
6  3.9207214420e+03  1.6207420639e-15
7  3.0187011241e+03 -6.2171032482e-16
8  2.3313897448e+03  9.9005403688e-16
9  1.8014566056e+03 -5.0862952054e-17
10  1.3975654740e+03 -8.0153541953e-16
11  1.0785354314e+03  2.7826334630e-16
12  8.3149141958e+02  2.5283901712e-16
13  6.3772679724e+02 -1.1332940845e-16
14  4.8780762456e+02  3.8452161783e-16
15  3.7399821022e+02 -1.1949252606e-16
16  2.8389576328e+02 -2.9312517464e-16
17  2.1595330950e+02  1.9906333052e-18
18  1.6461935592e+02  3.7325036216e-18
19  1.2508665511e+02  7.2467268528e-17
20  9.5150448907e+01  1.2884334628e-16
21  7.2463491703e+01 -3.2009428016e-17
22  5.5057424235e+01  1.7327911821e-17
23  4.1947302498e+01 -3.7532956335e-18
24  3.1852833720e+01  7.8051439112e-18
25  2.4064335724e+01  1.0197641410e-17
26  1.7951245430e+01 -4.4720692637e-18
27  1.3259034378e+01  2.2741775843e-18
28  9.5806569487e+00  9.5984714792e-19
29  6.7046099170e+00 -1.5532466670e-19
30  4.3342460179e+00  5.0716097717e-19
31  2.2947457174e+00 -1.4759549106e-19
