0  4.2526197861e+01  1.8642259198e-15
1  1.7058720600e+04  1.2030819761e-15
2  1.1267538880e+04  4.3334459691e-16
3  8.9410613099e+03 -1.9809008966e-16
4  7.0159272225e+03 -5.1553347434e-16
5  5.5071580883e+03  1.5900566013e-15
6  4.3621555018e+03 -4.0663891864e-16
7  3.4407520606e+03  2.3613825908e-15
8  2.7288255844e+03 -1.1406281193e-15
9  2.1528288785e+03  6.2772934095e-16
10  1.6981791418e+03  9.5624175218e-16
11  1.3314272599e+03 -8.8658165672e-16
12  1.0386008301e+03  3.2668970221e-16
13  8.1020422623e+02 -6.3595191328e-16
14  6.2610290622e+02 -2.1577772579e-16
15  4.8210887825e+02  5.2281748123e-16
16  3.6980139428e+02 -1.9624059322e-16
17  2.8140271800e+02 -2.0881154154e-16
18  2.1405574165e+02  2.2182231172e-16
19  1.6452920585e+02 -2.4880957551e-17
20  1.2586496430e+02  8.0288664883e-18
21  9.6579662679e+01  7.2291085675e-18
22  7.4403523458e+01  2.8452683731e-17
23  5.7285908707e+01 -2.6619598554e-17
24  4.4071826982e+01  1.1047638973e-17
25  3.3797184263e+01 -1.1901024667e-17
26  2.5714028865e+01 -3.1394217399e-18
27  1.9317636930e+01 -1.9015360270e-18
28  1.4063946890e+01 -1.9098475378e-18
29  9.7667290226e+00  1.2745728274e-18
30  5.9048800320e+00  8.8769052872e-19
31  2.5435790865e+00 -1.7258296300e-19
