0  4.5658688562e+07  3.1654913666e-11
1  5.2270719769e+07  1.8984165966e-11
2  2.9014879145e+07 -3.5452987538e-12
3  2.1387957637e+07  7.3455714805e-12
4  1.6420650188e+07  1.2552429567e-11
5  1.2398796585e+07  9.1304367074e-13
6  9.6362271302e+06 -1.8611541784e-12
7  7.6269896655e+06 -4.6134701137e-13
8  6.0478045253e+06  4.8651971951e-12
9  4.8087236036e+06  3.0207406674e-12
10  3.7934146749e+06 -1.0350199378e-12
11  2.9907015369e+06 -2.3599300451e-12
12  2.4019352214e+06  6.6887534839e-13
13  1.9293433369e+06  1.8603274821e-12
14  1.5061926931e+06  2.3192628695e-13
15  1.2248221022e+06 -1.4998823438e-13
16  9.6352668118e+05 -3.7910348611e-13
17  7.6847306929e+05  1.5433206251e-13
18  6.2152595198e+05 -7.3022488348e-14
19  4.9227958533e+05 -1.3055582512e-13
20  3.8986776373e+05  5.0192019157e-14
21  3.1388756548e+05 -1.7154831113e-13
22  2.4307745666e+05 -7.3314661103e-14
23  1.9128963386e+05 -7.2340040776e-14
24  1.5410149274e+05  5.0343152684e-14
25  1.2143730076e+05 -4.5085573953e-14
26  9.4559402606e+04  2.1581529360e-14
27  7.7266028419e+04  1.7356771017e-14
28  6.3803373585e+04  1.7648332826e-14
29  5.4836146513e+04 -8.8896315271e-16
30  4.7901029866e+04  3.2992217621e-14
31  4.4811486445e+04 -3.1711481199e-15
