0  9.3662282299e+04  0.0000000000e+00
1  9.6188867498e+04  0.0000000000e+00
2  7.2173480655e+04  0.0000000000e+00
3  5.7076943385e+04  0.0000000000e+00
4  4.4768555259e+04  0.0000000000e+00
5  3.5139496602e+04  0.0000000000e+00
6  2.7560017655e+04  0.0000000000e+00
7  2.1521758585e+04  0.0000000000e+00
8  1.6737437175e+04  0.0000000000e+00
9  1.3011184922e+04  0.0000000000e+00
10  1.0105703205e+04  0.0000000000e+00
11  7.8106756828e+03  0.0000000000e+00
12  6.0055208609e+03  0.0000000000e+00
13  4.6064024280e+03  0.0000000000e+00
14  3.5329432441e+03  0.0000000000e+00
15  2.7096125678e+03  0.0000000000e+00
16  2.0809073240e+03  0.0000000000e+00
17  1.5978541097e+03  0.0000000000e+00
18  1.2277000867e+03  0.0000000000e+00
19  9.4330588027e+02  0.0000000000e+00
20  7.2496694654e+02  0.0000000000e+00
21  5.6026851418e+02  0.0000000000e+00
22  4.3577071615e+02  0.0000000000e+00
23  3.4059165916e+02  0.0000000000e+00
24  2.6731214924e+02  0.0000000000e+00
25  2.1169981350e+02  0.0000000000e+00
26  1.6935653589e+02  0.0000000000e+00
27  1.3694373629e+02  0.0000000000e+00
28  1.1228765147e+02  0.0000000000e+00
29  9.4841086764e+01  0.0000000000e+00
30  8.3332148510e+01  0.0000000000e+00
31  7.7030429785e+01  0.0000000000e+00
