0  5.7362349981e+07 -1.4454919275e-11
1  5.6026622777e+07  4.8468299042e-11
2  3.5409307606e+07  9.0504191508e-12
3  2.6758365055e+07  1.0365541458e-11
4  2.0722506296e+07  3.2729032161e-12
5  1.5816732470e+07  6.7823018793e-12
6  1.2449662925e+07 -7.0110225025e-12
7  9.5240954766e+06  1.3238496617e-12
8  7.3948954832e+06  1.1651803405e-12
9  5.5425206344e+06 -2.5176324204e-12
10  4.3885886902e+06 -2.9000329694e-12
11  3.3997164341e+06 -8.9051124004e-13
12  2.5640200538e+06  1.1089039152e-12
13  1.9979953058e+06  8.4342968996e-13
14  1.4930501013e+06  7.4116460707e-13
15  1.1264699151e+06  2.7176943299e-13
16  8.4685445404e+05  2.1979229194e-14
17  6.4809740218e+05 -4.0873681000e-14
18  5.0397526397e+05 -1.4355711376e-13
19  3.9382848192e+05 -1.0778411086e-14
20  2.9982003932e+05  1.5985216294e-13
21  2.3633108038e+05 -2.5767318921e-13
22  1.8183683371e+05  6.8673639826e-14
23  1.3766963990e+05  1.7040479737e-14
24  1.0654568431e+05 -7.2313101957e-14
25  8.1566302434e+04  1.0530248582e-14
26  6.4414563112e+04  5.7824055147e-14
27  5.0792946914e+04 -2.3571420277e-14
28  4.0379633525e+04 -1.2528384958e-14
29  3.3726298412e+04  8.0143886505e-15
30  2.8950543764e+04  1.3324246347e-14
31  2.5463034042e+04  1.5207887880e-15
