0  5.2457097293e+07  1.3348580720e-11
1  5.3064606802e+07  3.2406048902e-11
2  3.3173261640e+07 -1.1793094247e-11
3  2.5025482333e+07  3.9328107685e-12
4  1.9208625460e+07  8.3493437408e-12
5  1.4392748887e+07  3.8712603007e-12
6  1.1174802619e+07  6.5115447531e-14
7  8.9966064608e+06  2.7314462814e-13
8  7.0663798185e+06  2.4758350924e-12
9  5.5365135268e+06 -8.2077622651e-13
10  4.3053118026e+06  1.1059699243e-12
11  3.4046283401e+06 -9.8640486204e-13
12  2.6392760640e+06 -1.7966325409e-12
13  2.0308745942e+06 -4.0871484686e-13
14  1.6039366876e+06 -7.9448477782e-14
15  1.2622434077e+06  1.7275964520e-13
16  9.8028407099e+05  2.2263547210e-13
17  7.6015972964e+05  2.5200198042e-13
18  5.9891493807e+05 -3.7670490087e-13
19  4.6956737790e+05  3.7621631185e-14
20  3.6438247528e+05  1.0253916169e-13
21  2.8621962138e+05 -1.6760145716e-14
22  2.2907177039e+05 -6.1531332557e-14
23  1.7853041779e+05  3.9654731450e-15
24  1.4075168524e+05 -3.3301406064e-15
25  1.1257666856e+05 -5.3283995540e-15
26  9.2781242262e+04  3.5572361025e-14
27  7.4968130315e+04 -4.9021718169e-14
28  6.2864533519e+04 -3.3359185136e-14
29  5.3340202656e+04  1.2658863448e-14
30  4.7602792230e+04 -1.6251628658e-14
31  4.3183164764e+04  1.6714214255e-14
