0  1.0027261008e+05  0.0000000000e+00
1  1.0261899859e+05  0.0000000000e+00
2  7.8042031665e+04  0.0000000000e+00
3  6.2082425732e+04  0.0000000000e+00
4  4.8988971952e+04  0.0000000000e+00
5  3.8773072932e+04  0.0000000000e+00
6  3.0623661759e+04  0.0000000000e+00
7  2.4114106314e+04  0.0000000000e+00
8  1.8913391121e+04  0.0000000000e+00
9  1.4762177366e+04  0.0000000000e+00
10  1.1531695272e+04  0.0000000000e+00
11  9.0266507530e+03  0.0000000000e+00
12  7.0955053062e+03  0.0000000000e+00
13  5.5887657935e+03  0.0000000000e+00
14  4.3893503627e+03  0.0000000000e+00
15  3.4576093074e+03  0.0000000000e+00
16  2.7377946632e+03  0.0000000000e+00
17  2.1828039070e+03  0.0000000000e+00
18  1.7539742604e+03  0.0000000000e+00
19  1.4108264497e+03  0.0000000000e+00
20  1.1367173068e+03  0.0000000000e+00
21  9.1498936222e+02  0.0000000000e+00
22  7.3726574331e+02  0.0000000000e+00
23  5.9583827827e+02  0.0000000000e+00
24  4.8194931069e+02  0.0000000000e+00
25  3.9300629431e+02  0.0000000000e+00
26  3.2351918281e+02  0.0000000000e+00
27  2.7037832484e+02  0.0000000000e+00
28  2.3026350139e+02  0.0000000000e+00
29  2.0109866419e+02  0.0000000000e+00
30  1.8171567579e+02  0.0000000000e+00
31  1.7074819198e+02  0.0000000000e+00
