0  2.4948132138e+02 -3.5992729623e-15
1  1.8531699107e+04 -2.0997290312e-16
2  1.2314735531e+04  6.8289790970e-15
3  9.7813422726e+03 -1.5257658477e-15
4  7.6689884448e+03  3.8965336695e-15
5  5.9970118148e+03  1.6850658783e-15
6  4.7085961755e+03 -3.3348004771e-17
7  3.6808915882e+03  2.2966455567e-15
8  2.8731727949e+03  6.6136295464e-16
9  2.2421703201e+03  1.3687045914e-15
10  1.7483255990e+03 -6.2907638803e-16
11  1.3566048197e+03  5.2172787922e-16
12  1.0560810960e+03 -2.1876208756e-16
13  8.1996357062e+02  1.2799292520e-16
14  6.3536879755e+02  1.4472828453e-16
15  4.9369395076e+02 -9.8074715649e-17
16  3.8099154044e+02 -1.6033465483e-16
17  2.9476581828e+02 -1.6213301165e-16
18  2.2862009210e+02 -9.9491510603e-17
19  1.7635923760e+02 -2.2896994630e-17
20  1.3677617476e+02 -5.2599051959e-17
21  1.0613579613e+02 -1.2734160980e-17
22  8.2147084851e+01  7.9817926323e-17
23  6.3619445089e+01  2.4845276288e-17
24  4.8879685819e+01  1.4035335936e-17
25  3.7478090504e+01  2.6893031378e-18
26  2.8524168775e+01  6.1041958739e-19
27  2.1057932450e+01  1.5865985893e-18
28  1.5158065918e+01 -7.4115382885e-20
29  1.0363062932e+01 -1.7639990522e-18
30  6.2717342410e+00  2.9053230091e-19
31  2.5741420439e+00  2.2456961014e-19
