0  9.8406458063e+04  0.0000000000e+00
1  1.0039825714e+05  0.0000000000e+00
2  7.5446586641e+04  0.0000000000e+00
3  5.9206912890e+04  0.0000000000e+00
4  4.6164693661e+04  0.0000000000e+00
5  3.6019031736e+04  0.0000000000e+00
6  2.7930308758e+04  0.0000000000e+00
7  2.1494217718e+04  0.0000000000e+00
8  1.6485374598e+04  0.0000000000e+00
9  1.2631666060e+04  0.0000000000e+00
10  9.6624166060e+03  0.0000000000e+00
11  7.4032715658e+03  0.0000000000e+00
12  5.6637622467e+03  0.0000000000e+00
13  4.3136796778e+03  0.0000000000e+00
14  3.2681000378e+03  0.0000000000e+00
15  2.4710225813e+03  0.0000000000e+00
16  1.8723022552e+03  0.0000000000e+00
17  1.4203167582e+03  0.0000000000e+00
18  1.0763152696e+03  0.0000000000e+00
19  8.1583820167e+02  0.0000000000e+00
20  6.1522618510e+02  0.0000000000e+00
21  4.6207652654e+02  0.0000000000e+00
22  3.4648299466e+02  0.0000000000e+00
23  2.6023923063e+02  0.0000000000e+00
24  1.9561808581e+02  0.0000000000e+00
25  1.4755795973e+02  0.0000000000e+00
26  1.1217969160e+02  0.0000000000e+00
27  8.6297768007e+01  0.0000000000e+00
28  6.7717662020e+01  0.0000000000e+00
29  5.4771929291e+01  0.0000000000e+00
30  4.6307486759e+01  0.0000000000e+00
31  4.1720993073e+01  0.0000000000e+00
