0  1.1796897212e+05  0.0000000000e+00
1  1.1897514795e+05  0.0000000000e+00
2  9.2007227891e+04  0.0000000000e+00
3  7.3908367755e+04  0.0000000000e+00
4  5.8977227699e+04  0.0000000000e+00
5  4.6827647613e+04  0.0000000000e+00
6  3.7066309774e+04  0.0000000000e+00
7  2.9304287244e+04  0.0000000000e+00
8  2.3063029874e+04  0.0000000000e+00
9  1.8065669731e+04  0.0000000000e+00
10  1.4113542454e+04  0.0000000000e+00
11  1.0963161379e+04  0.0000000000e+00
12  8.4679129670e+03  0.0000000000e+00
13  6.5206397803e+03  0.0000000000e+00
14  5.0100065528e+03  0.0000000000e+00
15  3.8407514776e+03  0.0000000000e+00
16  2.9331574954e+03  0.0000000000e+00
17  2.2383582489e+03  0.0000000000e+00
18  1.7019967262e+03  0.0000000000e+00
19  1.2913080225e+03  0.0000000000e+00
20  9.7487718536e+02  0.0000000000e+00
21  7.3481973320e+02  0.0000000000e+00
22  5.5481582864e+02  0.0000000000e+00
23  4.2055233995e+02  0.0000000000e+00
24  3.2033388823e+02  0.0000000000e+00
25  2.4614453473e+02  0.0000000000e+00
26  1.9119913017e+02  0.0000000000e+00
27  1.5034988428e+02  0.0000000000e+00
28  1.1971027337e+02  0.0000000000e+00
29  9.6984302788e+01  0.0000000000e+00
30  8.1426217860e+01  0.0000000000e+00
31  7.2038586000e+01  0.0000000000e+00
