0  5.1082802687e+02 -1.7988061771e-15
1  1.7746762935e+04  3.4728424953e-15
2  1.1814008937e+04  1.1124846026e-16
3  9.4546438673e+03 -1.4163162737e-15
4  7.4455982976e+03  1.2437236227e-15
5  5.8121964162e+03 -1.5931519774e-15
6  4.5401620781e+03 -1.9732437188e-15
7  3.5334350302e+03 -6.1827581798e-17
8  2.7367346082e+03 -7.1602748320e-16
9  2.1332917575e+03  2.7742600130e-16
10  1.6603629038e+03  6.0926963429e-16
11  1.2931700588e+03 -2.4614893914e-16
12  9.9979819140e+02 -1.0954208592e-16
13  7.7461137795e+02  4.3809989282e-16
14  5.9633133059e+02 -3.0124091494e-17
15  4.5683022593e+02 -1.2464894500e-16
16  3.5113389268e+02 -1.1088386552e-16
17  2.7065225113e+02  7.8737271101e-17
18  2.0822083387e+02 -1.5707856753e-16
19  1.6043761199e+02  4.4645941979e-17
20  1.2473650098e+02  4.1679791417e-17
21  9.7568158348e+01 -4.2189440553e-17
22  7.6483097974e+01 -1.1430709623e-17
23  5.9566757164e+01 -1.6840179662e-17
24  4.6487152171e+01  6.1424711753e-18
25  3.5823680934e+01  1.6069062042e-17
26  2.7496828769e+01 -3.3981903053e-18
27  2.0772883862e+01 -7.3014769449e-18
28  1.5285053561e+01  2.4557073328e-18
29  1.0672114648e+01  1.9941273161e-18
30  6.7485197521e+00  3.3351922298e-20
31  3.1067193400e+00 -3.3288394827e-19
