0 -1.9542118922e+02 -1.0117023991e-15
1  1.8907227198e+04  2.1029460623e-15
2  1.2400256742e+04 -1.1827824080e-15
3  9.8056938914e+03 -2.4161394592e-15
4  7.6417567271e+03 -2.7517819820e-15
5  5.9699726218e+03  2.3543153714e-15
6  4.6530385428e+03  7.6804805137e-16
7  3.6219974345e+03 -1.8614373814e-15
8  2.8237845808e+03 -1.7459922435e-15
9  2.2054332163e+03  4.0699297841e-16
10  1.7263255468e+03  3.8957120475e-16
11  1.3467394986e+03 -1.1920887590e-16
12  1.0512918568e+03  9.3375117454e-16
13  8.1699108331e+02  4.7813993433e-16
14  6.3542004203e+02 -1.3898492469e-16
15  4.9068611317e+02 -3.4588892157e-16
16  3.7954554899e+02 -5.0307658430e-16
17  2.9366724580e+02  1.8695340635e-16
18  2.2697022861e+02 -2.0194906589e-16
19  1.7594126809e+02 -1.1315301384e-17
20  1.3572155566e+02  5.8771486924e-17
21  1.0475274364e+02  5.8040815128e-17
22  8.0731739812e+01 -2.1404734335e-17
23  6.2179112894e+01 -8.6100899088e-19
24  4.7778092511e+01  6.0478152434e-19
25  3.6680266960e+01  1.1897636535e-17
26  2.7736981877e+01 -7.4787715287e-18
27  2.0744692017e+01 -7.4413961999e-18
28  1.5075485206e+01  4.0375943013e-18
29  1.0363526450e+01 -6.3321006763e-19
30  6.3063768653e+00 -4.2468114393e-19
31  2.7000939033e+00  1.5648933701e-19
