0  4.7564286729e+07 -1.9296612961e-11
1  5.1607631579e+07 -8.2239543050e-12
2  3.1042606010e+07 -1.2799060758e-11
3  2.4145435224e+07  3.5666169767e-12
4  1.8235880597e+07  7.0484249105e-12
5  1.4023504695e+07  4.4207392657e-12
6  1.1441133155e+07 -8.9945294933e-13
7  8.8289562861e+06 -6.9745504202e-12
8  6.8333852759e+06  2.8360006894e-12
9  5.3173111419e+06 -2.2106530271e-12
10  4.1383905978e+06  1.1961336579e-13
11  3.2298081038e+06  6.1468076002e-13
12  2.5157119114e+06 -6.1226221393e-13
13  1.8846275421e+06  6.0383627991e-13
14  1.4710367706e+06  4.6744230235e-13
15  1.1734866474e+06 -4.5281530732e-13
16  9.2283539766e+05 -2.6645445003e-13
17  7.3094417320e+05 -6.1228363752e-13
18  5.8727396944e+05 -4.3208377508e-13
19  4.6733086231e+05  3.9396887621e-14
20  3.6126251888e+05 -1.4315819798e-13
21  2.8949690585e+05  5.5014358928e-14
22  2.2937108178e+05  7.2253459473e-14
23  1.7619091336e+05  8.4136795133e-14
24  1.3933752817e+05  8.3220642666e-14
25  1.1289582174e+05  2.2972791817e-14
26  8.9236583849e+04  8.2542013076e-14
27  7.1444979708e+04 -1.9600479578e-14
28  5.8177360962e+04  2.6601626348e-14
29  4.8629623596e+04 -1.6019841884e-15
30  4.3048768558e+04  3.0219451958e-14
31  3.9900640217e+04  1.9999314143e-14
