0  3.8009603579e+02 -2.5400483092e-15
1  1.8403102908e+04  1.4325097437e-15
2  1.2211295248e+04 -2.1758112246e-15
3  9.7300174123e+03  2.4544677000e-15
4  7.6433181939e+03 -1.4750386327e-15
5  5.9647445832e+03 -4.5390420413e-16
6  4.6080175350e+03 -7.5747573022e-16
7  3.5704639166e+03 -7.6274205170e-16
8  2.7631973605e+03  4.5724490207e-16
9  2.1459428143e+03  4.6376557346e-16
10  1.6598219984e+03 -1.8907121371e-16
11  1.2800268979e+03 -7.2005212055e-17
12  9.9910047010e+02  5.3714297889e-16
13  7.7349017474e+02  3.5486942957e-16
14  5.9934791193e+02 -1.2821594302e-16
15  4.6544928683e+02 -4.5244095471e-16
16  3.6184418707e+02 -4.7809715917e-17
17  2.8270553830e+02 -5.0677240080e-17
18  2.2183509725e+02  6.1978459542e-17
19  1.7343734586e+02 -6.6032782744e-17
20  1.3593823368e+02  3.2949158132e-17
21  1.0685066022e+02 -9.0222296712e-17
22  8.3924708638e+01  4.4487917395e-17
23  6.5822727028e+01 -2.1976058058e-17
24  5.1541060008e+01  1.0636827993e-17
25  4.0345025532e+01  1.6474843764e-17
26  3.1223959706e+01 -1.4335926753e-17
27  2.3811093629e+01 -7.5167027228e-18
28  1.7489002377e+01  9.7302909816e-19
29  1.2276410960e+01  2.2904829685e-18
30  7.8433176066e+00  1.7801456178e-18
31  3.7483696068e+00 -7.0091976385e-19
