0  1.0896564683e+05  0.0000000000e+00
1  1.0987402533e+05  0.0000000000e+00
2  8.3564399309e+04  0.0000000000e+00
3  6.6292583024e+04  0.0000000000e+00
4  5.2054784920e+04  0.0000000000e+00
5  4.0749661360e+04  0.0000000000e+00
6  3.1849028986e+04  0.0000000000e+00
7  2.4840096193e+04  0.0000000000e+00
8  1.9299232356e+04  0.0000000000e+00
9  1.4931992829e+04  0.0000000000e+00
10  1.1564384273e+04  0.0000000000e+00
11  8.9728607414e+03  0.0000000000e+00
12  7.0033582609e+03  0.0000000000e+00
13  5.4883977674e+03  0.0000000000e+00
14  4.2956175492e+03  0.0000000000e+00
15  3.3734805125e+03  0.0000000000e+00
16  2.6401077225e+03  0.0000000000e+00
17  2.0573518436e+03  0.0000000000e+00
18  1.6033496492e+03  0.0000000000e+00
19  1.2471679089e+03  0.0000000000e+00
20  9.6470937923e+02  0.0000000000e+00
21  7.4825606175e+02  0.0000000000e+00
22  5.8364333575e+02  0.0000000000e+00
23  4.5743856645e+02  0.0000000000e+00
24  3.6141084737e+02  0.0000000000e+00
25  2.8817175945e+02  0.0000000000e+00
26  2.3313716881e+02  0.0000000000e+00
27  1.9057619662e+02  0.0000000000e+00
28  1.5764386547e+02  0.0000000000e+00
29  1.3454191045e+02  0.0000000000e+00
30  1.1994519771e+02  0.0000000000e+00
31  1.1161703495e+02  0.0000000000e+00
