0  2.7647529653e+02 -3.6953912966e-15
1  1.8035081337e+04  4.7759619212e-16
2  1.1796150062e+04  4.5269099884e-15
3  9.2503031939e+03  5.6075979270e-16
4  7.1246992532e+03 -2.8767414705e-16
5  5.5002702564e+03 -6.8559317913e-16
6  4.2506644500e+03  6.6009969764e-16
7  3.2716488724e+03  8.3207566889e-17
8  2.5101844837e+03 -2.6090875295e-16
9  1.9329018244e+03  5.9561980422e-16
10  1.4945381891e+03 -5.8274855626e-16
11  1.1544691880e+03 -1.4928552825e-15
12  8.8862268453e+02 -2.8703410778e-16
13  6.8514942183e+02 -3.4479958426e-17
14  5.2822356080e+02  2.7897736861e-16
15  4.0345740439e+02 -1.4584918705e-16
16  3.0805490069e+02 -9.2140429291e-17
17  2.3552648253e+02  1.7738611627e-16
18  1.8057115694e+02  1.0097945632e-16
19  1.3800165307e+02  4.8201071608e-17
20  1.0566926390e+02  1.4607826976e-16
21  8.0849627100e+01  1.6742135598e-18
22  6.2112919188e+01 -2.9296685889e-17
23  4.7630138187e+01  6.6714961904e-18
24  3.6384888025e+01  1.2021673923e-17
25  2.7427243649e+01 -1.7473502226e-17
26  2.0675759065e+01  1.8761832721e-17
27  1.5309310796e+01 -9.9783657560e-18
28  1.1049193779e+01  2.5245949342e-18
29  7.6048381267e+00  4.1901661109e-20
30  4.7281624447e+00  2.5359372347e-18
31  2.3238265689e+00  1.9644546931e-18
