0  4.9971599305e+07 -3.5414227055e-11
1  5.2573947278e+07  3.5922975873e-12
2  3.1484581289e+07  1.2528129884e-11
3  2.3801051109e+07 -2.4182157130e-12
4  1.8203168747e+07 -6.6547852665e-12
5  1.3958120245e+07  2.1431944301e-12
6  1.0796799371e+07 -1.9159335722e-12
7  8.5239996091e+06  8.0938946546e-14
8  6.5799703093e+06 -3.4253573749e-12
9  5.0791850925e+06  1.9842231021e-12
10  4.0224550883e+06 -2.7683743436e-12
11  3.0843836210e+06  3.8960404429e-13
12  2.3953911811e+06  9.3731002592e-13
13  1.8358970472e+06  8.5318713360e-13
14  1.3912883480e+06 -2.5175946972e-13
15  1.1089490275e+06 -4.7245286224e-13
16  8.5695394565e+05  5.3990260485e-13
17  6.3584605589e+05 -3.9146237397e-13
18  4.8628088966e+05  1.7822648678e-13
19  3.7198054165e+05  4.8929222373e-14
20  2.8536851621e+05 -1.1572680193e-13
21  2.1895548038e+05  1.0782309026e-13
22  1.6941397579e+05 -2.5816438276e-14
23  1.3040572934e+05  1.9989488817e-14
24  9.9787637579e+04  4.9899283609e-14
25  7.7480885715e+04 -4.0860011897e-14
26  6.2074469750e+04  1.3610975480e-14
27  4.9011759615e+04 -2.2528497263e-14
28  3.9955573381e+04  2.1424343338e-14
29  3.3119029889e+04  4.6976971621e-15
30  2.8189295816e+04 -6.8369769972e-15
31  2.5054613595e+04  5.0618747724e-15
