0  9.8338834208e+04  0.0000000000e+00
1  9.9473252065e+04  0.0000000000e+00
2  7.4182561887e+04  0.0000000000e+00
3  5.8163538869e+04  0.0000000000e+00
4  4.5457760876e+04  0.0000000000e+00
5  3.5721867612e+04  0.0000000000e+00
6  2.8172415267e+04  0.0000000000e+00
7  2.2203211569e+04  0.0000000000e+00
8  1.7418020308e+04  0.0000000000e+00
9  1.3603019534e+04  0.0000000000e+00
10  1.0620416929e+04  0.0000000000e+00
11  8.3091675887e+03  0.0000000000e+00
12  6.5183988919e+03  0.0000000000e+00
13  5.0995089803e+03  0.0000000000e+00
14  3.9914798733e+03  0.0000000000e+00
15  3.1185052554e+03  0.0000000000e+00
16  2.4318472344e+03  0.0000000000e+00
17  1.8932275163e+03  0.0000000000e+00
18  1.4649446094e+03  0.0000000000e+00
19  1.1263425507e+03  0.0000000000e+00
20  8.6482835297e+02  0.0000000000e+00
21  6.6636476541e+02  0.0000000000e+00
22  5.1705296563e+02  0.0000000000e+00
23  4.0474779994e+02  0.0000000000e+00
24  3.1739029899e+02  0.0000000000e+00
25  2.4819212485e+02  0.0000000000e+00
26  1.9443932026e+02  0.0000000000e+00
27  1.5435706663e+02  0.0000000000e+00
28  1.2509530601e+02  0.0000000000e+00
29  1.0448479588e+02  0.0000000000e+00
30  9.1122857257e+01  0.0000000000e+00
31  8.3595304035e+01  0.0000000000e+00
