0  9.3929463809e+04  0.0000000000e+00
1  9.6373556480e+04  0.0000000000e+00
2  7.2345841254e+04  0.0000000000e+00
3  5.7276007889e+04  0.0000000000e+00
4  4.5095623038e+04  0.0000000000e+00
5  3.5549239692e+04  0.0000000000e+00
6  2.7961722001e+04  0.0000000000e+00
7  2.1832494352e+04  0.0000000000e+00
8  1.6967170055e+04  0.0000000000e+00
9  1.3190461986e+04  0.0000000000e+00
10  1.0263153218e+04  0.0000000000e+00
11  8.0210657112e+03  0.0000000000e+00
12  6.3062688926e+03  0.0000000000e+00
13  4.9608778909e+03  0.0000000000e+00
14  3.8894995107e+03  0.0000000000e+00
15  3.0386440733e+03  0.0000000000e+00
16  2.3806754052e+03  0.0000000000e+00
17  1.8619090714e+03  0.0000000000e+00
18  1.4472872175e+03  0.0000000000e+00
19  1.1210296567e+03  0.0000000000e+00
20  8.6753528161e+02  0.0000000000e+00
21  6.6972307412e+02  0.0000000000e+00
22  5.1472362001e+02  0.0000000000e+00
23  3.9393809897e+02  0.0000000000e+00
24  3.0042324544e+02  0.0000000000e+00
25  2.2980183340e+02  0.0000000000e+00
26  1.7649463494e+02  0.0000000000e+00
27  1.3586363112e+02  0.0000000000e+00
28  1.0576550100e+02  0.0000000000e+00
29  8.4629946677e+01  0.0000000000e+00
30  7.0619074542e+01  0.0000000000e+00
31  6.2306601160e+01  0.0000000000e+00
