0  1.0184465877e+05  0.0000000000e+00
1  1.0386095167e+05  0.0000000000e+00
2  7.9048797269e+04  0.0000000000e+00
3  6.3123086380e+04  0.0000000000e+00
4  5.0095072010e+04  0.0000000000e+00
5  3.9806621789e+04  0.0000000000e+00
6  3.1564129872e+04  0.0000000000e+00
7  2.4908404735e+04  0.0000000000e+00
8  1.9560152736e+04  0.0000000000e+00
9  1.5313132147e+04  0.0000000000e+00
10  1.2002017783e+04  0.0000000000e+00
11  9.4331208568e+03  0.0000000000e+00
12  7.4242980717e+03  0.0000000000e+00
13  5.8320565670e+03  0.0000000000e+00
14  4.5552485525e+03  0.0000000000e+00
15  3.5464722704e+03  0.0000000000e+00
16  2.7402588517e+03  0.0000000000e+00
17  2.1103085117e+03  0.0000000000e+00
18  1.6416270362e+03  0.0000000000e+00
19  1.2810974180e+03  0.0000000000e+00
20  1.0009476673e+03  0.0000000000e+00
21  7.7840864658e+02  0.0000000000e+00
22  6.0846151546e+02  0.0000000000e+00
23  4.8146127418e+02  0.0000000000e+00
24  3.8567421575e+02  0.0000000000e+00
25  3.1148747628e+02  0.0000000000e+00
26  2.5309067577e+02  0.0000000000e+00
27  2.0697138813e+02  0.0000000000e+00
28  1.7218800591e+02  0.0000000000e+00
29  1.4843311430e+02  0.0000000000e+00
30  1.3254162550e+02  0.0000000000e+00
31  1.2211770777e+02  0.0000000000e+00
