0 -1.4005725160e+02  1.3650348344e-15
1  1.6837170891e+04  5.8233676060e-15
2  1.1014778242e+04 -1.7703225767e-15
3  8.6606827219e+03  4.2187408733e-15
4  6.7486249267e+03  2.0018691972e-16
5  5.2819845468e+03  1.6861368191e-15
6  4.1207608837e+03  2.0804352088e-15
7  3.2189273297e+03 -2.0309146981e-15
8  2.5374611687e+03  1.7703909746e-16
9  1.9925487308e+03 -1.7007859561e-15
10  1.5651793868e+03 -1.3392773566e-15
11  1.2228095293e+03  2.4066185971e-16
12  9.6523002365e+02  2.1953468748e-16
13  7.5706380718e+02  2.6909432053e-16
14  5.9329586788e+02  2.7730445207e-16
15  4.6578581129e+02  5.2387801942e-16
16  3.6242731717e+02  8.2808164385e-17
17  2.8316154464e+02  1.9032798561e-16
18  2.1972375635e+02 -7.4571245429e-17
19  1.7211029389e+02  4.4943144665e-17
20  1.3329094308e+02  7.0537515716e-17
21  1.0303633639e+02  8.1407066011e-17
22  7.9973157950e+01  9.1863370108e-18
23  6.2209164152e+01  3.9430561600e-17
24  4.8045058307e+01 -6.3960648987e-18
25  3.6753381265e+01  2.0489409357e-17
26  2.8049959755e+01  1.0335654841e-17
27  2.0548287225e+01 -3.4300069803e-18
28  1.5004231971e+01  5.7893113758e-18
29  1.0379676989e+01  2.8384074062e-18
30  6.2800538436e+00  1.6286325993e-18
31  2.6682728208e+00 -5.6862380540e-19
