0 -5.4382381282e+02  1.3064178781e-15
1  1.7453774299e+04  3.1550901553e-15
2  1.1366577954e+04 -2.9911065885e-15
3  8.9563038885e+03 -4.7702529191e-16
4  7.0125298578e+03 -9.3529633469e-16
5  5.5123200870e+03  4.4517934125e-18
6  4.3324599366e+03 -1.9541261851e-16
7  3.4055630757e+03  1.3407252535e-15
8  2.6714024906e+03 -1.0061450424e-16
9  2.1021219556e+03  9.6238708209e-16
10  1.6464167275e+03  5.5740263056e-16
11  1.2895519000e+03  4.7873031629e-17
12  1.0139797916e+03 -2.7279447808e-16
13  7.9285990376e+02 -7.9759735160e-16
14  6.1973958447e+02  5.6374277805e-17
15  4.8641841498e+02 -1.8287910508e-16
16  3.8072157641e+02 -2.4853852497e-17
17  3.0010328491e+02  2.9597946391e-16
18  2.3654297573e+02 -6.4267777840e-17
19  1.8646376363e+02 -1.0340631160e-16
20  1.4656148194e+02 -8.5369274380e-18
21  1.1539719590e+02 -7.3670796467e-17
22  9.0474860776e+01 -3.6783729223e-17
23  7.0971220863e+01  1.3025778542e-17
24  5.5341297376e+01  2.4420198097e-17
25  4.2652672687e+01  1.3438601225e-17
26  3.2836255931e+01 -8.0012849780e-18
27  2.4835340599e+01 -1.0459242242e-17
28  1.8162219894e+01 -7.1997800517e-19
29  1.2650881748e+01 -3.6321831569e-18
30  7.8867547905e+00 -1.4393207356e-18
31  3.5516497632e+00  1.3174538703e-18
