0  9.4178105027e+04  0.0000000000e+00
1  9.6462368470e+04  0.0000000000e+00
2  7.1882415626e+04  0.0000000000e+00
3  5.6572545659e+04  0.0000000000e+00
4  4.4384729412e+04  0.0000000000e+00
5  3.4935462907e+04  0.0000000000e+00
6  2.7729230740e+04  0.0000000000e+00
7  2.2067381524e+04  0.0000000000e+00
8  1.7532955929e+04  0.0000000000e+00
9  1.3912341335e+04  0.0000000000e+00
10  1.0979597791e+04  0.0000000000e+00
11  8.6340056460e+03  0.0000000000e+00
12  6.7612874325e+03  0.0000000000e+00
13  5.2756000084e+03  0.0000000000e+00
14  4.1250588157e+03  0.0000000000e+00
15  3.2505900454e+03  0.0000000000e+00
16  2.5617804077e+03  0.0000000000e+00
17  2.0147875718e+03  0.0000000000e+00
18  1.5734097384e+03  0.0000000000e+00
19  1.2210841484e+03  0.0000000000e+00
20  9.5005346855e+02  0.0000000000e+00
21  7.4249208137e+02  0.0000000000e+00
22  5.8071693809e+02  0.0000000000e+00
23  4.5481568545e+02  0.0000000000e+00
24  3.5677583121e+02  0.0000000000e+00
25  2.7966989775e+02  0.0000000000e+00
26  2.2004342111e+02  0.0000000000e+00
27  1.7401012439e+02  0.0000000000e+00
28  1.3927803751e+02  0.0000000000e+00
29  1.1481751419e+02  0.0000000000e+00
30  9.9358360814e+01  0.0000000000e+00
31  9.1428837617e+01  0.0000000000e+00
