0  2.0617758913e+02 -4.3409830801e-15
1  1.9589211636e+04 -1.8549022046e-15
2  1.2954379814e+04  4.2557796124e-15
3  1.0268481282e+04 -1.3036842910e-15
4  8.0921467250e+03 -7.7112947782e-16
5  6.4013874143e+03  3.7424003546e-15
6  5.0817977844e+03  2.4081208100e-15
7  4.0219822431e+03  1.1879551323e-15
8  3.1819888672e+03  4.6818306203e-16
9  2.5305092730e+03  4.7437254354e-16
10  2.0034698524e+03  2.3563630735e-16
11  1.5988827601e+03 -5.8159738554e-16
12  1.2870916400e+03  1.3718214212e-15
13  1.0315201622e+03 -5.2862505675e-17
14  8.2722784852e+02  7.0105317154e-17
15  6.6083430304e+02  8.5498806894e-16
16  5.2826480318e+02  1.3819088425e-16
17  4.2247923139e+02 -2.2484129596e-16
18  3.3867315588e+02 -3.5799423999e-17
19  2.7139034051e+02 -3.4575884907e-18
20  2.1786405983e+02 -6.5236783532e-17
21  1.7493165594e+02 -1.3322028315e-16
22  1.4091877851e+02 -8.9332329782e-18
23  1.1300311214e+02 -2.0881691490e-17
24  9.0308903680e+01  1.3703722537e-17
25  7.1418161809e+01 -1.9740102836e-18
26  5.6237621710e+01  1.7524052888e-17
27  4.3914727091e+01 -1.1367658608e-17
28  3.3320967889e+01 -1.4107969011e-17
29  2.4317356949e+01  1.5924748804e-17
30  1.6488722316e+01  1.7391703989e-18
31  9.3373118313e+00 -2.6246374662e-18
