0  4.6701890247e+07  1.3717349680e-11
1  4.8085145310e+07 -3.7966356546e-11
2  2.8422341731e+07  1.2718298193e-11
3  2.1111537670e+07  8.9112625220e-12
4  1.6145174077e+07  2.4415992846e-12
5  1.2776357426e+07  5.8128142293e-12
6  1.0170354243e+07  1.8751477642e-12
7  7.7620850545e+06  1.9886173181e-12
8  6.3056999568e+06  1.4792272047e-12
9  4.8950562599e+06  2.4211175075e-12
10  3.9934014415e+06  2.9033363079e-12
11  3.0878213476e+06 -6.2318661106e-13
12  2.4234815441e+06 -3.0395744908e-13
13  1.9285184492e+06  4.5419915012e-13
14  1.5150590611e+06  2.4900432638e-13
15  1.1427246394e+06 -7.2402632674e-13
16  9.0622957883e+05  4.7530691967e-13
17  6.8822350435e+05 -9.7827886199e-14
18  5.2504002756e+05 -8.4631481611e-14
19  4.1116202893e+05 -1.4104733492e-13
20  3.1903479712e+05  2.6833628616e-13
21  2.5129077379e+05  1.8093718820e-13
22  1.9985581877e+05  1.6595898557e-13
23  1.5030508820e+05 -8.5255147411e-14
24  1.1977296131e+05  5.9405884313e-14
25  9.3596262534e+04 -6.8604206338e-14
26  7.2382364606e+04  7.6362591172e-15
27  5.7563687179e+04 -5.6292730134e-14
28  4.7201033136e+04 -4.0570481997e-15
29  3.9603677019e+04 -1.8753122331e-14
30  3.5426430357e+04  2.4228909752e-14
31  3.2644908493e+04  1.0558689115e-14
