0  6.3092549504e+00  3.3668299692e-15
1  1.7450954150e+04  1.5973770836e-16
2  1.1525163762e+04 -1.0163643625e-15
3  9.1439010656e+03  2.2928955301e-15
4  7.1896270576e+03 -3.3129165339e-15
5  5.7044856520e+03  1.5377213737e-15
6  4.5173694742e+03  7.9033229707e-16
7  3.5657788765e+03  9.5481450166e-16
8  2.8327293786e+03  7.7081501684e-16
9  2.2412778810e+03 -6.5331915920e-16
10  1.7810570773e+03 -6.4191560757e-16
11  1.4126545935e+03  3.8760320311e-16
12  1.1166741533e+03 -1.9327258977e-16
13  8.8062317498e+02 -2.1374135270e-16
14  6.9693369083e+02  2.3471166501e-16
15  5.5085589259e+02  7.8297608062e-17
16  4.3669440917e+02 -2.8697603308e-16
17  3.4563528577e+02  2.4705409973e-17
18  2.7364195033e+02 -1.2602177365e-16
19  2.1697837011e+02 -2.3640583679e-17
20  1.7306780359e+02  1.1407162107e-16
21  1.3762037204e+02 -1.7111124326e-17
22  1.0921587599e+02  5.5250370963e-18
23  8.6335115582e+01 -7.9165816833e-18
24  6.8128641497e+01 -2.5214106197e-17
25  5.3401511054e+01 -2.1386205490e-17
26  4.1325289670e+01  2.0801011602e-18
27  3.1669453222e+01 -7.6985765785e-18
28  2.3489861755e+01 -3.2979227801e-18
29  1.6428571907e+01 -1.1282478857e-18
30  1.0473731654e+01  3.4121134093e-18
31  5.1695468589e+00  3.7100043090e-19
