0  9.8319558886e+04  0.0000000000e+00
1  1.0115914859e+05  0.0000000000e+00
2  7.6468009692e+04  0.0000000000e+00
3  6.0227201715e+04  0.0000000000e+00
4  4.7036087276e+04  0.0000000000e+00
5  3.6547007946e+04  0.0000000000e+00
6  2.8241777654e+04  0.0000000000e+00
7  2.1756149479e+04  0.0000000000e+00
8  1.6784781390e+04  0.0000000000e+00
9  1.2924335147e+04  0.0000000000e+00
10  9.9515951091e+03  0.0000000000e+00
11  7.7007926144e+03  0.0000000000e+00
12  5.9893442460e+03  0.0000000000e+00
13  4.6591273176e+03  0.0000000000e+00
14  3.6046967764e+03  0.0000000000e+00
15  2.7799291879e+03  0.0000000000e+00
16  2.1474299431e+03  0.0000000000e+00
17  1.6689815945e+03  0.0000000000e+00
18  1.3028559581e+03  0.0000000000e+00
19  1.0199790556e+03  0.0000000000e+00
20  7.9733284396e+02  0.0000000000e+00
21  6.2118963341e+02  0.0000000000e+00
22  4.8256469356e+02  0.0000000000e+00
23  3.7568993061e+02  0.0000000000e+00
24  2.9513474664e+02  0.0000000000e+00
25  2.3490228904e+02  0.0000000000e+00
26  1.8893970491e+02  0.0000000000e+00
27  1.5409067085e+02  0.0000000000e+00
28  1.2819152509e+02  0.0000000000e+00
29  1.0929667343e+02  0.0000000000e+00
30  9.6568298624e+01  0.0000000000e+00
31  8.9576766884e+01  0.0000000000e+00
