0  1.0500586211e+05  0.0000000000e+00
1  1.0727967604e+05  0.0000000000e+00
2  8.2249922727e+04  0.0000000000e+00
3  6.5692916467e+04  0.0000000000e+00
4  5.1886049602e+04  0.0000000000e+00
5  4.0904398674e+04  0.0000000000e+00
6  3.2250615290e+04  0.0000000000e+00
7  2.5439234453e+04  0.0000000000e+00
8  2.0079102509e+04  0.0000000000e+00
9  1.5841396223e+04  0.0000000000e+00
10  1.2496040837e+04  0.0000000000e+00
11  9.8606784829e+03  0.0000000000e+00
12  7.8148885716e+03  0.0000000000e+00
13  6.2386276447e+03  0.0000000000e+00
14  4.9975456677e+03  0.0000000000e+00
15  3.9973890015e+03  0.0000000000e+00
16  3.1930208880e+03  0.0000000000e+00
17  2.5648510581e+03  0.0000000000e+00
18  2.0658359103e+03  0.0000000000e+00
19  1.6544844209e+03  0.0000000000e+00
20  1.3250145265e+03  0.0000000000e+00
21  1.0582477098e+03  0.0000000000e+00
22  8.4802198312e+02  0.0000000000e+00
23  6.8437159984e+02  0.0000000000e+00
24  5.5618652039e+02  0.0000000000e+00
25  4.5450639231e+02  0.0000000000e+00
26  3.7283609900e+02  0.0000000000e+00
27  3.1022183989e+02  0.0000000000e+00
28  2.6264858515e+02  0.0000000000e+00
29  2.2643572196e+02  0.0000000000e+00
30  2.0066530715e+02  0.0000000000e+00
31  1.8394228751e+02  0.0000000000e+00
