0  4.7239530697e+07 -1.8911660621e-11
1  4.9769471814e+07 -2.1984581069e-11
2  2.9718849175e+07 -1.9094285486e-12
3  2.2896945933e+07  4.4503835268e-12
4  1.7582638044e+07  5.2092417119e-12
5  1.3771586704e+07 -2.3290767723e-12
6  1.0837323054e+07 -5.7343624133e-12
7  8.5411980717e+06  2.0039471208e-12
8  6.8059655658e+06  4.8359401908e-13
9  5.3273372987e+06 -1.7805943388e-12
10  4.2424446390e+06 -2.5630761620e-12
11  3.3883003424e+06  1.0497790095e-12
12  2.5751464174e+06 -1.3234506093e-12
13  1.9604424962e+06  9.3445756736e-13
14  1.5558638649e+06 -6.9956726182e-13
15  1.1980580469e+06  2.2948161212e-14
16  9.2481221216e+05  1.8224175617e-13
17  7.2702634617e+05  5.2922783359e-13
18  5.5391323818e+05 -1.1142475040e-13
19  4.3759581135e+05  4.9194617867e-13
20  3.3808857278e+05  8.7854447446e-14
21  2.6634228652e+05  1.0331336009e-13
22  2.1240025447e+05  1.3875731700e-13
23  1.6424992562e+05  2.8152879564e-14
24  1.2917151841e+05 -1.8860749946e-14
25  1.0255179040e+05  9.7764015711e-14
26  8.1176218277e+04  2.6100675198e-14
27  6.4569010462e+04  2.3909073605e-14
28  5.1504054633e+04  1.5040549272e-14
29  4.4203751914e+04 -9.7242894669e-15
30  3.8964084685e+04  7.4997674306e-15
31  3.6546129031e+04 -2.3800015345e-14
