0  4.5868432954e+07  1.2552935849e-11
1  5.1392804249e+07 -2.5448782600e-13
2  2.8807790464e+07 -1.3211138312e-11
3  2.2039806949e+07  3.6511047049e-13
4  1.6592110198e+07  5.7799061702e-12
5  1.3246240662e+07 -1.6541450098e-12
6  1.0251168636e+07 -1.4179191495e-12
7  7.9808668072e+06 -7.0236478649e-13
8  6.3612239642e+06 -1.1125120759e-12
9  4.9822599583e+06  1.4525929626e-12
10  3.9620122080e+06 -1.0767155638e-12
11  3.0798912104e+06 -2.1450402251e-12
12  2.3799561081e+06 -8.1659227712e-13
13  1.9135389155e+06  7.5770840639e-13
14  1.4815082502e+06  7.0123808955e-13
15  1.1796851883e+06 -3.5358418130e-13
16  9.0862684958e+05 -3.0353981146e-13
17  7.0521142954e+05  2.6584860220e-13
18  5.4779806334e+05 -2.3877851672e-13
19  4.3437506714e+05 -1.7282126153e-13
20  3.5076491045e+05  1.8794948532e-13
21  2.7759551734e+05  2.2392535304e-13
22  2.1997429411e+05  9.1847961030e-14
23  1.7535959457e+05  3.6951418801e-14
24  1.3951074966e+05 -4.6113858018e-15
25  1.0875322104e+05 -2.6991682483e-14
26  8.6251667033e+04 -1.8641269848e-15
27  7.2435798330e+04 -1.5011088645e-14
28  6.0441757065e+04 -4.2335882458e-16
29  5.2904126457e+04 -3.5636288630e-15
30  4.7099262564e+04  1.0199524143e-14
31  4.2993246492e+04 -1.2808420730e-14
