0  5.3286223679e+07  3.2841412326e-11
1  5.1646854268e+07  7.3084625561e-12
2  3.2190183625e+07  1.5038940288e-11
3  2.4044493610e+07  1.5929516681e-11
4  1.8503817844e+07 -1.6180058570e-11
5  1.4390952073e+07  8.8222323106e-12
6  1.0956254580e+07  5.9931272830e-12
7  8.5399135069e+06  4.3218601013e-12
8  6.4925913865e+06  5.7301709990e-12
9  5.0246068494e+06 -1.5010423814e-12
10  3.9555236697e+06  7.3464871191e-13
11  3.0707162538e+06 -3.2552334035e-14
12  2.4403338686e+06  9.1761776998e-13
13  1.8991402142e+06  9.2083809645e-13
14  1.4983749162e+06  9.0109894679e-13
15  1.1699045876e+06  1.9014484995e-13
16  9.1892962307e+05 -7.0748795463e-13
17  7.1740439713e+05  5.7424585530e-14
18  5.4803253924e+05 -1.4561139454e-13
19  4.2524506762e+05 -4.4620441411e-14
20  3.3720381005e+05 -1.7456239406e-13
21  2.6319604606e+05  1.7458226177e-14
22  2.0647654116e+05 -5.0344131208e-14
23  1.5918792307e+05 -3.9899005204e-14
24  1.2469900124e+05 -2.4007963153e-14
25  9.5879670699e+04  2.0070410295e-14
26  7.4682797338e+04  3.1619690158e-15
27  5.8519555583e+04  1.7084019049e-14
28  4.6547874033e+04 -2.3649443895e-14
29  3.7869520160e+04  1.8753570957e-15
30  3.1910432614e+04 -8.1183794380e-15
31  2.9829698026e+04  4.5245649247e-15
