0  9.8152802602e+04  0.0000000000e+00
1  9.9896023836e+04  0.0000000000e+00
2  7.4821365638e+04  0.0000000000e+00
3  5.8448505773e+04  0.0000000000e+00
4  4.5119973858e+04  0.0000000000e+00
5  3.4712196884e+04  0.0000000000e+00
6  2.6687178853e+04  0.0000000000e+00
7  2.0549614700e+04  0.0000000000e+00
8  1.5868063411e+04  0.0000000000e+00
9  1.2283593955e+04  0.0000000000e+00
10  9.5110523588e+03  0.0000000000e+00
11  7.3439494123e+03  0.0000000000e+00
12  5.6478822277e+03  0.0000000000e+00
13  4.3412685084e+03  0.0000000000e+00
14  3.3666558444e+03  0.0000000000e+00
15  2.6116802363e+03  0.0000000000e+00
16  2.0240538521e+03  0.0000000000e+00
17  1.5712151699e+03  0.0000000000e+00
18  1.2216432407e+03  0.0000000000e+00
19  9.5389716653e+02  0.0000000000e+00
20  7.4571324481e+02  0.0000000000e+00
21  5.8203428427e+02  0.0000000000e+00
22  4.5420419058e+02  0.0000000000e+00
23  3.5356824670e+02  0.0000000000e+00
24  2.7533780153e+02  0.0000000000e+00
25  2.1594713922e+02  0.0000000000e+00
26  1.7107151185e+02  0.0000000000e+00
27  1.3783038844e+02  0.0000000000e+00
28  1.1394013759e+02  0.0000000000e+00
29  9.6704471937e+01  0.0000000000e+00
30  8.5056032072e+01  0.0000000000e+00
31  7.8358147712e+01  0.0000000000e+00
