0  5.2850818628e+07  1.3613935420e-11
1  5.3265199448e+07  3.2423887268e-12
2  3.0864872431e+07 -5.5606641372e-12
3  2.3378386125e+07  1.3950081648e-11
4  1.7309538710e+07  2.8646418362e-12
5  1.3588465193e+07 -1.9179045996e-12
6  1.0362029598e+07  9.2056223487e-13
7  8.2340999497e+06  8.6892801865e-12
8  6.4001764943e+06 -2.7343191045e-12
9  5.0949214356e+06  4.6927950669e-12
10  3.9531715853e+06 -1.9095081023e-12
11  3.1673275308e+06  2.3898473201e-12
12  2.4911388292e+06 -2.2234517889e-13
13  1.9493788649e+06  4.9510048902e-13
14  1.5372831839e+06 -1.1705494651e-13
15  1.1999728991e+06  4.9554605928e-13
16  9.3915159933e+05 -5.3410463402e-13
17  7.4722661018e+05  5.5109777743e-13
18  5.8714915728e+05 -2.3425248332e-13
19  4.6531380444e+05 -1.2625867981e-13
20  3.7005935145e+05  1.5827702300e-14
21  2.8275544526e+05 -1.4567160421e-14
22  2.2458842880e+05 -8.5521702657e-14
23  1.7340833376e+05  1.5325533613e-14
24  1.3549859530e+05  7.4978507602e-14
25  1.0654863062e+05  2.5059453227e-14
26  8.3699053600e+04  4.0494699626e-14
27  6.8785780625e+04 -2.4112778415e-14
28  5.6449494775e+04  2.6051692371e-14
29  4.8611888026e+04 -2.1295044872e-14
30  4.2454525037e+04 -2.4564429544e-15
31  3.9310991759e+04  1.3250248924e-14
