0  1.8974063942e+02  2.1170540313e-15
1  1.8348156834e+04  1.1319998182e-15
2  1.2369513172e+04 -2.5687254566e-15
3  1.0041209775e+04  2.6195352573e-15
4  8.0604159154e+03  9.2680545144e-16
5  6.5267655592e+03  4.9486927973e-15
6  5.2901896286e+03  3.6258769967e-15
7  4.2933196414e+03 -1.9382335177e-15
8  3.4928523710e+03 -1.9723335819e-15
9  2.8444313605e+03  1.7836564635e-15
10  2.3225106390e+03  4.4392890886e-16
11  1.8941755261e+03  2.2214116668e-16
12  1.5422369176e+03  1.6933035649e-16
13  1.2571247608e+03 -4.3017055270e-16
14  1.0248104149e+03  1.0805527310e-15
15  8.3254187900e+02 -3.8155319087e-16
16  6.7657050746e+02 -4.5857199094e-17
17  5.4566197871e+02 -1.7744673207e-16
18  4.3798617326e+02  2.6626395994e-16
19  3.5064573091e+02 -8.2427105438e-17
20  2.8064399459e+02 -3.1077321197e-17
21  2.2427658107e+02  8.0290464828e-17
22  1.7762610644e+02  9.8958859228e-17
23  1.4107056440e+02  8.3756735407e-17
24  1.1149101686e+02 -1.3595778776e-17
25  8.6615228244e+01  2.4099569657e-17
26  6.7049422421e+01 -3.5466328293e-18
27  5.0893114238e+01  3.2950005165e-17
28  3.7423795161e+01  4.7071738461e-18
29  2.6330958848e+01 -1.4208977690e-18
30  1.6737924566e+01 -3.1643033327e-18
31  8.0719693521e+00  1.9383290207e-18
