0  5.7714584948e+07 -3.9734011323e-12
1  5.6867784464e+07 -3.6530337886e-11
2  3.6664823169e+07 -3.8327875915e-12
3  2.7910118156e+07 -1.7495403470e-13
4  2.1573461502e+07 -2.7107578902e-12
5  1.7359076131e+07 -1.4848339248e-12
6  1.3595176292e+07 -1.0303578152e-11
7  1.0610407065e+07  5.2948511042e-12
8  8.1008056932e+06  6.2240975732e-13
9  6.2499389594e+06 -3.6352859863e-12
10  4.9294958174e+06  2.3912736540e-12
11  4.0152865319e+06 -6.1162192803e-13
12  3.1427739565e+06 -3.5626590119e-13
13  2.4958966145e+06 -1.9198485815e-12
14  1.9988605085e+06  8.8057691168e-13
15  1.5758834692e+06 -1.8596543315e-13
16  1.2852341732e+06 -4.7887309969e-13
17  9.9476796437e+05  1.0170219126e-13
18  8.0710467891e+05 -5.1262485077e-13
19  6.3179156558e+05  1.2326837381e-13
20  5.1544447273e+05 -3.4406140467e-13
21  4.1147391134e+05  5.7656220714e-13
22  3.0938454269e+05  3.4813381679e-14
23  2.4619618606e+05 -3.9252894553e-15
24  1.9916996009e+05 -1.4160810765e-14
25  1.5707746769e+05  7.6593018514e-14
26  1.2688321849e+05 -3.4800639200e-14
27  1.0244216081e+05  1.2240464111e-14
28  8.5431002862e+04  3.5399929972e-14
29  7.0648612109e+04  5.2891725916e-14
30  6.3425861938e+04  2.4806035994e-14
31  5.7170764239e+04 -1.7694049270e-14
