0  9.2784720920e+04  0.0000000000e+00
1  9.5399269334e+04  0.0000000000e+00
2  7.1271097286e+04  0.0000000000e+00
3  5.5892512632e+04  0.0000000000e+00
4  4.3603666659e+04  0.0000000000e+00
5  3.4038551660e+04  0.0000000000e+00
6  2.6466483699e+04  0.0000000000e+00
7  2.0556705070e+04  0.0000000000e+00
8  1.5920884453e+04  0.0000000000e+00
9  1.2309785499e+04  0.0000000000e+00
10  9.5244877173e+03  0.0000000000e+00
11  7.4002662719e+03  0.0000000000e+00
12  5.7523715317e+03  0.0000000000e+00
13  4.4749943571e+03  0.0000000000e+00
14  3.4667528640e+03  0.0000000000e+00
15  2.6624918540e+03  0.0000000000e+00
16  2.0382788235e+03  0.0000000000e+00
17  1.5480624007e+03  0.0000000000e+00
18  1.1719585200e+03  0.0000000000e+00
19  8.9496453150e+02  0.0000000000e+00
20  6.8804066249e+02  0.0000000000e+00
21  5.3040466150e+02  0.0000000000e+00
22  4.0943366892e+02  0.0000000000e+00
23  3.1679030299e+02  0.0000000000e+00
24  2.4660968814e+02  0.0000000000e+00
25  1.9328661670e+02  0.0000000000e+00
26  1.5196815232e+02  0.0000000000e+00
27  1.2075521255e+02  0.0000000000e+00
28  9.7449668475e+01  0.0000000000e+00
29  8.0693318038e+01  0.0000000000e+00
30  6.9280074168e+01  0.0000000000e+00
31  6.2378942479e+01  0.0000000000e+00
