0 -4.1585558818e+02  2.1479915392e-15
1  1.8590670941e+04  2.8699277786e-15
2  1.2115156417e+04  2.5762650028e-15
3  9.5008056955e+03  2.1355826653e-15
4  7.3875294367e+03  1.1811286820e-16
5  5.7704077973e+03  3.8486153216e-15
6  4.5116135950e+03  1.3715176540e-15
7  3.5142148023e+03  1.2836677378e-15
8  2.7629620400e+03 -9.6682627589e-16
9  2.1483841961e+03  1.5824371165e-15
10  1.6807629669e+03  3.3671846642e-16
11  1.3139206844e+03 -1.0297681295e-16
12  1.0261231912e+03 -3.6062946537e-16
13  7.9791322226e+02  2.9964120058e-16
14  6.2250394402e+02 -4.3006784996e-16
15  4.8489467110e+02  1.4840361343e-16
16  3.7766223016e+02 -4.6176001120e-17
17  2.9313138820e+02 -1.3515204767e-16
18  2.2730518022e+02 -1.8744346785e-16
19  1.7622042275e+02  2.6335011366e-16
20  1.3691076856e+02 -9.1454147315e-17
21  1.0589474375e+02 -1.5109056076e-17
22  8.1533262675e+01 -3.5018419917e-17
23  6.3061452559e+01 -1.7649572582e-17
24  4.8686212106e+01  7.2913654891e-18
25  3.7401717855e+01 -9.4109595605e-18
26  2.8612402626e+01  4.0638523227e-18
27  2.1566217980e+01  7.0684899448e-19
28  1.5782785529e+01  1.8517728414e-18
29  1.0966604778e+01 -1.7686047939e-18
30  6.7749463211e+00  1.4230153514e-19
31  3.0017998720e+00 -6.4766256729e-19
