0  1.0142390271e+05  0.0000000000e+00
1  1.0386790870e+05  0.0000000000e+00
2  7.9030879786e+04  0.0000000000e+00
3  6.3110819712e+04  0.0000000000e+00
4  5.0065557830e+04  0.0000000000e+00
5  3.9619441254e+04  0.0000000000e+00
6  3.1198779748e+04  0.0000000000e+00
7  2.4605769298e+04  0.0000000000e+00
8  1.9390183140e+04  0.0000000000e+00
9  1.5283365828e+04  0.0000000000e+00
10  1.2005176547e+04  0.0000000000e+00
11  9.4108634741e+03  0.0000000000e+00
12  7.3893164833e+03  0.0000000000e+00
13  5.7769377296e+03  0.0000000000e+00
14  4.4964138436e+03  0.0000000000e+00
15  3.4740231277e+03  0.0000000000e+00
16  2.6810986172e+03  0.0000000000e+00
17  2.0628444223e+03  0.0000000000e+00
18  1.5892212106e+03  0.0000000000e+00
19  1.2248700826e+03  0.0000000000e+00
20  9.4541420843e+02  0.0000000000e+00
21  7.3157464615e+02  0.0000000000e+00
22  5.6349010254e+02  0.0000000000e+00
23  4.3488106685e+02  0.0000000000e+00
24  3.3659553175e+02  0.0000000000e+00
25  2.6187481237e+02  0.0000000000e+00
26  2.0524320901e+02  0.0000000000e+00
27  1.6252845473e+02  0.0000000000e+00
28  1.3112049528e+02  0.0000000000e+00
29  1.0828081341e+02  0.0000000000e+00
30  9.2878538493e+01  0.0000000000e+00
31  8.3559269820e+01  0.0000000000e+00
