0  1.1095507368e+05  0.0000000000e+00
1  1.1260601241e+05  0.0000000000e+00
2  8.6849889740e+04  0.0000000000e+00
3  6.9550494863e+04  0.0000000000e+00
4  5.5025718428e+04  0.0000000000e+00
5  4.3083970327e+04  0.0000000000e+00
6  3.3554093996e+04  0.0000000000e+00
7  2.6008805557e+04  0.0000000000e+00
8  2.0145240409e+04  0.0000000000e+00
9  1.5595917213e+04  0.0000000000e+00
10  1.2064197738e+04  0.0000000000e+00
11  9.3326720816e+03  0.0000000000e+00
12  7.2131333523e+03  0.0000000000e+00
13  5.5488014642e+03  0.0000000000e+00
14  4.2450050483e+03  0.0000000000e+00
15  3.2325242838e+03  0.0000000000e+00
16  2.4526994973e+03  0.0000000000e+00
17  1.8471200290e+03  0.0000000000e+00
18  1.3913664993e+03  0.0000000000e+00
19  1.0488982417e+03  0.0000000000e+00
20  7.8783581789e+02  0.0000000000e+00
21  5.9169886793e+02  0.0000000000e+00
22  4.4322941914e+02  0.0000000000e+00
23  3.3302455608e+02  0.0000000000e+00
24  2.5223060396e+02  0.0000000000e+00
25  1.9245826079e+02  0.0000000000e+00
26  1.4862484999e+02  0.0000000000e+00
27  1.1573355962e+02  0.0000000000e+00
28  9.1605873994e+01  0.0000000000e+00
29  7.3763404796e+01  0.0000000000e+00
30  6.2004292064e+01  0.0000000000e+00
31  5.5382378682e+01  0.0000000000e+00
