0  9.5603233561e+04  0.0000000000e+00
1  9.7755202823e+04  0.0000000000e+00
2  7.3358517887e+04  0.0000000000e+00
3  5.7971516651e+04  0.0000000000e+00
4  4.5565562120e+04  0.0000000000e+00
5  3.5931081076e+04  0.0000000000e+00
6  2.8442451039e+04  0.0000000000e+00
7  2.2567369603e+04  0.0000000000e+00
8  1.7894526645e+04  0.0000000000e+00
9  1.4222314316e+04  0.0000000000e+00
10  1.1304570487e+04  0.0000000000e+00
11  8.9916948339e+03  0.0000000000e+00
12  7.1745829410e+03  0.0000000000e+00
13  5.7061568588e+03  0.0000000000e+00
14  4.5237853450e+03  0.0000000000e+00
15  3.5705110229e+03  0.0000000000e+00
16  2.8007186115e+03  0.0000000000e+00
17  2.1867326516e+03  0.0000000000e+00
18  1.7023238209e+03  0.0000000000e+00
19  1.3245848425e+03  0.0000000000e+00
20  1.0330526697e+03  0.0000000000e+00
21  8.0666196529e+02  0.0000000000e+00
22  6.2678428431e+02  0.0000000000e+00
23  4.8672036455e+02  0.0000000000e+00
24  3.7948446458e+02  0.0000000000e+00
25  2.9685070649e+02  0.0000000000e+00
26  2.3481903135e+02  0.0000000000e+00
27  1.8782623055e+02  0.0000000000e+00
28  1.5206742981e+02  0.0000000000e+00
29  1.2663929070e+02  0.0000000000e+00
30  1.0999691093e+02  0.0000000000e+00
31  1.0029797964e+02  0.0000000000e+00
