0  9.9672060735e+04  0.0000000000e+00
1  1.0136196675e+05  0.0000000000e+00
2  7.6189969834e+04  0.0000000000e+00
3  5.9743093435e+04  0.0000000000e+00
4  4.6455761039e+04  0.0000000000e+00
5  3.6168664739e+04  0.0000000000e+00
6  2.8247243741e+04  0.0000000000e+00
7  2.2214737272e+04  0.0000000000e+00
8  1.7500132996e+04  0.0000000000e+00
9  1.3757015869e+04  0.0000000000e+00
10  1.0783396099e+04  0.0000000000e+00
11  8.4582412011e+03  0.0000000000e+00
12  6.6562063252e+03  0.0000000000e+00
13  5.2352844598e+03  0.0000000000e+00
14  4.1154156335e+03  0.0000000000e+00
15  3.2364369721e+03  0.0000000000e+00
16  2.5492360008e+03  0.0000000000e+00
17  2.0228151982e+03  0.0000000000e+00
18  1.6091603855e+03  0.0000000000e+00
19  1.2808902962e+03  0.0000000000e+00
20  1.0199861774e+03  0.0000000000e+00
21  8.1244343678e+02  0.0000000000e+00
22  6.4594232855e+02  0.0000000000e+00
23  5.1239172006e+02  0.0000000000e+00
24  4.0525180433e+02  0.0000000000e+00
25  3.2207237746e+02  0.0000000000e+00
26  2.5837582101e+02  0.0000000000e+00
27  2.0981466063e+02  0.0000000000e+00
28  1.7376088379e+02  0.0000000000e+00
29  1.4836224469e+02  0.0000000000e+00
30  1.3167455367e+02  0.0000000000e+00
31  1.2288473226e+02  0.0000000000e+00
