0 -1.3738995254e+01  2.7386785941e-15
1  1.7555395997e+04 -5.4992193203e-15
2  1.1314915232e+04 -9.1072135456e-17
3  8.8425758118e+03  2.7581538932e-15
4  6.8038691946e+03  2.2639757077e-15
5  5.2592184230e+03 -2.8759167780e-15
6  4.0650327607e+03  2.3573222325e-15
7  3.1408943598e+03  1.3633124459e-15
8  2.4129278541e+03  7.3070070112e-16
9  1.8527263998e+03  2.9187781274e-16
10  1.4231851294e+03  8.2383165604e-17
11  1.1017902303e+03  1.9950230534e-16
12  8.4798600879e+02 -2.0899622119e-16
13  6.5055096179e+02 -2.8711346417e-16
14  4.9694462513e+02  1.9378123306e-16
15  3.8145271295e+02 -1.4879213686e-16
16  2.9277404957e+02  4.6402900070e-17
17  2.2609875514e+02  5.7832021507e-17
18  1.7514689356e+02 -6.0768472977e-17
19  1.3560624262e+02  6.8793898394e-18
20  1.0472803638e+02  4.1982817454e-17
21  8.1391816859e+01  2.7343547026e-17
22  6.3164396989e+01  8.6572061165e-18
23  4.8729814770e+01  4.3518435248e-18
24  3.7462824446e+01  2.1790663722e-17
25  2.8633631444e+01  7.3362582353e-18
26  2.1634926023e+01  2.7759387264e-18
27  1.6056869838e+01  1.4703962569e-19
28  1.1673393690e+01  8.9653143511e-19
29  8.1886268549e+00 -2.2267437392e-18
30  5.1844580674e+00 -7.1394289542e-19
31  2.5136650211e+00  8.6852640829e-19
