0  9.8640995690e+04  0.0000000000e+00
1  9.9909434161e+04  0.0000000000e+00
2  7.4615007049e+04  0.0000000000e+00
3  5.8630734130e+04  0.0000000000e+00
4  4.5964471454e+04  0.0000000000e+00
5  3.6084474336e+04  0.0000000000e+00
6  2.8352786520e+04  0.0000000000e+00
7  2.2296702995e+04  0.0000000000e+00
8  1.7588824477e+04  0.0000000000e+00
9  1.3887154934e+04  0.0000000000e+00
10  1.0934230286e+04  0.0000000000e+00
11  8.6213794026e+03  0.0000000000e+00
12  6.8104102335e+03  0.0000000000e+00
13  5.3597875523e+03  0.0000000000e+00
14  4.1966239438e+03  0.0000000000e+00
15  3.2664757519e+03  0.0000000000e+00
16  2.5341637653e+03  0.0000000000e+00
17  1.9763857901e+03  0.0000000000e+00
18  1.5495950723e+03  0.0000000000e+00
19  1.2216978311e+03  0.0000000000e+00
20  9.6470959291e+02  0.0000000000e+00
21  7.6196736540e+02  0.0000000000e+00
22  6.0417747357e+02  0.0000000000e+00
23  4.8045666398e+02  0.0000000000e+00
24  3.8134453661e+02  0.0000000000e+00
25  3.0298149605e+02  0.0000000000e+00
26  2.4402746539e+02  0.0000000000e+00
27  1.9943266810e+02  0.0000000000e+00
28  1.6527699011e+02  0.0000000000e+00
29  1.4059104428e+02  0.0000000000e+00
30  1.2397873762e+02  0.0000000000e+00
31  1.1436762954e+02  0.0000000000e+00
