0 -4.0657363304e+02  2.1043436667e-15
1  1.8499009348e+04  7.9571715021e-16
2  1.1999579252e+04  5.9036858112e-15
3  9.4462283449e+03  1.1463996430e-15
4  7.3672983659e+03 -2.6949162133e-15
5  5.7297855539e+03  1.9932620719e-15
6  4.4627277731e+03 -7.3200142609e-16
7  3.4837229486e+03 -5.4047578884e-16
8  2.7204734244e+03 -3.9243629369e-16
9  2.1306261983e+03  5.8403451109e-16
10  1.6752953191e+03  6.1541739942e-16
11  1.3050572788e+03  9.2981940642e-16
12  1.0270474321e+03 -2.9229127070e-16
13  8.0657206959e+02  7.0745525832e-16
14  6.3072362991e+02 -3.6700455297e-16
15  4.9347651659e+02  3.2839904116e-17
16  3.8528942421e+02  1.6183750303e-16
17  3.0092304207e+02  9.4592404385e-18
18  2.3525143217e+02  1.0558027460e-16
19  1.8356427347e+02 -2.9996030701e-17
20  1.4235195337e+02  8.5134593314e-17
21  1.0945028835e+02  2.2655484361e-17
22  8.3620886861e+01 -2.0948077698e-17
23  6.4374822733e+01  2.7833502647e-18
24  4.9324814183e+01 -1.0836357192e-17
25  3.7736128700e+01 -3.3956492064e-18
26  2.8565480604e+01 -1.6551447306e-17
27  2.1405208926e+01 -6.7678991277e-18
28  1.5686894119e+01  1.0040516799e-18
29  1.0839156958e+01 -4.8185586787e-18
30  6.7783567039e+00  1.9824276735e-18
31  3.3063631182e+00 -2.5029823591e-19
