0  1.0271977507e+05  0.0000000000e+00
1  1.0458194178e+05  0.0000000000e+00
2  7.9335206224e+04  0.0000000000e+00
3  6.3176012724e+04  0.0000000000e+00
4  4.9895135047e+04  0.0000000000e+00
5  3.9182920253e+04  0.0000000000e+00
6  3.0565195101e+04  0.0000000000e+00
7  2.3795952419e+04  0.0000000000e+00
8  1.8547628289e+04  0.0000000000e+00
9  1.4450564553e+04  0.0000000000e+00
10  1.1241251647e+04  0.0000000000e+00
11  8.7510461191e+03  0.0000000000e+00
12  6.8173141248e+03  0.0000000000e+00
13  5.3229712830e+03  0.0000000000e+00
14  4.1579587972e+03  0.0000000000e+00
15  3.2324062976e+03  0.0000000000e+00
16  2.4953697412e+03  0.0000000000e+00
17  1.9239149354e+03  0.0000000000e+00
18  1.4917047945e+03  0.0000000000e+00
19  1.1591391588e+03  0.0000000000e+00
20  8.9894685221e+02  0.0000000000e+00
21  6.9715811904e+02  0.0000000000e+00
22  5.4364511396e+02  0.0000000000e+00
23  4.2662242215e+02  0.0000000000e+00
24  3.3517974437e+02  0.0000000000e+00
25  2.6338736601e+02  0.0000000000e+00
26  2.0835155614e+02  0.0000000000e+00
27  1.6745041162e+02  0.0000000000e+00
28  1.3799067763e+02  0.0000000000e+00
29  1.1771587818e+02  0.0000000000e+00
30  1.0441091655e+02  0.0000000000e+00
31  9.7015847916e+01  0.0000000000e+00
