0  6.1495528267e+07 -6.7148640840e-12
1  6.1842146537e+07  2.7095762697e-11
2  3.9030857262e+07 -1.0189707899e-11
3  2.9530105073e+07 -1.7320500719e-11
4  2.2394310859e+07 -2.3927561038e-11
5  1.7215985155e+07  5.2213662909e-12
6  1.2948140849e+07  7.5964374326e-12
7  1.0186956477e+07 -1.9905227401e-12
8  8.0356901723e+06 -1.3396613915e-12
9  6.2910891397e+06 -2.5572960514e-12
10  4.7947356854e+06  4.8680087235e-12
11  3.7811667121e+06  3.1380054713e-13
12  3.0213089948e+06 -9.3348981414e-13
13  2.3851954478e+06 -8.5143050257e-13
14  1.9016640324e+06  2.2344365136e-12
15  1.5193297715e+06  6.6033771013e-13
16  1.1997439091e+06  8.4379950921e-13
17  9.4011842654e+05 -4.1372447301e-14
18  7.1836451152e+05  1.9894653945e-13
19  5.6610899406e+05  7.7998719367e-14
20  4.4347761109e+05  1.7865104834e-14
21  3.5100800353e+05 -1.8823695441e-13
22  2.8171907575e+05  3.6653226233e-13
23  2.2052182565e+05 -1.8153726933e-13
24  1.7577748283e+05 -6.0673719251e-14
25  1.3792416055e+05  1.2583692240e-14
26  1.1176005587e+05  1.6351991689e-15
27  9.1270439743e+04 -2.5096274811e-14
28  7.3549690104e+04  3.1214552344e-14
29  6.2299632704e+04  4.4043712065e-14
30  5.5657216412e+04 -1.0268613044e-15
31  5.1843698683e+04 -4.9088737014e-14
