0  5.2173320658e+07 -1.2984900367e-11
1  5.6884144085e+07  1.2721427598e-12
2  3.1971619129e+07  1.3922133587e-11
3  2.3844344692e+07 -1.3460365495e-12
4  1.8464081952e+07  1.0184331190e-11
5  1.4243787284e+07  4.1309002776e-12
6  1.1097925511e+07 -7.0870781902e-12
7  8.7728699326e+06  1.5974311045e-13
8  6.7795187928e+06  1.7000775656e-12
9  5.4117414549e+06 -2.8207857728e-12
10  4.2712705539e+06  5.1470507996e-13
11  3.3596688595e+06 -1.2550602909e-13
12  2.6373510041e+06  7.4244458074e-13
13  2.0027793594e+06 -2.8488180425e-13
14  1.5625807211e+06 -6.1388963747e-13
15  1.1966278884e+06 -5.0776488515e-13
16  9.2356884483e+05  2.4364924860e-14
17  7.2146798971e+05  3.0179831664e-13
18  5.5456949439e+05  5.7579483274e-13
19  4.2246523466e+05 -3.5725206904e-14
20  3.2413089686e+05  5.7702269919e-14
21  2.5179535102e+05 -9.5706852648e-15
22  1.9399242120e+05  8.8139254479e-14
23  1.5346186883e+05 -5.5899150708e-14
24  1.1685301005e+05 -2.2397429795e-14
25  8.8907336696e+04  5.6659202324e-14
26  6.9992013928e+04  2.1172820641e-14
27  5.5526974449e+04 -6.2973405253e-15
28  4.5073733052e+04 -1.7128330427e-14
29  3.7779075153e+04 -2.4001427033e-14
30  3.2475195216e+04 -1.5483146688e-14
31  2.9684669760e+04  4.4915660729e-15
