0  1.0292205339e+05  0.0000000000e+00
1  1.0562924771e+05  0.0000000000e+00
2  8.1200056389e+04  0.0000000000e+00
3  6.5221322450e+04  0.0000000000e+00
4  5.1662720976e+04  0.0000000000e+00
5  4.0683678234e+04  0.0000000000e+00
6  3.1870981729e+04  0.0000000000e+00
7  2.5020218448e+04  0.0000000000e+00
8  1.9695108058e+04  0.0000000000e+00
9  1.5539736071e+04  0.0000000000e+00
10  1.2284776469e+04  0.0000000000e+00
11  9.6848023662e+03  0.0000000000e+00
12  7.6161019073e+03  0.0000000000e+00
13  5.9676685267e+03  0.0000000000e+00
14  4.6652301963e+03  0.0000000000e+00
15  3.6414546517e+03  0.0000000000e+00
16  2.8506580676e+03  0.0000000000e+00
17  2.2499569340e+03  0.0000000000e+00
18  1.7764498872e+03  0.0000000000e+00
19  1.3962624857e+03  0.0000000000e+00
20  1.0949567722e+03  0.0000000000e+00
21  8.6122107293e+02  0.0000000000e+00
22  6.7800236911e+02  0.0000000000e+00
23  5.3051621658e+02  0.0000000000e+00
24  4.1472981942e+02  0.0000000000e+00
25  3.2720855730e+02  0.0000000000e+00
26  2.6113794302e+02  0.0000000000e+00
27  2.1120435043e+02  0.0000000000e+00
28  1.7341535051e+02  0.0000000000e+00
29  1.4557814446e+02  0.0000000000e+00
30  1.2628647451e+02  0.0000000000e+00
31  1.1484387135e+02  0.0000000000e+00
