0  1.1432907677e+05  0.0000000000e+00
1  1.1458626865e+05  0.0000000000e+00
2  8.6656803137e+04  0.0000000000e+00
3  6.7703026823e+04  0.0000000000e+00
4  5.2576459300e+04  0.0000000000e+00
5  4.1010720418e+04  0.0000000000e+00
6  3.1930721642e+04  0.0000000000e+00
7  2.4742803948e+04  0.0000000000e+00
8  1.9146077329e+04  0.0000000000e+00
9  1.4865924445e+04  0.0000000000e+00
10  1.1581780269e+04  0.0000000000e+00
11  9.0765842817e+03  0.0000000000e+00
12  7.1053508258e+03  0.0000000000e+00
13  5.4868668154e+03  0.0000000000e+00
14  4.2171319369e+03  0.0000000000e+00
15  3.2357109124e+03  0.0000000000e+00
16  2.4904638722e+03  0.0000000000e+00
17  1.9257055655e+03  0.0000000000e+00
18  1.4924222259e+03  0.0000000000e+00
19  1.1512143843e+03  0.0000000000e+00
20  8.8427718258e+02  0.0000000000e+00
21  6.7975208647e+02  0.0000000000e+00
22  5.2599309015e+02  0.0000000000e+00
23  4.0890029956e+02  0.0000000000e+00
24  3.1855666580e+02  0.0000000000e+00
25  2.4696008556e+02  0.0000000000e+00
26  1.9187616059e+02  0.0000000000e+00
27  1.4965073734e+02  0.0000000000e+00
28  1.1936596090e+02  0.0000000000e+00
29  9.7782109415e+01  0.0000000000e+00
30  8.2405753714e+01  0.0000000000e+00
31  7.3202206763e+01  0.0000000000e+00
