0  1.0093901043e+05  0.0000000000e+00
1  1.0308229085e+05  0.0000000000e+00
2  7.7586181440e+04  0.0000000000e+00
3  6.0762495766e+04  0.0000000000e+00
4  4.7112593054e+04  0.0000000000e+00
5  3.6352601093e+04  0.0000000000e+00
6  2.7991947296e+04  0.0000000000e+00
7  2.1702335365e+04  0.0000000000e+00
8  1.6892890150e+04  0.0000000000e+00
9  1.3167532103e+04  0.0000000000e+00
10  1.0193225291e+04  0.0000000000e+00
11  7.8240261207e+03  0.0000000000e+00
12  5.9824329504e+03  0.0000000000e+00
13  4.5680445936e+03  0.0000000000e+00
14  3.4837582855e+03  0.0000000000e+00
15  2.6427842821e+03  0.0000000000e+00
16  1.9966417081e+03  0.0000000000e+00
17  1.5116605337e+03  0.0000000000e+00
18  1.1504874416e+03  0.0000000000e+00
19  8.7550929297e+02  0.0000000000e+00
20  6.6885709116e+02  0.0000000000e+00
21  5.1121751449e+02  0.0000000000e+00
22  3.8906940917e+02  0.0000000000e+00
23  2.9569414125e+02  0.0000000000e+00
24  2.2509960257e+02  0.0000000000e+00
25  1.7159279766e+02  0.0000000000e+00
26  1.3197834698e+02  0.0000000000e+00
27  1.0264689805e+02  0.0000000000e+00
28  8.1685196002e+01  0.0000000000e+00
29  6.6807240422e+01  0.0000000000e+00
30  5.6708471973e+01  0.0000000000e+00
31  5.0840195010e+01  0.0000000000e+00
