0  9.7326896193e+04  0.0000000000e+00
1  9.9492314797e+04  0.0000000000e+00
2  7.5151036711e+04  0.0000000000e+00
3  5.9859646153e+04  0.0000000000e+00
4  4.7299126202e+04  0.0000000000e+00
5  3.7407973415e+04  0.0000000000e+00
6  2.9713169037e+04  0.0000000000e+00
7  2.3653273839e+04  0.0000000000e+00
8  1.8882570256e+04  0.0000000000e+00
9  1.5095637029e+04  0.0000000000e+00
10  1.2033326490e+04  0.0000000000e+00
11  9.6024741136e+03  0.0000000000e+00
12  7.6536710315e+03  0.0000000000e+00
13  6.0736685375e+03  0.0000000000e+00
14  4.8197047196e+03  0.0000000000e+00
15  3.8258925397e+03  0.0000000000e+00
16  3.0462499255e+03  0.0000000000e+00
17  2.4256003123e+03  0.0000000000e+00
18  1.9318506634e+03  0.0000000000e+00
19  1.5359597846e+03  0.0000000000e+00
20  1.2185408774e+03  0.0000000000e+00
21  9.6682020177e+02  0.0000000000e+00
22  7.6671577756e+02  0.0000000000e+00
23  6.0924763289e+02  0.0000000000e+00
24  4.8802335064e+02  0.0000000000e+00
25  3.9449009642e+02  0.0000000000e+00
26  3.2051265618e+02  0.0000000000e+00
27  2.6272666276e+02  0.0000000000e+00
28  2.1866724099e+02  0.0000000000e+00
29  1.8608852183e+02  0.0000000000e+00
30  1.6369711419e+02  0.0000000000e+00
31  1.5016848555e+02  0.0000000000e+00
