0  2.0904437343e+02 -8.6322588787e-16
1  1.9792083022e+04  7.1104598980e-15
2  1.3155198277e+04  1.1929024400e-15
3  1.0479929408e+04 -8.7011078342e-16
4  8.2322338520e+03 -1.2901786153e-15
5  6.4771895585e+03 -1.8247571490e-15
6  5.0816779378e+03  1.2231767740e-15
7  3.9653735892e+03  1.0788967816e-15
8  3.0934629854e+03 -9.9192672085e-16
9  2.4354600119e+03  6.7488723854e-16
10  1.9305029505e+03  1.0233174442e-16
11  1.5336728757e+03 -1.4529664364e-16
12  1.2104741883e+03  3.5198581178e-16
13  9.6072119134e+02  2.6907018009e-16
14  7.5987912436e+02 -1.9285669660e-17
15  6.0114488135e+02 -4.6793588723e-16
16  4.7480954264e+02  2.5039882108e-16
17  3.7651501889e+02  1.4654882303e-16
18  2.9749509661e+02 -2.3749215654e-16
19  2.3415345250e+02  1.1021698589e-17
20  1.8369263800e+02 -1.0054326083e-16
21  1.4404493603e+02  3.6589705739e-18
22  1.1300103396e+02 -1.4816723830e-17
23  8.8018965774e+01 -6.3389987009e-17
24  6.8610355809e+01 -1.8691423108e-17
25  5.3246385083e+01 -6.3135718306e-19
26  4.1125194799e+01  6.4524852339e-18
27  3.1123866405e+01  7.4240320244e-18
28  2.2992553321e+01  3.6535707389e-18
29  1.6080979231e+01 -1.7011597954e-18
30  1.0146333462e+01 -6.8000863797e-19
31  4.7858292733e+00  1.7385351242e-19
