0  2.4809793290e+02 -6.4128170928e-15
1  1.9227885957e+04 -2.5210555011e-15
2  1.2774328344e+04 -1.9093081896e-15
3  1.0187207519e+04  2.5223201213e-15
4  8.0199094379e+03  3.2043938256e-15
5  6.3369636059e+03 -1.7743582652e-15
6  4.9912689085e+03 -8.7095887516e-16
7  3.9394287519e+03 -4.3040248091e-15
8  3.1030511756e+03 -5.7889789154e-16
9  2.4456236366e+03  1.2263168310e-16
10  1.9284740324e+03 -3.0659575136e-17
11  1.5117001263e+03  2.9204488999e-16
12  1.1918960681e+03  1.8468664030e-16
13  9.3782963059e+02 -1.1857857751e-16
14  7.3847139207e+02 -6.5182160494e-16
15  5.8081954472e+02  1.7234166449e-16
16  4.5788874440e+02 -6.4641954644e-17
17  3.6042429961e+02 -1.7175594121e-16
18  2.8391845994e+02  5.4070136430e-17
19  2.2498562531e+02 -1.0254974953e-16
20  1.7767348891e+02  3.0349931654e-17
21  1.4105491649e+02  1.2938645322e-16
22  1.1107493887e+02  1.7190004269e-17
23  8.6890647269e+01 -9.8657103740e-18
24  6.7305543703e+01 -2.1031298685e-17
25  5.2205799677e+01 -1.7851801699e-17
26  4.0024448447e+01 -1.1444368029e-17
27  3.0572581958e+01  3.7636717871e-18
28  2.2402987054e+01  9.7999594415e-18
29  1.5683069863e+01  2.6713301574e-19
30  9.9042291188e+00 -4.1826486935e-18
31  4.5810056945e+00 -6.0891080996e-19
