0  9.7999984087e+04  0.0000000000e+00
1  9.9680930676e+04  0.0000000000e+00
2  7.4634958427e+04  0.0000000000e+00
3  5.8608078901e+04  0.0000000000e+00
4  4.5563543182e+04  0.0000000000e+00
5  3.5349590236e+04  0.0000000000e+00
6  2.7402170097e+04  0.0000000000e+00
7  2.1217109505e+04  0.0000000000e+00
8  1.6431770938e+04  0.0000000000e+00
9  1.2655447868e+04  0.0000000000e+00
10  9.6926727578e+03  0.0000000000e+00
11  7.4372218406e+03  0.0000000000e+00
12  5.7135602386e+03  0.0000000000e+00
13  4.4103592133e+03  0.0000000000e+00
14  3.4225519114e+03  0.0000000000e+00
15  2.6648791822e+03  0.0000000000e+00
16  2.0811480175e+03  0.0000000000e+00
17  1.6326885199e+03  0.0000000000e+00
18  1.2907169060e+03  0.0000000000e+00
19  1.0213736691e+03  0.0000000000e+00
20  8.0629333648e+02  0.0000000000e+00
21  6.3517510277e+02  0.0000000000e+00
22  5.0051303309e+02  0.0000000000e+00
23  3.9569922794e+02  0.0000000000e+00
24  3.1493626415e+02  0.0000000000e+00
25  2.5218184635e+02  0.0000000000e+00
26  2.0372613957e+02  0.0000000000e+00
27  1.6672279843e+02  0.0000000000e+00
28  1.3818188989e+02  0.0000000000e+00
29  1.1773889165e+02  0.0000000000e+00
30  1.0420092556e+02  0.0000000000e+00
31  9.6930988118e+01  0.0000000000e+00
