0  1.2907883944e+02  1.9021865483e-15
1  1.8144545147e+04 -4.7930989859e-16
2  1.2173539163e+04 -6.8322905723e-16
3  9.8116640464e+03  7.2604339634e-16
4  7.8295624851e+03 -1.1343706105e-15
5  6.2948941654e+03 -4.7753282346e-17
6  5.0648878169e+03 -2.0010038472e-15
7  4.0731210261e+03 -1.8052996376e-15
8  3.2709586379e+03  1.0278886693e-15
9  2.6183138695e+03 -1.9697581782e-16
10  2.0985929077e+03 -1.2307316196e-15
11  1.6759963960e+03 -2.3205208744e-17
12  1.3418782926e+03  1.8335212931e-15
13  1.0767262304e+03 -2.5856231286e-16
14  8.5800476775e+02  7.9997984352e-16
15  6.8692420401e+02 -9.3267644855e-17
16  5.4859141037e+02  1.6443969413e-16
17  4.3683661971e+02  8.6205190020e-17
18  3.4459302597e+02  3.6855938782e-16
19  2.7103173941e+02 -1.1454204200e-16
20  2.1199973664e+02 -8.6102063759e-17
21  1.6594617175e+02  1.0390637867e-16
22  1.2985196087e+02  1.6006805121e-18
23  1.0227330691e+02  6.4133946634e-17
24  8.0226277741e+01  2.2448808322e-17
25  6.2928138765e+01  4.0186948787e-18
26  4.8938517617e+01  2.3873888316e-18
27  3.7597732537e+01  6.0008049148e-18
28  2.7921468760e+01  6.6711256135e-18
29  1.9733416751e+01  2.6393546636e-18
30  1.2653547147e+01 -5.0395813384e-18
31  6.0873774649e+00 -3.8201185921e-19
