0  5.1485019248e+07  1.1786861742e-11
1  5.5772021907e+07 -3.3864796131e-11
2  3.1682990261e+07  2.8354292339e-11
3  2.3441454967e+07 -8.3861447521e-12
4  1.7530539385e+07  3.9000544063e-12
5  1.3418217242e+07 -6.4110825571e-12
6  1.0219680670e+07 -7.6132442693e-12
7  7.9776630834e+06  4.7963884106e-12
8  6.1609387156e+06 -3.8415320001e-13
9  4.7591340000e+06 -6.0212983189e-13
10  3.7171163595e+06  6.9811212137e-13
11  2.9354863755e+06 -1.1796821348e-12
12  2.2434892632e+06 -9.3040359629e-13
13  1.7173895824e+06 -9.0570992177e-13
14  1.3650636376e+06  6.4027439054e-13
15  1.0620660594e+06  3.5790731625e-13
16  8.2065328101e+05  5.0277451727e-13
17  6.4393157999e+05 -2.0783913614e-13
18  5.1685520319e+05 -1.2900319629e-13
19  3.9494112139e+05 -6.6916213382e-14
20  3.0067949426e+05  1.1872191285e-13
21  2.3941251938e+05  2.8293369460e-13
22  1.9052828221e+05 -1.4092517598e-13
23  1.4778050048e+05  1.8699093348e-14
24  1.1877055762e+05 -3.2334301501e-14
25  9.7993368548e+04  4.1862004145e-14
26  7.7859355276e+04 -4.2463379429e-15
27  6.4083069161e+04  2.6708291126e-15
28  5.3484796504e+04 -1.7664395659e-14
29  4.4633234425e+04 -1.0830920627e-14
30  3.9563473462e+04  2.9260567279e-15
31  3.7649131775e+04  1.0513311085e-14
