0  1.0528601429e+05  0.0000000000e+00
1  1.0698511966e+05  0.0000000000e+00
2  8.1326449013e+04  0.0000000000e+00
3  6.4352213899e+04  0.0000000000e+00
4  5.0424605619e+04  0.0000000000e+00
5  3.9244023156e+04  0.0000000000e+00
6  3.0487916010e+04  0.0000000000e+00
7  2.3685087463e+04  0.0000000000e+00
8  1.8327819177e+04  0.0000000000e+00
9  1.4143426778e+04  0.0000000000e+00
10  1.0859650215e+04  0.0000000000e+00
11  8.3093144300e+03  0.0000000000e+00
12  6.3644647421e+03  0.0000000000e+00
13  4.8927881408e+03  0.0000000000e+00
14  3.7691428353e+03  0.0000000000e+00
15  2.8930808246e+03  0.0000000000e+00
16  2.2201475122e+03  0.0000000000e+00
17  1.7091919273e+03  0.0000000000e+00
18  1.3177302981e+03  0.0000000000e+00
19  1.0153941131e+03  0.0000000000e+00
20  7.8284453161e+02  0.0000000000e+00
21  6.0585015047e+02  0.0000000000e+00
22  4.6992186925e+02  0.0000000000e+00
23  3.6278781600e+02  0.0000000000e+00
24  2.7910754874e+02  0.0000000000e+00
25  2.1614701266e+02  0.0000000000e+00
26  1.6979498384e+02  0.0000000000e+00
27  1.3553777217e+02  0.0000000000e+00
28  1.1012881648e+02  0.0000000000e+00
29  9.1735743164e+01  0.0000000000e+00
30  7.9213546236e+01  0.0000000000e+00
31  7.1803221736e+01  0.0000000000e+00
