0  1.4122467697e+02 -3.6169310582e-15
1  1.6025126104e+04  9.4363832544e-16
2  1.0526391236e+04  2.8067732668e-15
3  8.3121762077e+03  1.9915447126e-15
4  6.4735373802e+03  1.3101321175e-15
5  5.0627569978e+03  1.0274473651e-15
6  3.9383773915e+03 -6.2587391528e-16
7  3.0779919997e+03 -1.0723426524e-15
8  2.4041416516e+03 -5.0510967513e-16
9  1.8853700752e+03  1.3490672575e-16
10  1.4702679128e+03 -2.5310530310e-16
11  1.1513698397e+03 -1.6035254840e-16
12  9.0378886434e+02 -4.2460406393e-16
13  7.0398400099e+02 -2.5308020975e-17
14  5.4767775273e+02 -2.0482241340e-16
15  4.2474926776e+02  1.4057178798e-16
16  3.2844797446e+02 -6.5889766525e-17
17  2.5291503404e+02 -1.8418053812e-16
18  1.9444570505e+02 -9.8287850315e-17
19  1.4879008680e+02 -1.3240956674e-16
20  1.1389660428e+02  1.2212555444e-16
21  8.6812008573e+01 -3.1024011061e-17
22  6.5906538911e+01 -6.4723375686e-18
23  4.9535181671e+01  2.5683309510e-17
24  3.7390337822e+01 -1.4367478730e-17
25  2.8129420670e+01 -1.7157711138e-18
26  2.0971172594e+01  7.1648399426e-19
27  1.5433081581e+01 -9.8534283963e-18
28  1.1212792483e+01  3.7785610381e-18
29  7.8380690576e+00  7.5821360180e-19
30  5.0465460181e+00  7.5385932306e-19
31  2.7199079640e+00 -1.1964340380e-20
