0  1.0766116620e+05  0.0000000000e+00
1  1.0939887093e+05  0.0000000000e+00
2  8.3487263158e+04  0.0000000000e+00
3  6.6465964867e+04  0.0000000000e+00
4  5.2325408797e+04  0.0000000000e+00
5  4.0866212338e+04  0.0000000000e+00
6  3.1755411327e+04  0.0000000000e+00
7  2.4704213081e+04  0.0000000000e+00
8  1.9224888832e+04  0.0000000000e+00
9  1.4925104245e+04  0.0000000000e+00
10  1.1543185724e+04  0.0000000000e+00
11  8.9151975642e+03  0.0000000000e+00
12  6.9382126317e+03  0.0000000000e+00
13  5.4127939863e+03  0.0000000000e+00
14  4.2119871376e+03  0.0000000000e+00
15  3.2875909065e+03  0.0000000000e+00
16  2.5658056147e+03  0.0000000000e+00
17  1.9998158942e+03  0.0000000000e+00
18  1.5542557533e+03  0.0000000000e+00
19  1.2017743006e+03  0.0000000000e+00
20  9.3119813842e+02  0.0000000000e+00
21  7.2775821552e+02  0.0000000000e+00
22  5.7017202378e+02  0.0000000000e+00
23  4.4196079039e+02  0.0000000000e+00
24  3.4137164733e+02  0.0000000000e+00
25  2.6405570855e+02  0.0000000000e+00
26  2.0455512121e+02  0.0000000000e+00
27  1.5963683279e+02  0.0000000000e+00
28  1.2697222724e+02  0.0000000000e+00
29  1.0392768425e+02  0.0000000000e+00
30  8.8713541472e+01  0.0000000000e+00
31  7.9578479588e+01  0.0000000000e+00
