0 -2.0991030135e+02  1.8836494440e-15
1  1.9855043557e+04 -5.7860583458e-15
2  1.3035900088e+04  3.9050167044e-16
3  1.0316900563e+04 -4.4183144353e-17
4  8.0430451760e+03 -3.7144512319e-16
5  6.3385892677e+03 -6.4951947527e-16
6  4.9726045029e+03  6.1629598435e-16
7  3.8877659289e+03 -1.9402209746e-15
8  3.0352327468e+03  3.0567788528e-16
9  2.3588741479e+03  1.1381330779e-15
10  1.8393540271e+03  3.1474632589e-17
11  1.4403226059e+03 -9.3895740961e-16
12  1.1251220330e+03  6.3836532191e-17
13  8.8271715803e+02 -1.5041182267e-16
14  6.9549493106e+02 -2.1884451445e-16
15  5.4852184008e+02 -5.1613952641e-18
16  4.3392768998e+02 -1.2664857803e-16
17  3.4355753897e+02 -1.2742181323e-17
18  2.7248090242e+02  8.3004014284e-17
19  2.1577727201e+02 -1.2617466310e-16
20  1.7173298471e+02 -1.0214264432e-17
21  1.3671865633e+02  6.7526419467e-17
22  1.0856467432e+02  3.4268888403e-17
23  8.6066037783e+01  2.6423669246e-17
24  6.7813120389e+01 -4.2117125115e-18
25  5.3317873608e+01  1.5469124488e-17
26  4.1441466099e+01  5.5970348968e-18
27  3.1873306971e+01 -4.1822251771e-19
28  2.3931177905e+01 -1.8608255060e-18
29  1.7137479557e+01 -5.5212783876e-18
30  1.1083012501e+01  1.7902570736e-18
31  5.7828877575e+00  3.9878311157e-18
