0  1.0217881546e+05  0.0000000000e+00
1  1.0500136846e+05  0.0000000000e+00
2  8.0573546191e+04  0.0000000000e+00
3  6.4579327625e+04  0.0000000000e+00
4  5.1361887685e+04  0.0000000000e+00
5  4.0884178609e+04  0.0000000000e+00
6  3.2438739304e+04  0.0000000000e+00
7  2.5598382650e+04  0.0000000000e+00
8  2.0108551178e+04  0.0000000000e+00
9  1.5714189901e+04  0.0000000000e+00
10  1.2286603467e+04  0.0000000000e+00
11  9.6236559951e+03  0.0000000000e+00
12  7.5539142333e+03  0.0000000000e+00
13  5.9561201917e+03  0.0000000000e+00
14  4.7209354169e+03  0.0000000000e+00
15  3.7380766428e+03  0.0000000000e+00
16  2.9505877953e+03  0.0000000000e+00
17  2.3194242077e+03  0.0000000000e+00
18  1.8156918324e+03  0.0000000000e+00
19  1.4231678908e+03  0.0000000000e+00
20  1.1204260521e+03  0.0000000000e+00
21  8.8995940394e+02  0.0000000000e+00
22  7.1006774898e+02  0.0000000000e+00
23  5.6589187282e+02  0.0000000000e+00
24  4.4950499729e+02  0.0000000000e+00
25  3.5840407639e+02  0.0000000000e+00
26  2.8854370645e+02  0.0000000000e+00
27  2.3560258994e+02  0.0000000000e+00
28  1.9644412845e+02  0.0000000000e+00
29  1.6834601937e+02  0.0000000000e+00
30  1.4966110829e+02  0.0000000000e+00
31  1.3853471419e+02  0.0000000000e+00
