0  9.6140505557e+04  0.0000000000e+00
1  9.8317918422e+04  0.0000000000e+00
2  7.4285485276e+04  0.0000000000e+00
3  5.9327045221e+04  0.0000000000e+00
4  4.7248902384e+04  0.0000000000e+00
5  3.7517388071e+04  0.0000000000e+00
6  2.9589806438e+04  0.0000000000e+00
7  2.3263948197e+04  0.0000000000e+00
8  1.8344489308e+04  0.0000000000e+00
9  1.4560358852e+04  0.0000000000e+00
10  1.1593129893e+04  0.0000000000e+00
11  9.2527029244e+03  0.0000000000e+00
12  7.3931084218e+03  0.0000000000e+00
13  5.9075163584e+03  0.0000000000e+00
14  4.7159687575e+03  0.0000000000e+00
15  3.7643596560e+03  0.0000000000e+00
16  3.0089216600e+03  0.0000000000e+00
17  2.4004591348e+03  0.0000000000e+00
18  1.9054283415e+03  0.0000000000e+00
19  1.5031294764e+03  0.0000000000e+00
20  1.1867158523e+03  0.0000000000e+00
21  9.4018717342e+02  0.0000000000e+00
22  7.4855825412e+02  0.0000000000e+00
23  5.9681781499e+02  0.0000000000e+00
24  4.7759729877e+02  0.0000000000e+00
25  3.8336691227e+02  0.0000000000e+00
26  3.0811808482e+02  0.0000000000e+00
27  2.5032257052e+02  0.0000000000e+00
28  2.0815105954e+02  0.0000000000e+00
29  1.7853048239e+02  0.0000000000e+00
30  1.5878499423e+02  0.0000000000e+00
31  1.4717447968e+02  0.0000000000e+00
