0  9.7773085654e+04  0.0000000000e+00
1  1.0046683621e+05  0.0000000000e+00
2  7.6260832199e+04  0.0000000000e+00
3  6.0837977689e+04  0.0000000000e+00
4  4.8335246600e+04  0.0000000000e+00
5  3.8458602609e+04  0.0000000000e+00
6  3.0528379219e+04  0.0000000000e+00
7  2.4217011689e+04  0.0000000000e+00
8  1.9174374976e+04  0.0000000000e+00
9  1.5152654719e+04  0.0000000000e+00
10  1.2018990362e+04  0.0000000000e+00
11  9.5389633417e+03  0.0000000000e+00
12  7.5837069422e+03  0.0000000000e+00
13  6.0476863599e+03  0.0000000000e+00
14  4.8477078055e+03  0.0000000000e+00
15  3.8930978312e+03  0.0000000000e+00
16  3.1239989303e+03  0.0000000000e+00
17  2.5029720298e+03  0.0000000000e+00
18  2.0028301056e+03  0.0000000000e+00
19  1.6085645271e+03  0.0000000000e+00
20  1.2968768458e+03  0.0000000000e+00
21  1.0497816569e+03  0.0000000000e+00
22  8.5234993254e+02  0.0000000000e+00
23  6.9037598768e+02  0.0000000000e+00
24  5.5942859598e+02  0.0000000000e+00
25  4.5271923878e+02  0.0000000000e+00
26  3.6952633053e+02  0.0000000000e+00
27  3.0431985460e+02  0.0000000000e+00
28  2.5486562654e+02  0.0000000000e+00
29  2.1946939305e+02  0.0000000000e+00
30  1.9573088064e+02  0.0000000000e+00
31  1.8175516778e+02  0.0000000000e+00
