0  1.9483398962e+00  7.6963404115e-16
1  1.7769831280e+04  8.4386080887e-17
2  1.1851239985e+04 -3.5902603200e-16
3  9.4929905700e+03  1.5414625329e-15
4  7.5342880850e+03  2.7269437996e-15
5  5.9920566732e+03 -9.6153967856e-16
6  4.7868939056e+03 -1.0399455480e-15
7  3.8085244308e+03  7.1479217830e-16
8  3.0457104370e+03  1.0821308593e-15
9  2.4235899918e+03 -2.9319971354e-16
10  1.9181963008e+03 -4.7962234787e-16
11  1.5188842725e+03 -5.2950401225e-16
12  1.2038708461e+03 -7.8099614110e-18
13  9.5111600534e+02 -1.7497381938e-16
14  7.5081980494e+02 -7.3292172739e-17
15  5.9346573403e+02  1.1118366224e-17
16  4.6450213490e+02  2.1417254541e-17
17  3.6563592597e+02  2.5353146655e-16
18  2.8773405465e+02  4.1476662328e-17
19  2.2553967968e+02 -2.7306012879e-16
20  1.7733512761e+02  1.0088416512e-16
21  1.3962002554e+02 -1.2179529100e-16
22  1.1043563152e+02 -2.1070685717e-17
23  8.6989048826e+01  5.2459926797e-18
24  6.8048705362e+01  1.4951613827e-17
25  5.3092966499e+01  9.2607170914e-18
26  4.1136363680e+01 -1.9832912500e-17
27  3.1520026875e+01 -3.7480678520e-18
28  2.3498951873e+01 -2.7078055137e-18
29  1.6686085471e+01 -7.4115382885e-20
30  1.0775000784e+01  4.3558669313e-19
31  5.2791653355e+00  4.5353320370e-18
