0  4.7830670979e+07  8.7739952082e-13
1  5.1510178727e+07  2.5748538518e-11
2  3.0648810641e+07  3.3377320778e-11
3  2.2919478593e+07 -2.4839227836e-12
4  1.7524964287e+07 -9.4169755913e-12
5  1.3146788942e+07  3.9846192452e-12
6  1.0525751518e+07  3.3471790328e-12
7  8.2978941366e+06  2.2055482385e-12
8  6.4658251244e+06  5.2528994140e-12
9  5.1260656741e+06  2.1710135290e-12
10  4.1744543716e+06 -8.4356186497e-13
11  3.3046901769e+06 -1.9750157546e-12
12  2.6261910820e+06  3.0657838962e-12
13  2.0727466713e+06  1.0292240026e-12
14  1.6241286598e+06  7.6459577695e-13
15  1.3150529319e+06  2.5277414567e-13
16  1.0381973353e+06 -3.2145780052e-13
17  8.1272261118e+05 -1.1515874953e-12
18  6.5185615920e+05  1.7390517735e-13
19  5.1648608671e+05 -1.9580831211e-13
20  4.1301807669e+05  3.5651188265e-13
21  3.3154007359e+05 -3.5198481138e-13
22  2.6105132205e+05 -9.7850383114e-14
23  2.0788458178e+05 -7.9484620804e-14
24  1.6246861777e+05  1.2195160981e-13
25  1.3062325490e+05 -2.7382930627e-14
26  1.0739949646e+05  5.6249771108e-15
27  8.4940254910e+04 -6.1691044057e-15
28  7.1870018112e+04  2.6409120967e-14
29  6.0021968957e+04 -3.6810224871e-14
30  5.1481383433e+04  8.4329467322e-15
31  4.8393628638e+04 -6.9469978552e-15
