0 -4.1821301199e+02  1.7826202245e-15
1  1.5871733505e+04  3.1360206908e-15
2  1.0314868840e+04  1.3367840092e-15
3  8.0913387886e+03 -1.7558599126e-15
4  6.2918987271e+03  1.7703016126e-15
5  4.9056047583e+03 -1.8846714952e-15
6  3.8199632511e+03  3.0090527814e-16
7  2.9515800359e+03  7.4303928448e-16
8  2.2776061636e+03 -5.8458598248e-16
9  1.7634136517e+03 -1.3284155355e-15
10  1.3687786063e+03 -2.4855345392e-16
11  1.0504813542e+03  5.5384170405e-16
12  8.0698641353e+02  5.8915450762e-16
13  6.2317782868e+02  1.1346371611e-16
14  4.7914892134e+02 -1.8596116019e-16
15  3.6815158076e+02  1.1915228351e-16
16  2.8465490676e+02  1.3183517253e-16
17  2.1779515640e+02  7.4008233217e-17
18  1.6564397749e+02  1.3389745952e-16
19  1.2424902479e+02  7.8463414761e-17
20  9.3148502497e+01  4.7161418075e-17
21  7.1569649218e+01  3.3219467521e-17
22  5.4601626879e+01 -1.6280608521e-17
23  4.0808982646e+01  1.3516369437e-17
24  3.0682945714e+01 -5.1649951541e-18
25  2.3309294365e+01 -4.6246410733e-18
26  1.7569611000e+01  2.2892653586e-18
27  1.2980853074e+01 -1.6892483946e-18
28  9.3624366910e+00  1.3883928797e-18
29  6.4218941646e+00  1.5140713932e-19
30  3.9273958470e+00 -1.9608812729e-19
31  1.6883698000e+00 -1.5590700185e-19
