0  1.0372759995e+05  0.0000000000e+00
1  1.0648099122e+05  0.0000000000e+00
2  8.1753333516e+04  0.0000000000e+00
3  6.5800202142e+04  0.0000000000e+00
4  5.2719913601e+04  0.0000000000e+00
5  4.2088565967e+04  0.0000000000e+00
6  3.3569098448e+04  0.0000000000e+00
7  2.6779107059e+04  0.0000000000e+00
8  2.1290429423e+04  0.0000000000e+00
9  1.6849266901e+04  0.0000000000e+00
10  1.3266461193e+04  0.0000000000e+00
11  1.0460195634e+04  0.0000000000e+00
12  8.2499369622e+03  0.0000000000e+00
13  6.4983161425e+03  0.0000000000e+00
14  5.1043662401e+03  0.0000000000e+00
15  3.9815843927e+03  0.0000000000e+00
16  3.0997723518e+03  0.0000000000e+00
17  2.4141950417e+03  0.0000000000e+00
18  1.8891603169e+03  0.0000000000e+00
19  1.4884975410e+03  0.0000000000e+00
20  1.1810386913e+03  0.0000000000e+00
21  9.3971516760e+02  0.0000000000e+00
22  7.4525464099e+02  0.0000000000e+00
23  5.9060766816e+02  0.0000000000e+00
24  4.6758475002e+02  0.0000000000e+00
25  3.7105869295e+02  0.0000000000e+00
26  2.9531358753e+02  0.0000000000e+00
27  2.3703886343e+02  0.0000000000e+00
28  1.9295253499e+02  0.0000000000e+00
29  1.6062669720e+02  0.0000000000e+00
30  1.3836312479e+02  0.0000000000e+00
31  1.2445599455e+02  0.0000000000e+00
