0  5.0274159898e+07  1.0551085952e-11
1  5.1643121577e+07  2.6691363110e-11
2  2.8566292182e+07 -2.2995830096e-11
3  2.1400775682e+07  1.6598699672e-11
4  1.6118608910e+07  9.6787084163e-12
5  1.2167093986e+07  3.6657407389e-13
6  9.4089115148e+06 -1.3497776045e-12
7  7.3684709782e+06 -1.0645960724e-12
8  5.9314944350e+06  2.7313886724e-12
9  4.6728648089e+06  2.5825134548e-12
10  3.6155135142e+06 -8.1332433644e-13
11  2.8835865312e+06  5.3879769611e-13
12  2.2151555658e+06 -4.8594930381e-14
13  1.7094659923e+06 -1.0053843061e-12
14  1.3379228679e+06 -4.7521806048e-13
15  1.0444910496e+06 -2.7064201197e-13
16  8.2286172696e+05 -5.3987686392e-14
17  6.4696351764e+05 -7.1228264375e-13
18  4.9289523835e+05 -9.5312892856e-14
19  3.8360620959e+05  1.9059348777e-13
20  2.9612049903e+05  6.7157780074e-14
21  2.3963426130e+05 -1.5905659718e-14
22  1.9215360999e+05  5.3830354058e-15
23  1.5772864812e+05 -2.3565621640e-14
24  1.2616306536e+05  5.9162242380e-15
25  1.0293578320e+05  1.1540800682e-13
26  8.4016172234e+04  5.6017058947e-16
27  6.7755811713e+04 -2.1086620946e-14
28  5.6168483369e+04 -2.1690313145e-14
29  4.8148343988e+04  3.5517226959e-14
30  4.1549602615e+04 -4.0326087977e-15
31  3.7048723531e+04 -5.9632601306e-15
