0 -1.2375759406e+01 -3.4887948785e-15
1  1.9225297973e+04 -3.1923608756e-15
2  1.2483812088e+04  4.2682329025e-16
3  9.7117836575e+03 -2.8542496752e-15
4  7.5015685453e+03 -4.8255572884e-16
5  5.8261305585e+03 -4.7762387951e-16
6  4.5043338120e+03  4.3777229753e-15
7  3.4838082027e+03  1.8442765998e-16
8  2.6993221777e+03 -9.7859685748e-16
9  2.0865807548e+03  6.2515690189e-17
10  1.6163972188e+03 -7.9908696491e-16
11  1.2523324545e+03 -4.3752533978e-17
12  9.6880727525e+02 -5.0684524564e-16
13  7.4809773835e+02  1.4436241924e-16
14  5.8266661632e+02  7.7699920438e-17
15  4.5356329809e+02  1.1496248797e-17
16  3.5461433051e+02  1.3334479700e-16
17  2.7528293903e+02  2.2531918136e-16
18  2.1542667908e+02  1.5331921032e-16
19  1.6788466414e+02 -4.6075204199e-17
20  1.3067172386e+02  2.9200507945e-17
21  1.0160227073e+02 -9.0316793825e-17
22  7.8609736028e+01  9.9919976925e-18
23  6.1021261120e+01  3.9800490005e-18
24  4.6880080165e+01 -5.4417631696e-18
25  3.6083599615e+01  1.7899103195e-17
26  2.7618377489e+01 -7.2674368083e-18
27  2.0712812143e+01 -3.1034228396e-18
28  1.5146833165e+01 -1.6090449624e-18
29  1.0587420982e+01 -1.8535727864e-18
30  6.6717597172e+00 -1.9913215194e-19
31  3.0937818935e+00  1.5617169965e-19
