0  1.0035566067e+05  0.0000000000e+00
1  1.0237006989e+05  0.0000000000e+00
2  7.7517346982e+04  0.0000000000e+00
3  6.1568648975e+04  0.0000000000e+00
4  4.8631939346e+04  0.0000000000e+00
5  3.8401571298e+04  0.0000000000e+00
6  3.0327343241e+04  0.0000000000e+00
7  2.3964006311e+04  0.0000000000e+00
8  1.8941286969e+04  0.0000000000e+00
9  1.4999335855e+04  0.0000000000e+00
10  1.1882815890e+04  0.0000000000e+00
11  9.3937313341e+03  0.0000000000e+00
12  7.4396796668e+03  0.0000000000e+00
13  5.8870683209e+03  0.0000000000e+00
14  4.6492311226e+03  0.0000000000e+00
15  3.6621722278e+03  0.0000000000e+00
16  2.8870573085e+03  0.0000000000e+00
17  2.2775400239e+03  0.0000000000e+00
18  1.7942973380e+03  0.0000000000e+00
19  1.4142925284e+03  0.0000000000e+00
20  1.1149218359e+03  0.0000000000e+00
21  8.7600093659e+02  0.0000000000e+00
22  6.8599662902e+02  0.0000000000e+00
23  5.3776850324e+02  0.0000000000e+00
24  4.2207128911e+02  0.0000000000e+00
25  3.3234582673e+02  0.0000000000e+00
26  2.6481748998e+02  0.0000000000e+00
27  2.1448638943e+02  0.0000000000e+00
28  1.7701811772e+02  0.0000000000e+00
29  1.5003294841e+02  0.0000000000e+00
30  1.3195561495e+02  0.0000000000e+00
31  1.2148349949e+02  0.0000000000e+00
