0  1.6314423545e+02 -4.8115134822e-16
1  1.8166288178e+04  2.6514104836e-15
2  1.2121853089e+04  5.8648586679e-15
3  9.6834043503e+03 -4.5438358242e-15
4  7.6243236286e+03 -2.2440232113e-17
5  6.0567068010e+03 -7.6048280307e-16
6  4.8096974332e+03  9.6180209996e-16
7  3.8357304382e+03 -1.1633989060e-15
8  3.0520014311e+03 -1.0749896304e-15
9  2.4312497816e+03  8.7731649270e-17
10  1.9355010208e+03 -9.8870196054e-16
11  1.5362477938e+03  4.9068830393e-17
12  1.2189751813e+03  2.9284512437e-16
13  9.6922787187e+02  1.5348321708e-16
14  7.6971138094e+02 -2.3760629423e-16
15  6.0893977264e+02  2.7981775764e-16
16  4.7961124581e+02 -1.6345448893e-16
17  3.7951699522e+02 -3.1552824318e-17
18  2.9844966979e+02 -5.4462947959e-17
19  2.3413403059e+02 -1.2735881516e-16
20  1.8273665868e+02 -2.0002894808e-17
21  1.4275823688e+02  1.9138285927e-17
22  1.1127449626e+02 -3.1617304701e-17
23  8.6802116304e+01  1.1332877318e-17
24  6.7441586383e+01  1.6831074058e-17
25  5.1925202810e+01  9.0938516008e-18
26  3.9838848851e+01 -6.9861159907e-18
27  3.0036501096e+01 -7.7198582813e-18
28  2.2059864126e+01 -3.4160838763e-18
29  1.5501384249e+01 -3.6555824421e-18
30  1.0067374932e+01  7.8223492679e-19
31  5.2123995086e+00  1.7771810025e-18
