0  2.1509917706e+02  2.7189736431e-15
1  2.0969298568e+04 -3.0051433008e-15
2  1.3818703272e+04 -6.3886034914e-15
3  1.0958222891e+04 -7.0276121348e-16
4  8.5661432497e+03  3.6742007557e-15
5  6.7240872472e+03 -1.2618395928e-15
6  5.2817522706e+03  7.0372767807e-17
7  4.1430467131e+03 -1.5576141807e-15
8  3.2589759195e+03 -2.0969401752e-16
9  2.5572783068e+03  1.7861870803e-16
10  1.9948061023e+03 -1.7179119896e-16
11  1.5478403403e+03 -6.2966099958e-16
12  1.1995628217e+03  4.8973655653e-16
13  9.2353854617e+02  3.8771138510e-16
14  7.1121076797e+02 -4.6564715127e-16
15  5.4853978354e+02  2.9136451078e-17
16  4.2320536723e+02 -1.5296208005e-16
17  3.2694883207e+02  4.0462234495e-17
18  2.5224284540e+02  2.6910977888e-17
19  1.9410468701e+02  4.0179431369e-17
20  1.5048764575e+02 -2.2152833834e-16
21  1.1619146864e+02 -1.0162166612e-16
22  9.0068508573e+01 -4.7796163389e-17
23  6.9058138575e+01  3.9471735342e-19
24  5.2631352520e+01  1.3808331106e-17
25  3.9804673324e+01  1.3534739464e-17
26  2.9863084120e+01  2.5431105450e-18
27  2.2052543324e+01 -8.5741968877e-18
28  1.5887641375e+01  1.3197832109e-18
29  1.1023101212e+01 -6.6047394062e-19
30  7.0017960576e+00 -3.1710795963e-19
31  3.5736553717e+00 -1.0840565887e-18
