0  3.8506526497e+01 -3.3277086937e-15
1  1.9346303221e+04  1.8879868880e-15
2  1.2714002064e+04 -2.0754708546e-15
3  9.9870892667e+03 -7.2282909689e-15
4  7.7447107476e+03  7.0050852936e-16
5  6.0401099174e+03  1.8598164780e-15
6  4.6854109306e+03 -1.0557778644e-16
7  3.6404698877e+03  3.3011817394e-16
8  2.8318259088e+03 -4.0276956625e-16
9  2.1993677362e+03 -6.2702842118e-16
10  1.7121135873e+03  1.1563223693e-15
11  1.3321864352e+03 -4.2389742670e-16
12  1.0355640706e+03  2.5027600130e-16
13  8.0847162138e+02  7.4752775178e-18
14  6.3461607304e+02  2.0044653532e-16
15  5.0036478687e+02 -4.2203183663e-16
16  3.9349455099e+02  3.8496069854e-16
17  3.1098318439e+02 -1.5517707121e-16
18  2.4402601014e+02  1.2447149160e-17
19  1.9143816810e+02 -3.9067065351e-17
20  1.5010190658e+02 -4.5617065253e-17
21  1.1752379760e+02  8.9938011279e-17
22  9.1273837193e+01 -1.1433038964e-17
23  7.0858074514e+01  1.6471614451e-17
24  5.4810175208e+01 -5.6210165171e-18
25  4.2088900838e+01  3.0136373472e-18
26  3.2003629317e+01 -9.4136065384e-18
27  2.4150492638e+01 -6.8348147305e-18
28  1.7849491218e+01 -1.3468353257e-18
29  1.2561279837e+01  5.5448894310e-18
30  8.1329843140e+00 -1.2216332682e-18
31  4.1938679895e+00  1.6060803471e-18
