0  4.5849557164e+07 -7.4849714015e-13
1  5.0760790355e+07 -2.4589736854e-11
2  3.0798560790e+07  1.2959227382e-12
3  2.2527829355e+07 -2.0980774209e-11
4  1.7594711583e+07 -1.7216358533e-12
5  1.3421405234e+07  2.4291062302e-12
6  1.0777196569e+07 -1.4233888625e-12
7  8.2871654637e+06  1.2514671810e-12
8  6.5467519973e+06 -2.9761190285e-12
9  5.1471711276e+06  3.0474218213e-12
10  4.1252131636e+06 -3.4685682021e-13
11  3.1825319920e+06 -6.4050101765e-13
12  2.4762748752e+06 -6.7913807350e-13
13  1.9594688869e+06 -1.4300652189e-13
14  1.5926447054e+06  2.6809689982e-13
15  1.2283187429e+06 -8.0833487209e-14
16  9.6019390240e+05 -3.8440030545e-13
17  7.5218194506e+05 -2.2296237413e-13
18  5.9797913697e+05  8.2496010026e-14
19  4.6110602473e+05  3.6326068985e-13
20  3.5833791113e+05 -3.7732913279e-13
21  2.7370166944e+05  1.7145608315e-13
22  2.1396752063e+05 -5.7684410938e-14
23  1.6720950718e+05  9.3431904598e-14
24  1.3317214256e+05 -2.2133171673e-14
25  1.0378439480e+05  2.6619052003e-14
26  8.3893996294e+04  2.7758799769e-14
27  6.5440800263e+04 -1.4031511000e-14
28  5.5347486765e+04 -2.5151732567e-14
29  4.5681983880e+04  1.9530567647e-14
30  4.1457625494e+04 -1.5149902330e-14
31  3.7243658701e+04 -1.3160796593e-14
