0  5.5809181647e+07  1.4065058635e-11
1  5.8274128740e+07  1.8199790640e-11
2  3.6862968958e+07 -4.1142830041e-12
3  2.7224473883e+07  5.1367413372e-12
4  2.1472713252e+07 -1.7034117091e-11
5  1.6934995477e+07  2.5472971122e-12
6  1.3194297349e+07 -6.5083210500e-12
7  1.0240027518e+07 -4.2988086488e-12
8  8.1391231552e+06 -2.7234600469e-12
9  6.3634630843e+06  4.2387603899e-12
10  4.9562437782e+06  5.6914016089e-13
11  3.6709860865e+06  5.4639868845e-13
12  2.8560540487e+06 -1.8136827768e-13
13  2.1654176964e+06  9.7099764601e-13
14  1.6155216330e+06 -4.9644266255e-13
15  1.2764389573e+06  1.7569702397e-13
16  1.0099736394e+06  2.9900483411e-13
17  7.7868426308e+05  6.1838679234e-13
18  6.0967759305e+05  1.4506284749e-13
19  4.7215135898e+05 -3.8148839642e-13
20  3.7177562774e+05 -1.2259655509e-14
21  3.0108035865e+05  4.1111337523e-14
22  2.3399217064e+05  1.2754231255e-13
23  1.8701949114e+05  1.1504805133e-13
24  1.4733287538e+05 -1.0044124350e-14
25  1.1300810429e+05  1.9856329497e-14
26  8.9236754193e+04  7.9506757421e-14
27  7.2872158140e+04  4.9659012515e-14
28  6.0084409265e+04 -3.2896987074e-14
29  5.1455135547e+04 -3.2811090173e-15
30  4.5281519516e+04 -2.7296908663e-14
31  4.1454393988e+04 -9.0810121596e-15
