0  4.9884093661e+07 -2.4596746210e-11
1  5.2140136273e+07 -5.4222954823e-11
2  3.0006759274e+07  1.2521551992e-11
3  2.3199762240e+07  3.0935484861e-12
4  1.8005678005e+07 -1.7508080599e-11
5  1.4248333877e+07 -8.2707171751e-12
6  1.1152199749e+07  1.3145756857e-12
7  8.6637714635e+06  1.2314935421e-12
8  6.8612849760e+06 -2.7946272468e-12
9  5.1652382979e+06 -1.7733228923e-12
10  4.1375759957e+06 -1.0492423428e-12
11  3.2494793738e+06 -2.5656455185e-13
12  2.5230336249e+06 -1.0630789573e-12
13  1.9593048095e+06 -1.1303990910e-12
14  1.4961042669e+06 -6.9869403099e-13
15  1.1577790855e+06  3.0801318094e-13
16  9.1127900810e+05 -1.3134076503e-13
17  7.0956606170e+05 -1.5702205593e-13
18  5.6298102580e+05  6.5152856182e-14
19  4.2162400264e+05 -8.7554325452e-14
20  3.3777825313e+05  4.2056076850e-14
21  2.6496334011e+05  2.8431557072e-14
22  2.0661316121e+05  8.7449846703e-16
23  1.6097244189e+05  9.3414810320e-15
24  1.3018052130e+05 -8.4609150069e-14
25  1.0161976666e+05 -2.6865136786e-14
26  8.4267328419e+04  2.2391204046e-14
27  6.9687443933e+04 -7.0277293714e-14
28  5.7170362121e+04  2.8410723870e-14
29  4.8320297739e+04 -1.2970582288e-14
30  4.2788261515e+04  5.1103271349e-16
31  3.9232970154e+04  1.8288126173e-14
