0 -1.0018908998e+02  1.4827394327e-15
1  1.7389269953e+04  3.5554836883e-15
2  1.1279887851e+04 -8.3716623103e-16
3  8.8329637208e+03  2.4103347424e-15
4  6.8501321427e+03  4.3657103011e-15
5  5.3203074096e+03  3.2353013167e-15
6  4.1479813451e+03  1.8235014227e-15
7  3.2445007389e+03 -1.5285624329e-15
8  2.5410664176e+03  4.0593969294e-16
9  1.9879499630e+03 -9.2471370357e-16
10  1.5617881626e+03 -4.5606520355e-16
11  1.2195813510e+03  1.7221243903e-16
12  9.5601205081e+02 -4.3899981239e-16
13  7.5009936586e+02 -1.5923552370e-16
14  5.8810670221e+02  2.6376653623e-16
15  4.6206198552e+02  1.1694708617e-16
16  3.5908637285e+02  5.5310669121e-17
17  2.8031353184e+02  6.4088842130e-17
18  2.1914987850e+02  6.4876371013e-18
19  1.7225419944e+02  5.8886709875e-17
20  1.3591884479e+02 -6.9376339424e-17
21  1.0756518916e+02  7.1848510960e-18
22  8.5115680834e+01  4.2683340171e-17
23  6.7600619634e+01 -4.2456467690e-17
24  5.2956616782e+01 -2.1919200972e-17
25  4.1196193536e+01  3.2575828360e-17
26  3.1697945641e+01 -4.8496341999e-18
27  2.3784533200e+01 -2.6592268507e-18
28  1.7360702528e+01 -3.1440804211e-19
29  1.1978819773e+01  2.5622746654e-18
30  7.4462690785e+00 -2.6165906532e-18
31  3.2412373079e+00  3.4364126670e-18
