0  2.4499872256e+02  1.5667449841e-15
1  1.9182377054e+04 -5.8318912985e-15
2  1.2594589382e+04  4.3930258431e-15
3  9.8943285144e+03 -3.0389451035e-16
4  7.6379572717e+03 -1.0400620151e-15
5  5.8936521966e+03  2.1216668139e-15
6  4.5876437904e+03  4.0547562476e-16
7  3.5561676561e+03 -8.1946657762e-16
8  2.7515162325e+03  2.4194717927e-16
9  2.1318632465e+03  7.3222186642e-16
10  1.6601594634e+03 -1.2541296872e-16
11  1.2851117978e+03  1.2199720248e-16
12  9.9633794476e+02 -8.2263310442e-18
13  7.7422125137e+02  7.5079081386e-17
14  5.9870699855e+02 -2.1418359654e-16
15  4.6550088295e+02 -1.3840952463e-16
16  3.6086127294e+02  6.8713430264e-17
17  2.7875061466e+02  7.3987613259e-17
18  2.1685753755e+02  1.2183684856e-16
19  1.6870429875e+02 -1.0152933952e-16
20  1.3087082961e+02 -7.6344826541e-17
21  1.0120051799e+02  1.2608297178e-17
22  7.8273883845e+01 -1.1955128897e-17
23  6.0246370189e+01  2.0112109118e-17
24  4.6130255815e+01  1.6008658005e-17
25  3.5132615469e+01 -3.8750169150e-18
26  2.6583590174e+01  4.8377227991e-18
27  1.9932048725e+01 -2.6517425205e-18
28  1.4668652932e+01  2.4619542008e-18
29  1.0255023705e+01  6.1067105030e-19
30  6.6277413741e+00  1.8995772633e-18
31  3.3225789225e+00  4.4135710508e-19
