0  1.1607327075e+05  0.0000000000e+00
1  1.1652462381e+05  0.0000000000e+00
2  8.8666961679e+04  0.0000000000e+00
3  6.9608907239e+04  0.0000000000e+00
4  5.4229373610e+04  0.0000000000e+00
5  4.2035696093e+04  0.0000000000e+00
6  3.2399262178e+04  0.0000000000e+00
7  2.4929125640e+04  0.0000000000e+00
8  1.9137634166e+04  0.0000000000e+00
9  1.4669852147e+04  0.0000000000e+00
10  1.1253598526e+04  0.0000000000e+00
11  8.6231424113e+03  0.0000000000e+00
12  6.5911919147e+03  0.0000000000e+00
13  5.0328864759e+03  0.0000000000e+00
14  3.8321639902e+03  0.0000000000e+00
15  2.9173887234e+03  0.0000000000e+00
16  2.2181066216e+03  0.0000000000e+00
17  1.6868055481e+03  0.0000000000e+00
18  1.2886028497e+03  0.0000000000e+00
19  9.8448829945e+02  0.0000000000e+00
20  7.5174259695e+02  0.0000000000e+00
21  5.7658569898e+02  0.0000000000e+00
22  4.4317108060e+02  0.0000000000e+00
23  3.4085419038e+02  0.0000000000e+00
24  2.6135061691e+02  0.0000000000e+00
25  2.0100608792e+02  0.0000000000e+00
26  1.5565326515e+02  0.0000000000e+00
27  1.2157240471e+02  0.0000000000e+00
28  9.6707664734e+01  0.0000000000e+00
29  7.8947353261e+01  0.0000000000e+00
30  6.6835571097e+01  0.0000000000e+00
31  5.9525334555e+01  0.0000000000e+00
