0  9.2167215776e+04  0.0000000000e+00
1  9.5548860638e+04  0.0000000000e+00
2  7.1789323102e+04  0.0000000000e+00
3  5.7007738968e+04  0.0000000000e+00
4  4.5197083453e+04  0.0000000000e+00
5  3.5868792725e+04  0.0000000000e+00
6  2.8512824077e+04  0.0000000000e+00
7  2.2769681535e+04  0.0000000000e+00
8  1.8211531161e+04  0.0000000000e+00
9  1.4501518505e+04  0.0000000000e+00
10  1.1552990502e+04  0.0000000000e+00
11  9.2754628926e+03  0.0000000000e+00
12  7.4779042701e+03  0.0000000000e+00
13  6.0458297322e+03  0.0000000000e+00
14  4.8911891999e+03  0.0000000000e+00
15  3.9374977681e+03  0.0000000000e+00
16  3.1453597461e+03  0.0000000000e+00
17  2.5034649102e+03  0.0000000000e+00
18  1.9882749712e+03  0.0000000000e+00
19  1.5742460966e+03  0.0000000000e+00
20  1.2487292502e+03  0.0000000000e+00
21  9.9331007175e+02  0.0000000000e+00
22  7.9262428067e+02  0.0000000000e+00
23  6.3535089863e+02  0.0000000000e+00
24  5.0999177957e+02  0.0000000000e+00
25  4.0699721953e+02  0.0000000000e+00
26  3.2402621155e+02  0.0000000000e+00
27  2.6150786572e+02  0.0000000000e+00
28  2.1610299350e+02  0.0000000000e+00
29  1.8440705798e+02  0.0000000000e+00
30  1.6378551602e+02  0.0000000000e+00
31  1.5294719636e+02  0.0000000000e+00
