0  9.7139095404e+04  0.0000000000e+00
1  9.9902385358e+04  0.0000000000e+00
2  7.5427067245e+04  0.0000000000e+00
3  6.0056966698e+04  0.0000000000e+00
4  4.7577353690e+04  0.0000000000e+00
5  3.7439434289e+04  0.0000000000e+00
6  2.9248896791e+04  0.0000000000e+00
7  2.2758524556e+04  0.0000000000e+00
8  1.7739326054e+04  0.0000000000e+00
9  1.3859660931e+04  0.0000000000e+00
10  1.0853178025e+04  0.0000000000e+00
11  8.5142786559e+03  0.0000000000e+00
12  6.7026053256e+03  0.0000000000e+00
13  5.2769465182e+03  0.0000000000e+00
14  4.1502709982e+03  0.0000000000e+00
15  3.2639722793e+03  0.0000000000e+00
16  2.5665079611e+03  0.0000000000e+00
17  2.0181423392e+03  0.0000000000e+00
18  1.5928189631e+03  0.0000000000e+00
19  1.2623470269e+03  0.0000000000e+00
20  1.0024322172e+03  0.0000000000e+00
21  7.9888422756e+02  0.0000000000e+00
22  6.3588416807e+02  0.0000000000e+00
23  5.0531932120e+02  0.0000000000e+00
24  4.0157039963e+02  0.0000000000e+00
25  3.2006509273e+02  0.0000000000e+00
26  2.5711487318e+02  0.0000000000e+00
27  2.0855401278e+02  0.0000000000e+00
28  1.7151456338e+02  0.0000000000e+00
29  1.4466105168e+02  0.0000000000e+00
30  1.2646735805e+02  0.0000000000e+00
31  1.1592240350e+02  0.0000000000e+00
