0  1.0107562490e+05  0.0000000000e+00
1  1.0323648762e+05  0.0000000000e+00
2  7.8388829070e+04  0.0000000000e+00
3  6.2626480453e+04  0.0000000000e+00
4  4.9761205634e+04  0.0000000000e+00
5  3.9524122027e+04  0.0000000000e+00
6  3.1317374907e+04  0.0000000000e+00
7  2.4718898683e+04  0.0000000000e+00
8  1.9362848802e+04  0.0000000000e+00
9  1.5110917391e+04  0.0000000000e+00
10  1.1742607137e+04  0.0000000000e+00
11  9.1167568918e+03  0.0000000000e+00
12  7.1093629399e+03  0.0000000000e+00
13  5.5684995869e+03  0.0000000000e+00
14  4.3753261446e+03  0.0000000000e+00
15  3.4343795151e+03  0.0000000000e+00
16  2.6898340039e+03  0.0000000000e+00
17  2.1113862709e+03  0.0000000000e+00
18  1.6592125497e+03  0.0000000000e+00
19  1.2990720221e+03  0.0000000000e+00
20  1.0171584784e+03  0.0000000000e+00
21  7.9818996420e+02  0.0000000000e+00
22  6.2690010782e+02  0.0000000000e+00
23  4.9250199116e+02  0.0000000000e+00
24  3.8804947585e+02  0.0000000000e+00
25  3.0675662386e+02  0.0000000000e+00
26  2.4362613583e+02  0.0000000000e+00
27  1.9661201247e+02  0.0000000000e+00
28  1.6145711632e+02  0.0000000000e+00
29  1.3597634135e+02  0.0000000000e+00
30  1.1872686065e+02  0.0000000000e+00
31  1.0838584723e+02  0.0000000000e+00
