0  5.3662710824e+07 -6.2474647756e-12
1  6.1245262528e+07 -8.2082634196e-12
2  3.6424966441e+07 -3.0799707457e-12
3  2.7262993613e+07  1.8789814851e-11
4  2.1150951470e+07  1.1015592352e-11
5  1.7005806831e+07  4.5467811065e-12
6  1.3852232174e+07 -3.6632567012e-12
7  1.1075274747e+07  1.5481074915e-12
8  9.1669621192e+06 -2.2839689141e-12
9  7.6107615768e+06  2.3855579391e-13
10  6.2176244943e+06  1.2754356536e-12
11  4.9735794804e+06 -7.4384826163e-13
12  3.9522695754e+06 -1.6716582999e-12
13  3.1867017780e+06  1.0909748347e-12
14  2.5965731324e+06  2.7968252688e-13
15  2.1047775152e+06  2.4097761154e-13
16  1.7143376219e+06 -1.7765229196e-12
17  1.3679985528e+06 -6.2144814093e-14
18  1.1229726668e+06 -4.6714791529e-13
19  9.2418484083e+05 -2.6698705153e-13
20  7.4016604165e+05  4.9017605701e-13
21  5.9596243206e+05  6.3332411003e-15
22  4.7413549912e+05  2.8970677865e-13
23  3.7428351826e+05 -1.4631785269e-13
24  2.9749718119e+05  1.3443959621e-14
25  2.3287855794e+05 -6.9297521797e-14
26  1.8966356402e+05 -2.2078630214e-14
27  1.6317085437e+05 -2.0431774641e-14
28  1.4006960250e+05  4.7974080804e-14
29  1.1830061213e+05 -1.9829146288e-14
30  1.0286248709e+05 -1.6916867417e-14
31  9.1613329335e+04 -4.2670391044e-14
