0  4.6459749873e+07  1.4946397823e-11
1  4.9164166833e+07  9.6566818914e-12
2  2.9970687434e+07  1.1732307573e-11
3  2.2569461956e+07 -7.6061190794e-12
4  1.7220409186e+07  2.5031010075e-12
5  1.3623787199e+07 -3.8504529816e-12
6  1.0441941620e+07  3.8100105124e-12
7  8.0966921156e+06 -9.2757385219e-13
8  6.2638362735e+06  5.6483124708e-13
9  4.9037020656e+06 -2.5868683817e-12
10  3.7991066699e+06 -1.5048500139e-12
11  2.9828892943e+06 -8.1633129951e-13
12  2.3196220636e+06  1.5841777980e-12
13  1.8630818446e+06 -1.2327425830e-13
14  1.4527956404e+06 -3.0436248037e-14
15  1.0944302466e+06  5.0767935847e-13
16  8.4920889356e+05 -4.4036152783e-14
17  6.7637198584e+05 -2.9031917180e-13
18  5.1749871769e+05  3.3968456880e-13
19  4.0283145966e+05  8.7820769457e-14
20  3.1045796927e+05 -2.4699042487e-14
21  2.4384664516e+05 -2.4861322145e-13
22  1.9079970375e+05 -8.7265609385e-14
23  1.4305800078e+05 -1.3066943104e-13
24  1.0504049063e+05  3.6206131218e-14
25  7.8303273433e+04  3.9373054922e-14
26  5.8743598008e+04 -2.8437814650e-14
27  4.5583957616e+04 -2.3450480526e-15
28  3.5897933358e+04 -2.1997989063e-14
29  2.8265161416e+04  3.5968122923e-15
30  2.4167080917e+04  7.1938901287e-16
31  2.1310195070e+04 -1.7981360604e-14
