0 -8.5657177198e+01  5.0879102855e-15
1  1.8467049119e+04 -2.5284772038e-15
2  1.2080841608e+04  2.4159755583e-15
3  9.5451728222e+03 -5.9209339431e-16
4  7.4739401834e+03  4.4747039597e-15
5  5.8756481667e+03 -7.4889189834e-16
6  4.6296703593e+03  7.7434481489e-16
7  3.6432308442e+03 -7.0823241104e-16
8  2.8699402658e+03  9.1510263248e-17
9  2.2706318521e+03  9.7284539789e-16
10  1.8010130218e+03 -1.5669647891e-15
11  1.4217851634e+03 -9.4477546717e-16
12  1.1300157063e+03  9.2719339253e-16
13  8.8755445702e+02  5.9427858049e-17
14  6.9823365938e+02  5.3982505577e-16
15  5.4844399229e+02 -7.6020677620e-17
16  4.2891671003e+02 -1.6618151150e-17
17  3.3525174724e+02 -4.6072027825e-17
18  2.6114693464e+02 -1.0798484231e-16
19  2.0370969355e+02 -5.1400288580e-17
20  1.5891733849e+02 -1.5841803103e-16
21  1.2331900708e+02 -3.9674811491e-17
22  9.6044020443e+01 -6.1250011207e-18
23  7.4439564463e+01  8.0777297015e-18
24  5.7693892506e+01  2.5700038411e-17
25  4.4392855293e+01  1.8514975557e-17
26  3.3785691489e+01 -3.2638297040e-18
27  2.5558338127e+01  9.2199536309e-18
28  1.8775426453e+01  1.1869049173e-18
29  1.3051415734e+01  4.3246325913e-18
30  8.1216367070e+00 -2.2317729973e-18
31  3.7395561698e+00 -5.7651179972e-19
