0  8.9591591025e+04  0.0000000000e+00
1  9.2332565931e+04  0.0000000000e+00
2  6.8526029092e+04  0.0000000000e+00
3  5.3842830368e+04  0.0000000000e+00
4  4.2101484339e+04  0.0000000000e+00
5  3.2835456201e+04  0.0000000000e+00
6  2.5588345133e+04  0.0000000000e+00
7  1.9901755104e+04  0.0000000000e+00
8  1.5458471520e+04  0.0000000000e+00
9  1.2058805812e+04  0.0000000000e+00
10  9.4770366846e+03  0.0000000000e+00
11  7.4566770387e+03  0.0000000000e+00
12  5.8393683319e+03  0.0000000000e+00
13  4.5759404581e+03  0.0000000000e+00
14  3.5880883895e+03  0.0000000000e+00
15  2.8198637707e+03  0.0000000000e+00
16  2.2190233377e+03  0.0000000000e+00
17  1.7329801070e+03  0.0000000000e+00
18  1.3449116230e+03  0.0000000000e+00
19  1.0483988650e+03  0.0000000000e+00
20  8.2243684068e+02  0.0000000000e+00
21  6.4470870437e+02  0.0000000000e+00
22  5.0344303940e+02  0.0000000000e+00
23  3.9292110034e+02  0.0000000000e+00
24  3.0584817941e+02  0.0000000000e+00
25  2.3836117972e+02  0.0000000000e+00
26  1.8643877303e+02  0.0000000000e+00
27  1.4745213891e+02  0.0000000000e+00
28  1.1933211584e+02  0.0000000000e+00
29  9.9133953036e+01  0.0000000000e+00
30  8.5228034007e+01  0.0000000000e+00
31  7.7175566946e+01  0.0000000000e+00
