0  4.8743693808e+07 -1.0582736426e-11
1  5.1636649251e+07 -2.3910536589e-11
2  3.1134365868e+07  8.6296026364e-12
3  2.3497373942e+07 -4.9783563312e-12
4  1.7864160365e+07 -5.1139811671e-12
5  1.4474392934e+07 -6.7978333841e-14
6  1.1793095852e+07  3.6967376653e-12
7  9.3892757399e+06 -2.9422696003e-12
8  7.5451235217e+06 -2.4314374999e-12
9  6.2060643425e+06  6.4589303344e-14
10  4.9200953089e+06  1.0529190949e-12
11  3.8705346260e+06  6.4326568340e-13
12  3.1145663463e+06  7.7920197099e-13
13  2.4643066499e+06  3.7316776919e-13
14  1.9590948118e+06  5.4187144733e-13
15  1.5853144976e+06  3.3422440841e-13
16  1.2418758317e+06  8.8722952767e-14
17  9.9915710675e+05 -2.1842379424e-14
18  7.8526591488e+05 -3.2197166755e-13
19  6.2755105796e+05  6.7741338247e-14
20  5.0672815994e+05  7.0309109539e-14
21  4.0736183503e+05 -2.6366199732e-13
22  3.2367471646e+05 -2.4014737442e-13
23  2.6104871667e+05  8.1030351890e-14
24  2.0526431963e+05  1.6687643727e-13
25  1.6595585436e+05  1.1583572420e-13
26  1.3190896465e+05 -2.8691113470e-14
27  1.0518196115e+05  7.3884751097e-14
28  8.9601740363e+04  1.5277538021e-14
29  7.5717416142e+04  5.8847782117e-14
30  6.9382412164e+04 -4.2177251081e-14
31  6.6142329725e+04 -2.7727484761e-15
