0 -4.7530729671e+02  5.5737981361e-15
1  1.4988558731e+04  2.2270232601e-15
2  9.6357095644e+03  2.8703816295e-15
3  7.5095230391e+03  4.1496643835e-15
4  5.7909304193e+03  3.5575457371e-15
5  4.4790354486e+03  7.5383793547e-16
6  3.4727327027e+03  2.8157901442e-15
7  2.7057553794e+03  1.4196819591e-15
8  2.1104382749e+03 -1.5607795428e-15
9  1.6475845702e+03  1.2054083521e-16
10  1.2966107510e+03  2.8010056077e-16
11  1.0154893000e+03 -7.6296307435e-17
12  7.8637034048e+02 -3.1204238497e-16
13  6.0718189685e+02 -2.7969610253e-16
14  4.6969168136e+02  8.6097193319e-17
15  3.6074316381e+02  1.6888656416e-16
16  2.7835331949e+02  8.6729450475e-17
17  2.1530269968e+02  1.2792558608e-16
18  1.6696700070e+02 -5.4709011030e-17
19  1.2934627820e+02 -4.2183617202e-17
20  1.0003612510e+02 -2.9490907897e-17
21  7.7684363512e+01  3.9332292543e-17
22  6.0757899444e+01 -1.0297908935e-17
23  4.7437403327e+01 -5.2737859483e-18
24  3.6929722386e+01 -8.5386744435e-18
25  2.8626357877e+01 -5.7480714592e-18
26  2.2058315428e+01 -1.6143389183e-18
27  1.6642426273e+01  1.4481087024e-18
28  1.2281581159e+01  5.3834237754e-19
29  8.6427356647e+00  1.8344616055e-18
30  5.5413582628e+00  1.5892455673e-19
31  2.7924233965e+00 -8.4893877139e-19
