0  4.7313242776e+07 -1.2394199692e-11
1  4.5816507394e+07 -1.1476978310e-11
2  2.7605618537e+07  1.0920903310e-11
3  1.9926456576e+07  9.5372133231e-12
4  1.5624297907e+07 -1.5863578178e-12
5  1.2022379265e+07  5.2861215480e-12
6  9.2002189888e+06  3.6514991279e-12
7  7.0974578128e+06  3.1286204202e-13
8  5.6724104533e+06  2.6107587135e-12
9  4.5091166021e+06  2.2715008524e-12
10  3.6586901234e+06  4.0879790793e-13
11  2.7905665521e+06  1.7663302001e-13
12  2.2021522824e+06 -1.1271661573e-12
13  1.7216913866e+06  8.1191927317e-13
14  1.3327090185e+06  1.6879439797e-12
15  1.1088190514e+06  8.9561813865e-13
16  8.6065592302e+05  5.9644140521e-14
17  6.4839831738e+05  6.2218561536e-14
18  5.0744722635e+05  3.2553365737e-13
19  4.0535956163e+05  1.6463242786e-13
20  3.2709597983e+05 -2.8856614596e-13
21  2.5402995707e+05 -4.9550807297e-14
22  2.0123373560e+05  9.5879848427e-14
23  1.5924058152e+05  6.7787417820e-14
24  1.2247225730e+05  3.4551333303e-14
25  9.6439051390e+04 -9.2831746093e-14
26  7.7570951881e+04  5.8563316051e-14
27  6.1181694035e+04  1.3114513995e-14
28  4.7674329184e+04  4.2933210230e-14
29  4.0216539693e+04  1.7322671754e-14
30  3.4981075110e+04 -1.1598990253e-14
31  3.2248591714e+04 -2.9219014494e-14
