0  5.5353241735e+07 -2.5858537603e-11
1  5.8307395825e+07 -4.0862006602e-13
2  3.5641832940e+07 -1.3025363912e-11
3  2.6866466605e+07 -7.2972095928e-12
4  2.0989712472e+07  5.8598189559e-12
5  1.6608842084e+07 -1.7065285218e-12
6  1.3226205743e+07  2.4505538296e-13
7  1.0472867339e+07 -5.2897790029e-12
8  8.2770267286e+06 -1.0908580287e-12
9  6.5842937237e+06 -6.7612460569e-12
10  5.3348530370e+06  4.1515601227e-12
11  4.1698246038e+06 -7.3399197596e-13
12  3.2950813308e+06  7.0203191073e-14
13  2.5980409519e+06  1.3644278030e-17
14  2.0400558534e+06 -1.0296273518e-12
15  1.5770304495e+06  3.9915329920e-13
16  1.2142617613e+06  5.7918253903e-13
17  9.4803277483e+05 -5.0660677361e-14
18  7.3294383402e+05  1.1327934377e-13
19  5.7507046305e+05  3.1960873838e-14
20  4.5733889806e+05 -1.1135664599e-13
21  3.6492020194e+05 -2.1812030940e-14
22  2.8897742803e+05 -1.1682634100e-13
23  2.2470456129e+05 -1.2551670809e-14
24  1.7750556848e+05  4.0261348359e-14
25  1.4376566773e+05 -2.0726742476e-14
26  1.1659796561e+05 -3.7589137069e-15
27  9.4901211763e+04  6.2176438273e-15
28  7.6905003598e+04 -3.7148078595e-14
29  6.4647903503e+04  3.1706861743e-14
30  5.6807193300e+04  2.7863078423e-15
31  5.0344833833e+04 -1.8659697826e-14
