0 -2.8131889636e+02  9.8654964982e-16
1  2.0185138663e+04  2.0116903325e-15
2  1.2979921557e+04 -2.9158715339e-15
3  1.0034676449e+04 -5.6440584602e-18
4  7.6580110585e+03  2.6958057038e-15
5  5.8628092305e+03 -1.9506738377e-15
6  4.4955555639e+03  1.3210166233e-15
7  3.4601606345e+03 -5.8112100892e-16
8  2.6584956692e+03 -8.8581382135e-17
9  2.0329909989e+03 -3.8042044312e-16
10  1.5495104914e+03  2.6497234057e-16
11  1.1793891997e+03 -6.3370240553e-17
12  8.9938347017e+02 -3.1215013682e-16
13  6.8524981541e+02 -3.6756420352e-16
14  5.2297548208e+02 -7.0360962286e-17
15  3.9775198211e+02  5.1888179558e-17
16  3.0261926191e+02  1.3013242454e-16
17  2.3173460945e+02  1.6551447306e-17
18  1.7711407490e+02  8.3949805979e-17
19  1.3509783905e+02  1.0630234371e-16
20  1.0282402149e+02  1.6253874044e-17
21  7.8246479624e+01 -9.0019220563e-18
22  5.9761171916e+01  1.5901667156e-17
23  4.5511792350e+01 -1.8046036941e-17
24  3.4365867484e+01  2.7981204017e-18
25  2.5913374367e+01 -5.2473691082e-18
26  1.9372141900e+01  4.7302819637e-18
27  1.4372352066e+01  6.6560907786e-19
28  1.0365372857e+01  7.2262498313e-20
29  7.1139908916e+00 -1.1852637910e-18
30  4.4464291381e+00  2.9190872945e-19
31  2.0977252809e+00 -1.4849546357e-20
