0  5.0733813121e+07  1.5262824895e-11
1  5.2331979191e+07  3.5385451638e-11
2  3.1239850623e+07 -1.0108730160e-11
3  2.2971886666e+07  1.7053648473e-11
4  1.6984480206e+07 -1.0329136604e-11
5  1.2845790269e+07 -7.0075540493e-12
6  9.7383077149e+06  5.0385744633e-13
7  7.4318287817e+06 -4.4606859701e-12
8  5.9010449131e+06 -2.0488738153e-12
9  4.6246334859e+06  2.7799491774e-12
10  3.6013311665e+06  1.7922888955e-13
11  2.7584254788e+06  6.0782001679e-13
12  2.1699828605e+06 -2.6110013204e-13
13  1.6772209371e+06 -3.4183322969e-13
14  1.2996335673e+06  1.0594035069e-13
15  9.8694961406e+05  7.1518939928e-14
16  7.6762744952e+05  2.4714641246e-13
17  5.8823092297e+05  2.3006413638e-14
18  4.5705166343e+05 -1.5168766694e-13
19  3.5383195888e+05 -1.9762861168e-13
20  2.7114457672e+05  1.1560190139e-13
21  2.0896293729e+05  7.2590133325e-14
22  1.6376651121e+05 -3.5660078717e-14
23  1.2941971698e+05 -9.3367632766e-14
24  1.0149491852e+05  3.3434107325e-14
25  7.6645961879e+04 -1.2745879962e-14
26  5.9002585191e+04  3.9332058906e-15
27  4.6825272911e+04  3.4743252761e-15
28  3.7625917836e+04 -1.2102760489e-14
29  3.1845964752e+04  4.2384884605e-15
30  2.8362826509e+04  5.9553615356e-15
31  2.5952051320e+04  4.7173808702e-15
