0  3.1729336822e+02 -3.3803467092e-15
1  1.7668813220e+04 -6.6369266582e-17
2  1.1659547548e+04  2.2554077577e-15
3  9.2592514537e+03  1.1497404997e-15
4  7.2685810855e+03  1.6709565064e-15
5  5.7387838069e+03 -2.6074147453e-15
6  4.5239772641e+03 -8.0677950638e-16
7  3.5751714104e+03  1.3890925289e-15
8  2.8100574950e+03  6.3957435556e-16
9  2.2174450798e+03  2.8121875014e-16
10  1.7432331641e+03  2.6514248831e-18
11  1.3738562935e+03  7.4071930095e-16
12  1.0723325734e+03 -4.9133374303e-16
13  8.3666192980e+02  2.8093181773e-16
14  6.4981718587e+02  5.8304485897e-16
15  5.0309472156e+02 -9.8288644408e-17
16  3.8860480581e+02 -1.2028757236e-16
17  2.9982110532e+02 -1.3032851267e-16
18  2.3055523848e+02 -8.7034064698e-17
19  1.7744989818e+02 -3.3324287848e-17
20  1.3556828269e+02  4.4970037961e-17
21  1.0358350203e+02  2.0773588911e-17
22  7.8565993373e+01  6.2228598959e-17
23  5.9199525471e+01 -7.2498079351e-18
24  4.4937912941e+01  3.8552704594e-18
25  3.3764606595e+01 -1.6818897959e-17
26  2.5207390810e+01 -4.2405645713e-18
27  1.8427103002e+01 -4.8177381155e-18
28  1.3160607567e+01  7.1563696131e-19
29  9.0421210406e+00 -1.1182423091e-18
30  5.6489955709e+00 -3.1467273990e-19
31  2.6674694620e+00 -9.3067745080e-20
