0 -7.3802126953e+00  6.6766851142e-15
1  1.9096875912e+04 -4.0946060773e-15
2  1.2599064307e+04 -3.3108116570e-15
3  1.0003983012e+04  9.7985533668e-16
4  7.8647052889e+03  5.1583173581e-16
5  6.2218703684e+03  1.6355909750e-16
6  4.9339788040e+03 -9.8603444203e-16
7  3.9163499779e+03  1.7485951228e-15
8  3.0980360963e+03 -1.3241818530e-15
9  2.4385929681e+03 -2.5588484172e-16
10  1.9100504824e+03  7.5873526822e-16
11  1.4941016606e+03  8.7331193268e-16
12  1.1734891194e+03 -6.0648638990e-16
13  9.1934755892e+02 -5.7192450751e-16
14  7.2324270709e+02 -1.4300774886e-17
15  5.6550180144e+02 -2.8384296409e-16
16  4.4291727821e+02 -1.5354044474e-16
17  3.4410233226e+02 -1.9689397326e-16
18  2.6625920884e+02 -1.5005241600e-16
19  2.0469764517e+02  1.5566665626e-16
20  1.5807662568e+02 -7.7107420892e-17
21  1.2140254112e+02 -7.7950324553e-18
22  9.3228163110e+01  4.1956718251e-18
23  7.1711727567e+01  8.4580474948e-18
24  5.4930713995e+01  4.4129357761e-18
25  4.1741981037e+01  6.5025131174e-18
26  3.1368476448e+01  7.0890304938e-18
27  2.3321853133e+01  2.9343338875e-18
28  1.6855921326e+01  6.2673026559e-18
29  1.1768514488e+01  3.9365856224e-19
30  7.5147496018e+00  9.9526371302e-19
31  3.8238546449e+00  9.6402937309e-19
