0  4.5781642210e+07 -3.5999348860e-12
1  4.9545716544e+07 -2.9853295806e-11
2  2.9451985434e+07  2.9851504123e-12
3  2.1662089737e+07 -1.0251949801e-11
4  1.7044687205e+07  2.3974681226e-12
5  1.2920791757e+07  4.1199486007e-12
6  1.0372410596e+07  3.5031451155e-12
7  8.3229006994e+06 -1.3483862092e-12
8  6.5082672808e+06  9.6582053812e-13
9  5.2055636408e+06 -2.5638470883e-12
10  4.0562075909e+06  3.2636961290e-13
11  3.1444257355e+06 -6.0936266078e-13
12  2.4990720612e+06 -5.4144771571e-13
13  1.9172580978e+06 -7.5553713829e-13
14  1.4667448276e+06  5.8957186020e-13
15  1.1711227841e+06  3.9251823459e-13
16  9.3407884539e+05  5.8427781982e-13
17  6.9896153430e+05 -3.0405798721e-13
18  5.6143527075e+05  3.1183296344e-13
19  4.3497539284e+05  1.0721496511e-13
20  3.3928291241e+05 -1.7459769877e-13
21  2.5993253559e+05 -7.9796133010e-14
22  1.9828328831e+05 -7.6959353071e-14
23  1.4953842740e+05  7.7026674796e-15
24  1.1682997213e+05  2.5418661788e-14
25  9.0942823288e+04  3.5762089881e-14
26  7.1920951779e+04 -5.1160715917e-14
27  5.7223910865e+04 -1.2326183392e-14
28  4.4700747216e+04  4.5041117871e-14
29  3.8211680029e+04 -1.2760154337e-15
30  3.2090171817e+04 -1.1941038858e-14
31  2.8895951392e+04 -4.2285576872e-14
