0 -9.0732562857e+01  1.9934740419e-16
1  1.8151012071e+04  1.2951991384e-15
2  1.1740493300e+04  3.3389120809e-15
3  9.1521131564e+03  7.7138962281e-16
4  7.0779984359e+03  5.0201664300e-15
5  5.4745828806e+03  7.8545576957e-17
6  4.2323516913e+03  7.3303946497e-16
7  3.2900712068e+03 -1.4304871349e-15
8  2.5643429643e+03 -4.9530214533e-16
9  2.0016102840e+03 -8.2602960066e-16
10  1.5519687470e+03 -2.0013366252e-16
11  1.1985968440e+03  5.4897391158e-16
12  9.2629252590e+02  7.6868229375e-16
13  7.1242746713e+02  1.7316405407e-16
14  5.4726053334e+02  6.6546084710e-17
15  4.2243362709e+02  2.1459426194e-16
16  3.2343232022e+02 -2.3693262841e-16
17  2.4659105046e+02 -2.3474493753e-16
18  1.8778992230e+02 -9.6728515598e-18
19  1.4129310771e+02  8.1315030588e-17
20  1.0618275108e+02 -3.5121585883e-17
21  8.0187705915e+01  5.6625476013e-17
22  6.0177701903e+01 -6.3998633121e-19
23  4.5248595271e+01 -1.5239763847e-17
24  3.3862048316e+01 -2.5059866791e-17
25  2.5368566201e+01 -1.6577493569e-18
26  1.8721808532e+01 -4.0761343004e-18
27  1.3678244250e+01  2.5770977420e-19
28  9.6514856896e+00 -2.2355052363e-18
29  6.4733112234e+00 -1.4283093073e-18
30  3.8779488372e+00 -1.0501090964e-18
31  1.6600196151e+00 -2.5953618899e-20
