0  4.4195823535e+07 -7.3888730981e-12
1  4.7945474647e+07 -4.2118275959e-12
2  2.9012541209e+07 -8.5710679102e-12
3  2.1109461626e+07 -1.2601379387e-12
4  1.6594795190e+07  2.1508234593e-11
5  1.3330541244e+07 -4.2818986458e-12
6  1.0434815913e+07  3.1534681502e-12
7  8.1544569329e+06 -4.6314345004e-13
8  6.5480978165e+06  3.0132398666e-12
9  5.0604778803e+06  5.1829171097e-13
10  4.0841715364e+06 -8.9151314942e-13
11  3.2264132550e+06  3.5360439713e-13
12  2.5185889624e+06  1.4660113703e-14
13  2.0179277934e+06  1.0139783128e-12
14  1.6063844628e+06 -5.4942411133e-13
15  1.2707236766e+06  4.2948475947e-13
16  1.0113093721e+06 -6.4759504726e-13
17  7.9743526825e+05  2.8465126561e-13
18  6.2727180936e+05 -2.3789328714e-13
19  4.9525537748e+05  1.2182055566e-13
20  3.8634034924e+05 -9.2383945198e-14
21  3.0750099801e+05  1.0626067212e-14
22  2.4475426091e+05 -1.7771079453e-13
23  1.8956777904e+05 -6.2872157862e-14
24  1.5100971727e+05 -2.7179077971e-14
25  1.1557789742e+05 -1.5749161574e-14
26  9.0223718750e+04 -2.9767625484e-14
27  7.1190677733e+04 -1.7134931121e-14
28  5.7065288178e+04  7.8812992041e-14
29  4.6044245031e+04 -4.5226110860e-15
30  3.8787577150e+04  2.6626546352e-14
31  3.5316530663e+04 -6.2357286822e-15
