0  1.0068193041e+05  0.0000000000e+00
1  1.0326257291e+05  0.0000000000e+00
2  7.9067336220e+04  0.0000000000e+00
3  6.3449822724e+04  0.0000000000e+00
4  5.0293110329e+04  0.0000000000e+00
5  3.9703726058e+04  0.0000000000e+00
6  3.1312019027e+04  0.0000000000e+00
7  2.4600122840e+04  0.0000000000e+00
8  1.9230519445e+04  0.0000000000e+00
9  1.4996036831e+04  0.0000000000e+00
10  1.1692845370e+04  0.0000000000e+00
11  9.0753865330e+03  0.0000000000e+00
12  6.9895955266e+03  0.0000000000e+00
13  5.3407247791e+03  0.0000000000e+00
14  4.0571542507e+03  0.0000000000e+00
15  3.0528375886e+03  0.0000000000e+00
16  2.2829604993e+03  0.0000000000e+00
17  1.7129393004e+03  0.0000000000e+00
18  1.2932520626e+03  0.0000000000e+00
19  9.8235417034e+02  0.0000000000e+00
20  7.4633833988e+02  0.0000000000e+00
21  5.6390982814e+02  0.0000000000e+00
22  4.2556106725e+02  0.0000000000e+00
23  3.2146650448e+02  0.0000000000e+00
24  2.4256114541e+02  0.0000000000e+00
25  1.8481408658e+02  0.0000000000e+00
26  1.4280315405e+02  0.0000000000e+00
27  1.1276271771e+02  0.0000000000e+00
28  9.1666083537e+01  0.0000000000e+00
29  7.6869311773e+01  0.0000000000e+00
30  6.6809457497e+01  0.0000000000e+00
31  6.1328708743e+01  0.0000000000e+00
