0  3.7497453118e+02  1.3121631437e-15
1  1.9168132244e+04  7.9358614237e-15
2  1.2711883637e+04 -3.2679060501e-16
3  1.0105166369e+04  2.2324855638e-15
4  7.9380002075e+03  1.9456882547e-15
5  6.2448503296e+03  8.6909900256e-16
6  4.9405554981e+03 -1.2516796444e-15
7  3.8955812091e+03  5.8689917652e-16
8  3.0877890733e+03  3.5402440833e-16
9  2.4415803106e+03  1.8322281385e-15
10  1.9317428895e+03  1.4747525473e-15
11  1.5300263485e+03  5.4110039622e-16
12  1.2086874839e+03  3.2149871373e-16
13  9.5016145444e+02 -2.1705886312e-16
14  7.5081128130e+02  5.2818338201e-16
15  5.9414277984e+02 -3.2771794727e-16
16  4.6613140558e+02 -2.4893663045e-17
17  3.6788888436e+02  7.6605659750e-18
18  2.8922457210e+02 -1.4509388513e-16
19  2.2722257625e+02 -1.6757678653e-16
20  1.7726183201e+02  4.1203811840e-17
21  1.3863334008e+02 -8.1270693707e-17
22  1.0756454817e+02 -2.2866289686e-17
23  8.3827398594e+01  2.8423355215e-17
24  6.4766923799e+01 -1.0116008610e-17
25  5.0062503241e+01  2.6867885087e-17
26  3.8184582117e+01  3.0813470434e-18
27  2.8896851955e+01 -2.1150412693e-18
28  2.1082960260e+01  4.2127183632e-18
29  1.4810866192e+01  8.4037579768e-19
30  9.3758946488e+00  1.0123631906e-18
31  4.5497293804e+00  1.0434651817e-18
