0  5.2506574513e+07  1.1216386231e-11
1  5.7280150019e+07  8.4585770883e-12
2  3.3589744058e+07  3.4867641623e-12
3  2.5277592886e+07  1.9669773239e-12
4  1.9547230729e+07  7.6288080314e-12
5  1.5024007888e+07 -6.9203334717e-12
6  1.1764500713e+07 -2.7195716744e-12
7  9.2982514051e+06  2.7838165701e-12
8  7.3756596891e+06  4.0305540957e-12
9  5.6824648982e+06  2.3551765321e-12
10  4.5613369700e+06  1.2766305601e-12
11  3.5800191459e+06  1.7372490706e-12
12  2.8037905161e+06  1.6175295947e-12
13  2.2791005402e+06 -1.1162137496e-12
14  1.7324236952e+06 -9.8585269371e-13
15  1.3576184199e+06 -6.8269141301e-13
16  1.0321825852e+06 -6.7081582052e-13
17  8.3608706602e+05 -3.5713838825e-13
18  6.2979839662e+05  3.4690453246e-13
19  4.8989764976e+05  5.1556383716e-14
20  3.8988857094e+05  2.5733016587e-13
21  3.0393820091e+05 -1.1086089494e-14
22  2.3711484872e+05 -1.1945562205e-13
23  1.8199654419e+05  9.5500130931e-14
24  1.4140237726e+05 -1.5134778274e-13
25  1.0711807903e+05 -7.1646306623e-14
26  8.1961507377e+04 -2.1439792351e-15
27  6.6100305698e+04 -6.9272750471e-15
28  5.4421861356e+04  1.4469734599e-14
29  4.3417450165e+04  6.0111726775e-15
30  3.8418817254e+04 -2.7968896430e-15
31  3.5131214821e+04  7.5932321496e-17
