0  5.2931464644e+07 -4.7664016007e-12
1  5.1731778006e+07 -2.6073380592e-11
2  3.1230505933e+07 -2.4181153030e-11
3  2.3858965735e+07  2.3713559736e-11
4  1.8484991292e+07  2.6119925332e-12
5  1.4446116637e+07 -5.8682813826e-13
6  1.1158184699e+07 -5.6295905849e-12
7  8.8190275053e+06  6.8338901162e-12
8  6.8499000544e+06 -2.4891819613e-12
9  5.3664770164e+06  2.1776345955e-12
10  4.2921959923e+06  3.1886167240e-12
11  3.2401455961e+06  5.9941455100e-13
12  2.5703434752e+06  2.6574372199e-14
13  1.9965979553e+06 -5.8856509830e-13
14  1.5765697917e+06 -1.9272074179e-13
15  1.2211314457e+06  1.2878014010e-13
16  9.5881116580e+05  6.0003764600e-13
17  7.7085193753e+05 -2.4742763806e-13
18  5.9355188816e+05  2.3615731377e-13
19  4.6012762588e+05  4.6260192239e-13
20  3.5796502898e+05  1.1973265290e-13
21  2.9108142640e+05 -2.9541881770e-13
22  2.2668541771e+05  1.3535555341e-13
23  1.7649444680e+05  8.1831330182e-14
24  1.4156630492e+05 -7.6884500359e-14
25  1.1716383490e+05 -2.2590324327e-14
26  9.9456571298e+04 -7.7268740064e-14
27  8.1248281412e+04 -4.0013982120e-14
28  6.9839346511e+04  5.2168466330e-14
29  5.9735804907e+04  3.0984662293e-14
30  5.2805388219e+04 -8.2223852735e-15
31  4.8751045953e+04 -2.3773696118e-15
