0  4.8008563419e+07 -5.2943548897e-12
1  5.0326640902e+07 -1.3610461560e-11
2  2.9979154181e+07  8.6407674209e-12
3  2.3211138577e+07 -6.4287661241e-12
4  1.8242781049e+07  2.6025892478e-12
5  1.4235449296e+07 -5.1728588661e-12
6  1.1244454625e+07  1.1585790408e-12
7  8.6530440828e+06 -1.5712658551e-12
8  6.7125817198e+06 -2.7028994160e-12
9  5.1462432323e+06  4.0451036471e-13
10  4.0329977567e+06  7.4523943650e-13
11  3.0951046100e+06  9.2162083380e-13
12  2.4864212601e+06 -1.3897402288e-12
13  1.9622165512e+06 -6.1026836935e-13
14  1.5273731437e+06 -1.4778764674e-13
15  1.1829324228e+06 -3.4574743144e-13
16  9.4115808622e+05 -2.8655765085e-13
17  7.3627738919e+05  5.8767387900e-13
18  5.7754149524e+05  4.0343391056e-13
19  4.5150589948e+05  7.3718265086e-14
20  3.5181197561e+05 -1.9319766322e-13
21  2.7768858395e+05 -6.6225924004e-14
22  2.2273925149e+05  5.5677513858e-14
23  1.7604891753e+05  6.8796763148e-14
24  1.4292307823e+05  7.1796732497e-15
25  1.1376145153e+05  5.8768461612e-14
26  9.0903371105e+04 -7.0802714657e-14
27  7.6100020122e+04  5.2889339745e-15
28  6.4074870066e+04  7.2650167740e-15
29  5.5487945143e+04  1.4004872655e-14
30  4.9514267941e+04  4.8872511978e-16
31  4.7230360505e+04 -6.9819734073e-15
