0  9.9670117776e+01  4.4049186092e-16
1  1.6323059987e+04 -2.3554715714e-16
2  1.0733328553e+04 -2.6717680734e-15
3  8.5433996172e+03  2.6392402083e-15
4  6.6790056783e+03  4.1224263451e-15
5  5.2711872964e+03  2.1741038179e-15
6  4.1588099286e+03  1.6551922174e-15
7  3.2839396655e+03 -4.2146077760e-15
8  2.5945983254e+03 -1.2693677040e-15
9  2.0684862437e+03 -4.6384540631e-16
10  1.6614806077e+03 -1.1235653288e-15
11  1.3423568860e+03 -2.0020174280e-16
12  1.0874470770e+03  3.3839262704e-16
13  8.8490303273e+02  3.4840752110e-16
14  7.2005191332e+02  1.9397583888e-17
15  5.8240270283e+02 -5.8892030301e-17
16  4.6958158654e+02 -2.0492966895e-16
17  3.8082215629e+02  2.2181103559e-16
18  3.0872981513e+02 -1.0840221780e-17
19  2.5076017483e+02 -4.7417526427e-17
20  2.0071430765e+02  8.4710176868e-17
21  1.6043627897e+02 -2.0430858204e-17
22  1.2707989895e+02  1.7480007174e-17
23  9.9489196119e+01  7.8419369048e-18
24  7.7824491898e+01  2.4107457651e-17
25  6.0913398704e+01 -2.0336731668e-17
26  4.7245126695e+01 -1.7115359490e-18
27  3.6164566377e+01 -9.4820044489e-18
28  2.7002212801e+01 -1.1431874293e-17
29  1.9419945781e+01 -1.6677231698e-17
30  1.2697863822e+01  5.1313255945e-18
31  6.6844464617e+00  4.0875692452e-18
