0  4.6190435703e+07 -1.4327334661e-12
1  5.4165575980e+07 -1.0526847862e-12
2  3.1989971379e+07  3.8061719888e-12
3  2.4162446619e+07 -1.3206957783e-11
4  1.8530022694e+07 -6.2804831943e-12
5  1.4665500648e+07  1.6826406338e-13
6  1.1409031337e+07 -1.7180075107e-12
7  8.8499180163e+06 -6.4114493830e-13
8  6.8570443768e+06 -2.1521217284e-12
9  5.3640708345e+06 -1.5875989413e-13
10  4.1291667980e+06  8.9171839805e-13
11  3.1788608301e+06  2.0889811552e-12
12  2.4212279738e+06 -8.7910788229e-13
13  1.8257391331e+06 -3.9212246780e-13
14  1.4161912408e+06 -3.1314461963e-13
15  1.0831210361e+06  2.0032087945e-13
16  8.2797435903e+05  6.1134644260e-13
17  6.3029332510e+05  2.1348417374e-13
18  4.8379059255e+05 -9.1912802689e-14
19  3.6897231199e+05 -4.2478056106e-14
20  2.8695163660e+05  7.5624638406e-14
21  2.2159757303e+05  1.0957279526e-14
22  1.7560897334e+05  5.6488759866e-14
23  1.3870591570e+05 -4.6482746503e-14
24  1.0843707464e+05  4.0070620931e-14
25  8.7849522839e+04 -3.7037692576e-14
26  6.9004481208e+04 -1.2066976762e-14
27  5.5045656247e+04  3.2107279342e-14
28  4.4834753935e+04 -1.7242124679e-14
29  3.8722649709e+04 -1.0197213848e-14
30  3.4098572521e+04 -3.0916996588e-15
31  3.2115529005e+04 -9.7684975525e-16
