0 -2.1545306564e+02  4.1769036926e-16
1  1.8498849533e+04  3.5184306555e-15
2  1.2194725119e+04  4.9771507750e-16
3  9.7108904426e+03 -8.1229930246e-16
4  7.6470516501e+03 -8.0343367330e-16
5  6.0403501071e+03 -7.7137299979e-16
6  4.7637260850e+03  4.0215822022e-16
7  3.7528479851e+03  2.7479418523e-15
8  2.9445134037e+03  1.1930919636e-15
9  2.3084203793e+03 -2.1081305392e-16
10  1.8069201101e+03  4.0275897834e-16
11  1.4148776388e+03  1.1157382679e-16
12  1.1084960913e+03 -1.9159249992e-16
13  8.6915420643e+02  8.4793779020e-16
14  6.8148305303e+02 -2.0285348532e-16
15  5.3512025063e+02 -2.7328543955e-16
16  4.1698068635e+02 -6.1824087787e-17
17  3.2528464316e+02  6.8439626863e-17
18  2.5413746222e+02 -1.4214292822e-16
19  1.9941278885e+02 -9.1182143860e-17
20  1.5538876132e+02 -9.1564579236e-17
21  1.2150813068e+02  3.9161191888e-17
22  9.4999561657e+01 -2.9629688951e-17
23  7.4078645225e+01 -5.1835239998e-18
24  5.7474727865e+01  1.5310755796e-17
25  4.4445532274e+01  9.0753227551e-18
26  3.4027444488e+01  6.0018637060e-18
27  2.5761755600e+01 -6.3533823791e-18
28  1.9039676907e+01 -1.4150744175e-18
29  1.3436545534e+01 -3.6771817823e-19
30  8.5176887507e+00  1.1422239294e-18
31  4.0845919776e+00  4.0943455088e-19
