0 -2.9462754099e+02 -3.8695556701e-16
1  1.7224353007e+04  6.9053852805e-15
2  1.1181885832e+04 -4.7661535443e-15
3  8.7236862227e+03  5.5399342882e-17
4  6.7263176343e+03  8.8817307280e-17
5  5.2392813209e+03 -1.4528464754e-15
6  4.0594839124e+03 -1.1906241331e-15
7  3.1368708380e+03  1.0178657284e-15
8  2.4144031448e+03  2.7567020788e-16
9  1.8582853610e+03 -3.9753352621e-16
10  1.4217176840e+03 -2.0834740984e-15
11  1.0820562083e+03  3.9985767874e-16
12  8.2322627916e+02  9.1034453078e-16
13  6.2538748689e+02 -2.2025895359e-16
14  4.7368499518e+02  5.2480001478e-16
15  3.5509651568e+02  5.3191355629e-16
16  2.6692588714e+02 -3.7214419007e-17
17  2.0150354082e+02 -9.2815964536e-17
18  1.5196596531e+02 -4.4273988637e-17
19  1.1550670837e+02  4.7148924339e-17
20  8.8069648719e+01 -4.6236563975e-17
21  6.7157458830e+01 -4.0830164431e-18
22  5.1314743182e+01  5.0466964151e-17
23  3.9043353477e+01  1.0847633318e-17
24  2.9523156598e+01  4.8366904777e-18
25  2.2216394399e+01  1.1830403295e-18
26  1.6559150647e+01 -3.0166019625e-18
27  1.2128637697e+01 -2.7120936180e-19
28  8.7197826235e+00  3.3214808840e-18
29  5.9672689628e+00 -4.4977449499e-19
30  3.6735807414e+00  5.3193669088e-19
31  1.6628088524e+00 -7.9515217923e-20
