0  5.0463196964e+07  1.8528296447e-12
1  5.9267279540e+07 -5.0753654344e-11
2  3.5907502300e+07 -3.5665693117e-11
3  2.6078499287e+07  5.6863225494e-12
4  2.0543850225e+07 -5.8520411370e-13
5  1.6624149121e+07 -3.3070250385e-13
6  1.3213021385e+07 -2.1662913726e-12
7  1.0388338203e+07 -6.9125392065e-13
8  8.2951747457e+06  5.5112898198e-12
9  6.5793251356e+06 -7.0085598043e-13
10  5.2648085358e+06 -2.8990748870e-12
11  4.1731826307e+06  2.6971410520e-12
12  3.3017913117e+06  2.7094375834e-13
13  2.6217154222e+06  2.9688582215e-12
14  2.0687964871e+06  7.1040723354e-13
15  1.6416042036e+06 -7.1193503526e-14
16  1.2568874073e+06  1.4097806860e-12
17  1.0099878143e+06  6.7982457455e-13
18  7.8262221134e+05  5.0944004863e-14
19  6.0186983364e+05 -4.4097382642e-13
20  4.7265847652e+05 -2.1214726716e-13
21  3.7021816809e+05 -4.5626582562e-14
22  2.9858284995e+05  1.0844402514e-13
23  2.3958385593e+05 -2.1222186946e-14
24  1.9315926909e+05  6.6847463665e-14
25  1.5819841709e+05 -3.9518515296e-14
26  1.3011762756e+05  5.1369078079e-14
27  1.0582136581e+05 -1.2887176000e-14
28  8.7817146866e+04 -1.5799359412e-14
29  7.4670322116e+04 -3.7363631026e-14
30  6.8781488082e+04  5.1010256022e-15
31  6.2655711392e+04  4.3456458112e-14
