0  4.7428380268e+07 -1.8054995598e-11
1  5.1071747238e+07 -2.5309402337e-12
2  2.9427071289e+07  1.4997293994e-11
3  2.2296113817e+07 -6.7738329889e-12
4  1.7737169196e+07  9.7592825696e-12
5  1.3861144111e+07  1.4433205208e-12
6  1.1181743334e+07  5.6510662957e-12
7  8.7019582386e+06  1.6848736062e-12
8  6.6917246557e+06  1.0835938700e-12
9  5.2820821054e+06  3.4404402553e-12
10  4.2069748752e+06  7.1009719910e-13
11  3.3053844739e+06 -9.4158830080e-14
12  2.5848873613e+06 -4.9117978948e-14
13  1.9485201716e+06 -6.7858014883e-13
14  1.5699822925e+06  1.5314734329e-13
15  1.2753563671e+06 -2.6142137009e-13
16  9.9183273761e+05 -5.2777912969e-13
17  7.7292725246e+05 -5.4820843041e-13
18  5.9869661781e+05  1.9407765330e-14
19  4.7074924022e+05  1.9505283542e-13
20  3.6709718920e+05  5.6842603259e-14
21  2.9046679917e+05  2.4649734762e-14
22  2.2252692890e+05 -1.6785590059e-13
23  1.7134004852e+05  1.6879836348e-14
24  1.3430968704e+05  2.0950814895e-14
25  1.0457260647e+05 -2.1095282271e-14
26  8.5983129038e+04 -8.8761003525e-14
27  6.9131210665e+04 -9.8276106454e-14
28  5.4453369953e+04 -3.6575393897e-14
29  4.3745803365e+04  1.6944676464e-14
30  3.8622563070e+04 -1.6993015890e-14
31  3.5280365072e+04 -1.0292939307e-14
