0  8.7642290755e+01 -5.5273933302e-15
1  1.8641563717e+04 -1.9525896674e-15
2  1.2349374670e+04 -2.4765488961e-15
3  9.8102852487e+03  4.0181548952e-15
4  7.7041542600e+03  2.2340951382e-15
5  6.0925664001e+03  1.3513929982e-15
6  4.7921270656e+03  1.0738716528e-15
7  3.7648475144e+03 -1.4878155953e-15
8  2.9583097978e+03 -1.2773435780e-15
9  2.3248470599e+03  5.5931906907e-16
10  1.8206502699e+03  1.9851275910e-17
11  1.4243726398e+03  9.8020314958e-16
12  1.1149376105e+03 -2.7809806900e-16
13  8.7951451434e+02 -1.3869179835e-16
14  6.9152001535e+02 -3.7385204672e-16
15  5.4098047693e+02 -5.1833122416e-19
16  4.2208762125e+02 -1.6102350437e-16
17  3.2987953244e+02 -3.4992201600e-17
18  2.5897939109e+02  1.8747475513e-16
19  2.0178033092e+02  4.4894863787e-17
20  1.5709307821e+02  1.0120127308e-16
21  1.2262876089e+02 -4.5968689806e-17
22  9.5957167757e+01  2.7022733298e-18
23  7.4832329713e+01  3.7306507371e-18
24  5.8087441471e+01  1.0874103098e-17
25  4.4722735214e+01  6.4695317720e-18
26  3.4535409317e+01  2.0911655281e-17
27  2.6224599066e+01  1.7153475973e-18
28  1.9383062202e+01  4.1533731173e-18
29  1.3778768001e+01  1.8736898189e-18
30  9.0098893857e+00 -9.4020657145e-20
31  4.7106502401e+00  1.1784345879e-19
