0  9.7940892318e+00  2.1154604447e-15
1  1.7571764627e+04  7.0872855001e-15
2  1.1650464340e+04 -2.6219921823e-15
3  9.2557170916e+03  3.0940800662e-16
4  7.2738599407e+03  2.0110707808e-15
5  5.7576628613e+03  1.9131452488e-15
6  4.5608867140e+03  3.0113797926e-15
7  3.6132954755e+03 -1.4750293153e-15
8  2.8758670120e+03  8.1950628229e-16
9  2.2877009088e+03  7.3310648645e-16
10  1.8339576388e+03  3.4984059496e-16
11  1.4724642269e+03 -1.2125401577e-15
12  1.1853308881e+03  9.9043536053e-16
13  9.5448450043e+02  4.2050675381e-16
14  7.6972327077e+02  1.0838951230e-16
15  6.1783142485e+02  2.1182630385e-16
16  4.9466326778e+02 -3.1103817447e-16
17  3.9506890432e+02  2.3094427422e-16
18  3.1474465428e+02 -1.8913038690e-16
19  2.5146897462e+02  1.0492610046e-16
20  2.0031677943e+02  3.3321746749e-17
21  1.5979857269e+02 -2.2736270128e-17
22  1.2734430114e+02 -6.8166564617e-17
23  1.0181458696e+02 -4.2989569051e-18
24  8.0573439580e+01 -2.9163238495e-17
25  6.3416266961e+01  1.2158628562e-18
26  4.9364628566e+01  7.9704741545e-18
27  3.7787619891e+01 -3.5813188285e-17
28  2.8443273293e+01 -2.5171436912e-18
29  2.0314458158e+01  4.3499377006e-18
30  1.3421968528e+01 -9.6678223017e-19
31  6.9405799826e+00 -1.2274566197e-18
