0  1.0175876394e+05  0.0000000000e+00
1  1.0385883840e+05  0.0000000000e+00
2  7.8765347070e+04  0.0000000000e+00
3  6.2174265302e+04  0.0000000000e+00
4  4.8564020530e+04  0.0000000000e+00
5  3.7782924625e+04  0.0000000000e+00
6  2.9343735359e+04  0.0000000000e+00
7  2.2773884073e+04  0.0000000000e+00
8  1.7761132248e+04  0.0000000000e+00
9  1.3856725503e+04  0.0000000000e+00
10  1.0799121047e+04  0.0000000000e+00
11  8.4537831794e+03  0.0000000000e+00
12  6.6246188972e+03  0.0000000000e+00
13  5.2001973940e+03  0.0000000000e+00
14  4.0905947109e+03  0.0000000000e+00
15  3.2151118208e+03  0.0000000000e+00
16  2.5182260986e+03  0.0000000000e+00
17  1.9761206717e+03  0.0000000000e+00
18  1.5576026407e+03  0.0000000000e+00
19  1.2282697091e+03  0.0000000000e+00
20  9.7276849631e+02  0.0000000000e+00
21  7.6769291984e+02  0.0000000000e+00
22  5.9815839353e+02  0.0000000000e+00
23  4.6326233616e+02  0.0000000000e+00
24  3.6063114924e+02  0.0000000000e+00
25  2.8275358679e+02  0.0000000000e+00
26  2.2272974645e+02  0.0000000000e+00
27  1.7726558254e+02  0.0000000000e+00
28  1.4292569196e+02  0.0000000000e+00
29  1.1833051682e+02  0.0000000000e+00
30  1.0203812689e+02  0.0000000000e+00
31  9.2882677743e+01  0.0000000000e+00
