0  3.7183763001e+02 -3.3928794087e-15
1  1.8164788524e+04  3.2880811043e-15
2  1.2112188249e+04  4.8928796788e-15
3  9.6799547333e+03 -1.8932626327e-16
4  7.6295641251e+03  7.2121043810e-16
5  6.0596741174e+03  1.1039429106e-15
6  4.7906538289e+03  9.6571295696e-16
7  3.7813609180e+03 -2.0596770783e-15
8  2.9928366240e+03  1.8043037386e-15
9  2.3647942248e+03  9.5148957971e-16
10  1.8900924209e+03  9.0413922034e-16
11  1.5119450062e+03 -3.9805858076e-16
12  1.2084650434e+03 -2.9895117313e-16
13  9.7040669976e+02 -1.4386674615e-16
14  7.7898381018e+02  6.4390809376e-17
15  6.2207490274e+02  3.5377665119e-16
16  4.9991189533e+02  3.2423563600e-16
17  4.0274914452e+02  2.6426840325e-16
18  3.2380349993e+02  1.2763780663e-16
19  2.6152098588e+02 -1.9905697777e-17
20  2.1032381651e+02 -1.2763558317e-16
21  1.6909968466e+02  5.7483467449e-17
22  1.3568719768e+02  6.3280931517e-17
23  1.0805608882e+02  3.0576936484e-17
24  8.6254175659e+01  1.4290081095e-17
25  6.8386904951e+01  1.6908683451e-17
26  5.3562937663e+01  3.0093810067e-17
27  4.1533489491e+01 -3.1805028378e-18
28  3.1232607418e+01 -2.6868943878e-18
29  2.2839008078e+01  2.5548631272e-18
30  1.5398855303e+01  2.0578136058e-18
31  8.6707616538e+00  2.1352641809e-18
