0 -1.5665217998e+02 -4.3564386785e-17
1  2.0988184468e+04 -4.5659963237e-15
2  1.3863463583e+04  3.0019977381e-15
3  1.1028079438e+04 -1.7381846644e-16
4  8.6505760233e+03 -3.2878109008e-15
5  6.7957879413e+03  2.6159913774e-16
6  5.3167066899e+03  1.6607099488e-15
7  4.1202662241e+03 -7.8221480976e-16
8  3.1958967490e+03  7.5069777258e-16
9  2.4671324445e+03 -9.5833244125e-16
10  1.8971158239e+03  1.1516997928e-15
11  1.4569344122e+03 -1.1366989452e-15
12  1.1128033716e+03  7.6232753495e-16
13  8.5220580898e+02  5.4299449424e-16
14  6.4754851591e+02 -1.2050176581e-16
15  4.9098923249e+02 -1.1968654954e-16
16  3.7138248748e+02 -2.8391771474e-16
17  2.8139959889e+02 -4.4146298420e-17
18  2.1229537890e+02 -6.9956980509e-18
19  1.6039331637e+02 -8.3249574430e-17
20  1.2135675844e+02  7.9362169658e-17
21  9.1879781321e+01  3.1646897915e-17
22  6.9693500977e+01 -5.3752499075e-17
23  5.2724460792e+01  1.3821221889e-17
24  3.9846958898e+01  1.5844810070e-19
25  3.0156341091e+01 -1.2260590153e-17
26  2.2519975717e+01  2.1242527526e-18
27  1.6620710682e+01 -5.5926409134e-18
28  1.1890172048e+01  1.5816222708e-18
29  8.0676519705e+00 -1.4426029883e-19
30  4.9695353178e+00  2.5675686214e-20
31  2.2625833394e+00 -5.8445273361e-19
