0  3.1918954680e+01 -6.0527182936e-15
1  1.7391616166e+04  1.2488170966e-15
2  1.1345373818e+04  2.2009064815e-15
3  8.9515956375e+03 -7.6646200864e-16
4  6.9738772645e+03  3.6764643454e-15
5  5.4643741938e+03  7.7376883248e-16
6  4.2657525330e+03 -2.1137923192e-15
7  3.3623740003e+03  3.9605460669e-16
8  2.6385197066e+03 -8.8831373321e-16
9  2.0681513261e+03 -1.3341889120e-15
10  1.6179412355e+03 -3.6726755670e-16
11  1.2638757399e+03 -1.6378938458e-16
12  9.8477143717e+02 -7.2594111711e-16
13  7.6950857290e+02  1.0485569085e-16
14  5.9630939301e+02 -1.2587131942e-16
15  4.6138199902e+02 -4.7384081861e-18
16  3.5925907662e+02 -1.2688130033e-16
17  2.7947393479e+02  8.3290059958e-17
18  2.1785397813e+02  7.1847981564e-18
19  1.6847257935e+02  9.9516524544e-17
20  1.3053926090e+02 -3.7144194682e-17
21  1.0137505006e+02  3.1121366911e-17
22  7.8786560615e+01  7.5627866091e-18
23  6.0860771310e+01 -1.5735807517e-17
24  4.7295574982e+01  2.4975401725e-17
25  3.6684848800e+01  1.2365357541e-19
26  2.7858282954e+01 -9.8819628187e-18
27  2.0999194564e+01 -6.6876427559e-18
28  1.5486780152e+01 -3.7737435383e-18
29  1.0881523112e+01 -2.1757497088e-18
30  6.9256815607e+00 -2.1059356651e-18
31  3.4054037483e+00 -1.7666989697e-18
