0  5.4199549960e+07  7.8816556067e-12
1  5.8295972827e+07 -2.0102431950e-11
2  3.5008072231e+07  2.9802665884e-11
3  2.6044017357e+07  5.4162724204e-12
4  1.9589429984e+07  4.1872328991e-12
5  1.5233098439e+07  7.6083206295e-12
6  1.1654100460e+07 -7.1714656041e-12
7  9.1350223212e+06 -1.1620395589e-12
8  7.3074500873e+06  2.2661774431e-12
9  5.6961421628e+06 -4.6231889168e-13
10  4.4001330044e+06  3.8008463163e-13
11  3.5666884090e+06  1.2379672738e-12
12  2.8220641787e+06  8.2335310359e-13
13  2.1885538257e+06 -1.5650914948e-12
14  1.7749110116e+06  1.8890675479e-12
15  1.3800216588e+06  8.3136975557e-14
16  1.0723221498e+06  7.6683637189e-13
17  8.4521345626e+05 -4.7851372020e-13
18  6.6085445239e+05  1.2894900185e-13
19  5.1417275540e+05 -3.2831996889e-13
20  3.9535502091e+05 -4.1610882106e-13
21  3.0212981452e+05  2.8350836520e-13
22  2.3118466965e+05 -4.3741311415e-14
23  1.7551284278e+05 -9.5353981098e-14
24  1.3231319418e+05 -4.7836443175e-14
25  1.0512472623e+05  5.0424999590e-14
26  8.2881560934e+04  5.7777573120e-15
27  6.5424098155e+04 -3.2564008570e-14
28  5.3046182589e+04  5.6423431439e-14
29  4.5706460945e+04 -1.3781397441e-14
30  3.9840895260e+04 -2.9789753975e-14
31  3.6200108699e+04 -2.2788947107e-15
