0  9.4456305364e+04  0.0000000000e+00
1  9.7195841433e+04  0.0000000000e+00
2  7.3119180939e+04  0.0000000000e+00
3  5.7752834584e+04  0.0000000000e+00
4  4.5227732475e+04  0.0000000000e+00
5  3.5279752906e+04  0.0000000000e+00
6  2.7513184596e+04  0.0000000000e+00
7  2.1479326786e+04  0.0000000000e+00
8  1.6828899573e+04  0.0000000000e+00
9  1.3245976814e+04  0.0000000000e+00
10  1.0445174900e+04  0.0000000000e+00
11  8.1994714617e+03  0.0000000000e+00
12  6.4137767094e+03  0.0000000000e+00
13  5.0192165586e+03  0.0000000000e+00
14  3.9322793990e+03  0.0000000000e+00
15  3.0796757646e+03  0.0000000000e+00
16  2.4047659459e+03  0.0000000000e+00
17  1.8724541128e+03  0.0000000000e+00
18  1.4565752325e+03  0.0000000000e+00
19  1.1296782482e+03  0.0000000000e+00
20  8.7606401456e+02  0.0000000000e+00
21  6.8109035581e+02  0.0000000000e+00
22  5.3225061574e+02  0.0000000000e+00
23  4.1778685700e+02  0.0000000000e+00
24  3.2992887488e+02  0.0000000000e+00
25  2.6048911530e+02  0.0000000000e+00
26  2.0721467376e+02  0.0000000000e+00
27  1.6765899015e+02  0.0000000000e+00
28  1.3734174807e+02  0.0000000000e+00
29  1.1430630612e+02  0.0000000000e+00
30  9.8045137775e+01  0.0000000000e+00
31  8.8422391985e+01  0.0000000000e+00
