0  1.0042882070e+05  0.0000000000e+00
1  1.0288584146e+05  0.0000000000e+00
2  7.8075342221e+04  0.0000000000e+00
3  6.1688505094e+04  0.0000000000e+00
4  4.8191797511e+04  0.0000000000e+00
5  3.7510764599e+04  0.0000000000e+00
6  2.9123255294e+04  0.0000000000e+00
7  2.2628502754e+04  0.0000000000e+00
8  1.7582018649e+04  0.0000000000e+00
9  1.3719315612e+04  0.0000000000e+00
10  1.0711599993e+04  0.0000000000e+00
11  8.3361590754e+03  0.0000000000e+00
12  6.4783482286e+03  0.0000000000e+00
13  5.0299490604e+03  0.0000000000e+00
14  3.8958050197e+03  0.0000000000e+00
15  3.0174411660e+03  0.0000000000e+00
16  2.3384361533e+03  0.0000000000e+00
17  1.8049160750e+03  0.0000000000e+00
18  1.3816816370e+03  0.0000000000e+00
19  1.0548150453e+03  0.0000000000e+00
20  8.0599110383e+02  0.0000000000e+00
21  6.1278344156e+02  0.0000000000e+00
22  4.6482178733e+02  0.0000000000e+00
23  3.5443993417e+02  0.0000000000e+00
24  2.7198959441e+02  0.0000000000e+00
25  2.1020136103e+02  0.0000000000e+00
26  1.6404227286e+02  0.0000000000e+00
27  1.3013426862e+02  0.0000000000e+00
28  1.0592674381e+02  0.0000000000e+00
29  8.8816011027e+01  0.0000000000e+00
30  7.7604257258e+01  0.0000000000e+00
31  7.1638674375e+01  0.0000000000e+00
