0  2.5348943182e+02  3.6222292493e-15
1  1.6375091679e+04  1.5290854757e-15
2  1.0747109694e+04 -3.3836308677e-16
3  8.4661969251e+03  1.7769035992e-16
4  6.6253812711e+03 -1.0939284401e-15
5  5.1850571068e+03  2.1899570983e-16
6  4.0434378423e+03 -8.4301129438e-16
7  3.1578424040e+03  2.9716922757e-16
8  2.4596183874e+03 -9.6240248750e-16
9  1.9092300786e+03 -4.0894856573e-16
10  1.4850507474e+03 -1.1941385787e-16
11  1.1505140905e+03 -1.0678932942e-15
12  8.9634578035e+02 -6.1891527492e-16
13  6.9752882168e+02 -2.3562720175e-16
14  5.4124846897e+02 -1.4987348029e-16
15  4.1967659539e+02 -8.6237800788e-17
16  3.2333935216e+02  3.2750528906e-18
17  2.4911851875e+02  6.9653742714e-17
18  1.9335788630e+02 -1.0694542701e-16
19  1.4900115894e+02 -5.7411152011e-17
20  1.1420249721e+02 -3.4013349151e-17
21  8.8264311420e+01  1.3674288142e-17
22  6.7974695665e+01 -8.3973787600e-18
23  5.2192888673e+01 -1.7891453428e-18
24  4.0000795679e+01 -3.9281682325e-18
25  3.0674331905e+01 -1.8370027044e-18
26  2.3345993382e+01  3.4227542607e-18
27  1.7647897708e+01 -2.7500512819e-18
28  1.2987742644e+01 -7.7244110834e-19
29  9.1926014098e+00  9.6540580163e-19
30  5.9449860292e+00  1.3206567137e-18
31  3.0543703757e+00  2.7459749359e-19
