0  5.1352388012e+07 -5.8281499810e-13
1  5.6700381307e+07  2.2814592877e-11
2  3.6295168089e+07  2.4645009979e-11
3  2.7479885858e+07 -2.3646639504e-11
4  2.1763381276e+07  5.8147610902e-12
5  1.7105454695e+07 -1.2372654735e-11
6  1.3819860123e+07  2.8379712976e-12
7  1.0629270166e+07  1.6886903185e-13
8  8.5296025979e+06 -5.4865353288e-12
9  6.7289732573e+06 -4.1445076341e-12
10  5.2466956801e+06  2.6731450747e-12
11  4.0825166003e+06 -2.7371300384e-12
12  3.2363291300e+06 -7.1090980026e-13
13  2.6019319454e+06 -2.6121875108e-13
14  2.0912112362e+06 -2.8286516470e-13
15  1.6367563321e+06 -1.8145503632e-12
16  1.3145417973e+06  5.8677069390e-13
17  1.0488204501e+06  3.4992335284e-13
18  8.4611914823e+05  2.4473297914e-13
19  6.8703768573e+05  1.6326784303e-13
20  5.5961451158e+05  4.8457196782e-14
21  4.4943673638e+05 -2.1657920788e-13
22  3.6039745993e+05 -8.6769159730e-14
23  2.9602629679e+05 -1.6548934460e-13
24  2.3867646395e+05  4.4022035424e-14
25  1.9537382593e+05 -2.9573753648e-14
26  1.6241215140e+05  8.6070203011e-15
27  1.3767707172e+05  6.3842873754e-15
28  1.1661684011e+05  5.9208030331e-14
29  1.0046595208e+05 -1.5980465232e-14
30  9.1494400095e+04  3.2696573569e-17
31  8.5651259335e+04  2.4315722046e-14
