0  1.0642684465e+05  0.0000000000e+00
1  1.0891941425e+05  0.0000000000e+00
2  8.3688765556e+04  0.0000000000e+00
3  6.7231840513e+04  0.0000000000e+00
4  5.3577713183e+04  0.0000000000e+00
5  4.2443711093e+04  0.0000000000e+00
6  3.3413291472e+04  0.0000000000e+00
7  2.6173083395e+04  0.0000000000e+00
8  2.0445736515e+04  0.0000000000e+00
9  1.5854301554e+04  0.0000000000e+00
10  1.2216953236e+04  0.0000000000e+00
11  9.3788089224e+03  0.0000000000e+00
12  7.1921867607e+03  0.0000000000e+00
13  5.4884244533e+03  0.0000000000e+00
14  4.1847443460e+03  0.0000000000e+00
15  3.1847693704e+03  0.0000000000e+00
16  2.4262988051e+03  0.0000000000e+00
17  1.8493524010e+03  0.0000000000e+00
18  1.4210613584e+03  0.0000000000e+00
19  1.0974265687e+03  0.0000000000e+00
20  8.4614190000e+02  0.0000000000e+00
21  6.5236343640e+02  0.0000000000e+00
22  5.0156775115e+02  0.0000000000e+00
23  3.8406359513e+02  0.0000000000e+00
24  2.9355258840e+02  0.0000000000e+00
25  2.2503814991e+02  0.0000000000e+00
26  1.7450655128e+02  0.0000000000e+00
27  1.3717488350e+02  0.0000000000e+00
28  1.0996106082e+02  0.0000000000e+00
29  9.1312071656e+01  0.0000000000e+00
30  7.9202907429e+01  0.0000000000e+00
31  7.2257751809e+01  0.0000000000e+00
