0  9.6655793052e+04  0.0000000000e+00
1  9.8967400607e+04  0.0000000000e+00
2  7.4782997284e+04  0.0000000000e+00
3  5.9348678135e+04  0.0000000000e+00
4  4.6634713702e+04  0.0000000000e+00
5  3.6532419127e+04  0.0000000000e+00
6  2.8644298511e+04  0.0000000000e+00
7  2.2524178789e+04  0.0000000000e+00
8  1.7719588577e+04  0.0000000000e+00
9  1.3913543825e+04  0.0000000000e+00
10  1.0893718632e+04  0.0000000000e+00
11  8.5232323003e+03  0.0000000000e+00
12  6.6742555348e+03  0.0000000000e+00
13  5.2504714503e+03  0.0000000000e+00
14  4.1250242813e+03  0.0000000000e+00
15  3.2182001340e+03  0.0000000000e+00
16  2.5054266215e+03  0.0000000000e+00
17  1.9472884741e+03  0.0000000000e+00
18  1.5150006669e+03  0.0000000000e+00
19  1.1769308398e+03  0.0000000000e+00
20  9.1568683523e+02  0.0000000000e+00
21  7.1322618973e+02  0.0000000000e+00
22  5.5870190216e+02  0.0000000000e+00
23  4.3845301685e+02  0.0000000000e+00
24  3.4638207993e+02  0.0000000000e+00
25  2.7634675944e+02  0.0000000000e+00
26  2.2330106892e+02  0.0000000000e+00
27  1.8276247060e+02  0.0000000000e+00
28  1.5205931093e+02  0.0000000000e+00
29  1.2907520676e+02  0.0000000000e+00
30  1.1331956458e+02  0.0000000000e+00
31  1.0383526228e+02  0.0000000000e+00
