0 -2.0170441220e+01  2.7916871865e-16
1  1.7857644785e+04 -1.9902436700e-16
2  1.1588408459e+04 -3.7687545142e-15
3  9.1031703914e+03 -6.5858817000e-15
4  7.0839306786e+03  2.0477356078e-15
5  5.5198107143e+03  1.1037766804e-15
6  4.3213725703e+03 -1.0580415599e-15
7  3.3911698242e+03 -4.0454155918e-16
8  2.6359756161e+03 -2.0537124840e-15
9  2.0508938017e+03  8.0209197311e-16
10  1.5991187780e+03  7.2879577697e-16
11  1.2434107793e+03  1.7432996846e-16
12  9.7789658894e+02  9.3970893960e-18
13  7.6659348017e+02 -5.8122871445e-18
14  6.0297096158e+02  1.1916795362e-16
15  4.7541072410e+02  1.4953408478e-16
16  3.7495171462e+02  2.8964799851e-16
17  2.9738003980e+02 -1.0956741750e-16
18  2.3428728608e+02 -8.0971902835e-17
19  1.8371232675e+02 -4.7959435607e-17
20  1.4429180069e+02 -2.1840903364e-17
21  1.1338488367e+02 -5.8368458060e-17
22  8.8475916102e+01  1.2819102503e-17
23  6.8510537432e+01 -2.2604132989e-18
24  5.2777363410e+01 -2.7216227386e-19
25  3.9983313360e+01  4.4274412153e-18
26  3.0431646847e+01  2.9935997241e-18
27  2.2734504462e+01  2.6738712562e-18
28  1.6563790365e+01  6.8519671477e-19
29  1.1542180276e+01 -1.7023244657e-18
30  7.4055189744e+00 -5.9207603013e-19
31  3.7587165325e+00  1.1322712922e-18
