0 -1.4164515359e+02 -5.5415101930e-15
1  1.8089614394e+04  1.4312739226e-17
2  1.1778644450e+04 -7.1523451478e-16
3  9.2385320529e+03 -2.4953141169e-15
4  7.1581332356e+03 -5.5023592714e-15
5  5.5772110699e+03  1.1189834629e-15
6  4.3731241205e+03 -3.2740830378e-16
7  3.4063485095e+03 -3.0461189432e-16
8  2.6780439369e+03 -2.6219359605e-16
9  2.0988594296e+03 -2.9459160043e-16
10  1.6521134000e+03  5.2077925526e-16
11  1.2966977901e+03  1.1718636768e-15
12  1.0162281522e+03 -9.4630594983e-16
13  7.9731905548e+02 -5.1810236645e-16
14  6.2186719551e+02 -1.9676903590e-16
15  4.8804270113e+02 -8.5833766073e-17
16  3.8160860612e+02 -6.0155432881e-17
17  2.9942075355e+02  8.2515514502e-17
18  2.3339945133e+02  1.6790691762e-16
19  1.8265177549e+02 -1.4242742541e-16
20  1.4282901110e+02 -2.4163308886e-17
21  1.1010659460e+02 -7.1892768431e-17
22  8.4638069435e+01  2.3094035670e-17
23  6.5127462619e+01  1.2223479522e-17
24  5.0104108018e+01 -1.0958488755e-18
25  3.8477774049e+01  1.3693346384e-18
26  2.9026463735e+01 -7.8863002554e-18
27  2.1738919756e+01 -5.0560984808e-18
28  1.5744363135e+01 -8.2813352462e-19
29  1.0879690719e+01  1.2369328008e-18
30  6.6920097976e+00  5.2764858658e-19
31  3.0282731990e+00  1.4796606797e-18
