0  5.4101425951e+07 -1.7166902643e-11
1  5.5473830161e+07  2.3842596733e-11
2  3.3721017705e+07  3.1598486822e-13
3  2.5530082713e+07 -1.0315914276e-11
4  2.0016976725e+07  4.7379583690e-12
5  1.5640144081e+07  5.5525662949e-13
6  1.2423498318e+07 -5.7950883383e-12
7  9.8640490719e+06  2.1420313713e-12
8  7.4863150157e+06  8.0243030059e-13
9  5.7460487663e+06  6.1468713927e-13
10  4.3492742939e+06  4.3992699029e-13
11  3.4154636098e+06 -1.3589923335e-12
12  2.7259688463e+06 -9.2406434437e-14
13  2.1704222898e+06 -1.2382512514e-13
14  1.7115819480e+06 -3.9912590279e-14
15  1.3192674173e+06  4.2241756452e-13
16  9.9356756945e+05 -2.7480622350e-13
17  7.5861286340e+05  1.2054975349e-13
18  5.8319014900e+05  2.1707709932e-13
19  4.4476242023e+05 -2.3837020686e-13
20  3.4656461184e+05 -1.9272014806e-13
21  2.7159039635e+05 -1.1908197264e-13
22  2.1493277414e+05  1.0150619745e-13
23  1.6737808822e+05 -1.1906722983e-13
24  1.3071653426e+05  4.5702467752e-14
25  1.0332217298e+05 -2.2714403211e-14
26  7.8845744949e+04 -2.0594230925e-14
27  6.3678552150e+04  4.0999182593e-14
28  4.9965393162e+04  1.6434700672e-15
29  4.2262719789e+04 -1.1670171270e-14
30  3.6660152480e+04  3.5939575791e-15
31  3.3227910675e+04  4.8498141465e-15
