0  5.2818510492e+07 -1.2449285388e-11
1  5.1766310366e+07 -1.1563726062e-11
2  3.0041097274e+07  2.1170370421e-11
3  2.2832651118e+07  1.0433043770e-11
4  1.7258026903e+07  3.4536471741e-12
5  1.3066901395e+07  2.0342639991e-14
6  1.0353915235e+07 -5.4354368470e-12
7  8.1065715902e+06  7.2837835504e-12
8  6.3693558884e+06  1.6789093117e-12
9  4.8506937643e+06 -4.3972184007e-13
10  3.6923254595e+06 -1.4867868757e-12
11  2.9177347113e+06  5.7498676045e-13
12  2.2759959061e+06  3.0946744232e-13
13  1.7901223942e+06  1.3792242517e-12
14  1.3920889666e+06 -1.1132282025e-13
15  1.0706327487e+06  2.6418554397e-13
16  8.6689606873e+05 -1.4286767721e-13
17  6.4878512573e+05  1.6629351275e-13
18  4.9447244300e+05 -1.1405135866e-13
19  3.7361758890e+05 -1.7225945646e-13
20  2.7416541087e+05 -8.4284677376e-14
21  2.1319158409e+05 -1.0908617282e-13
22  1.5998378925e+05  4.3294329299e-14
23  1.1922645518e+05 -1.1997227193e-13
24  9.2789461207e+04  3.4501560597e-14
25  6.9716376070e+04  4.1291056421e-14
26  5.2196036746e+04 -4.6307056423e-15
27  4.1337566032e+04  1.3252841086e-14
28  3.2193268852e+04 -5.5802544280e-15
29  2.5847294996e+04 -3.3651541608e-15
30  2.1977986959e+04  1.1606413307e-14
31  1.9753977926e+04 -9.8086253537e-15
