0  2.9643554490e+02  5.2490127757e-15
1  1.6789734324e+04  1.6124002717e-15
2  1.0743832192e+04  4.1905475934e-15
3  8.2613115414e+03  1.1236627905e-16
4  6.2186379149e+03  2.8047114827e-15
5  4.7180388158e+03 -8.6635694515e-16
6  3.5759723819e+03 -2.1798384957e-15
7  2.7317937066e+03  5.0760535183e-16
8  2.0883445904e+03  1.4627327792e-15
9  1.6017690608e+03 -9.2294642227e-17
10  1.2308959740e+03 -4.9556551964e-16
11  9.3715376880e+02  7.2545142619e-17
12  7.1791548563e+02 -2.2672530899e-17
13  5.4595744017e+02 -2.3761174701e-16
14  4.1498856742e+02 -3.2866842411e-16
15  3.1591194889e+02 -1.9951559317e-16
16  2.3914057361e+02 -1.4469789723e-16
17  1.8257837693e+02 -1.9115907052e-16
18  1.3927753885e+02 -6.0629930150e-17
19  1.0573115669e+02  1.2592801769e-16
20  7.9743059185e+01  4.5009636751e-17
21  5.9958996690e+01 -2.3095120930e-17
22  4.5130381916e+01 -2.3462521471e-17
23  3.3714730108e+01 -5.3030615245e-18
24  2.5279989363e+01  1.6874643315e-17
25  1.8798067181e+01  9.9526371302e-20
26  1.3894482948e+01  3.2822526706e-18
27  1.0271889898e+01 -2.1888654846e-18
28  7.4116247124e+00 -1.1489737232e-18
29  5.2303706574e+00  4.9260259839e-20
30  3.3777047814e+00 -2.8052672422e-19
31  1.7827091806e+00  2.1175823681e-19
