0  4.9901062611e+07  2.4625343317e-11
1  5.4046467784e+07 -1.4096720472e-11
2  3.1252686893e+07 -4.5373022187e-12
3  2.4766520936e+07 -4.9448169241e-12
4  1.9111127849e+07  4.7649610611e-12
5  1.5157163872e+07 -6.4461024069e-12
6  1.2047510757e+07  3.2953071172e-12
7  9.4727543983e+06 -4.3308395158e-13
8  7.5362888735e+06  3.1684719728e-12
9  6.0385241349e+06  7.3392344110e-13
10  4.6938432277e+06  9.3704424130e-13
11  3.6842941631e+06  1.3088184124e-12
12  2.8995214060e+06  3.8764700589e-13
13  2.2669623443e+06 -6.2242086790e-13
14  1.7549581175e+06 -4.0753982022e-13
15  1.3994137951e+06 -6.4517339987e-13
16  1.0601242982e+06  4.4975948324e-13
17  8.1317749847e+05 -1.0826540320e-13
18  6.5420894694e+05  4.0724504925e-13
19  5.1458632920e+05  3.3540763436e-13
20  4.0375948031e+05 -1.3716300362e-13
21  3.1586995413e+05 -4.2547312595e-13
22  2.4841876483e+05 -1.3949388394e-13
23  1.9587860404e+05 -4.9484871271e-15
24  1.5828820578e+05 -6.7266442004e-14
25  1.2551447165e+05 -9.4792054815e-14
26  1.0017172937e+05  3.9813201243e-14
27  8.3076540811e+04 -4.3381073776e-14
28  6.9557113484e+04 -1.9590401637e-14
29  6.0407639060e+04  1.5605012984e-14
30  5.4262688687e+04  1.4626315542e-14
31  5.0241533279e+04  7.2110357497e-15
