0  9.2495982907e+04  0.0000000000e+00
1  9.5187491469e+04  0.0000000000e+00
2  7.1014866187e+04  0.0000000000e+00
3  5.5742692610e+04  0.0000000000e+00
4  4.3544966129e+04  0.0000000000e+00
5  3.3965164891e+04  0.0000000000e+00
6  2.6454324727e+04  0.0000000000e+00
7  2.0569312193e+04  0.0000000000e+00
8  1.6095428605e+04  0.0000000000e+00
9  1.2652962822e+04  0.0000000000e+00
10  9.9815852357e+03  0.0000000000e+00
11  7.8685742324e+03  0.0000000000e+00
12  6.2023922661e+03  0.0000000000e+00
13  4.9141905063e+03  0.0000000000e+00
14  3.9056140003e+03  0.0000000000e+00
15  3.0875728003e+03  0.0000000000e+00
16  2.4243521781e+03  0.0000000000e+00
17  1.9033687643e+03  0.0000000000e+00
18  1.5003383976e+03  0.0000000000e+00
19  1.1788802955e+03  0.0000000000e+00
20  9.2550175883e+02  0.0000000000e+00
21  7.2258576461e+02  0.0000000000e+00
22  5.6283042814e+02  0.0000000000e+00
23  4.4049580406e+02  0.0000000000e+00
24  3.4768729961e+02  0.0000000000e+00
25  2.7786954575e+02  0.0000000000e+00
26  2.2545878643e+02  0.0000000000e+00
27  1.8626628144e+02  0.0000000000e+00
28  1.5693674355e+02  0.0000000000e+00
29  1.3512575350e+02  0.0000000000e+00
30  1.2028131421e+02  0.0000000000e+00
31  1.1220279390e+02  0.0000000000e+00
