0 -2.4730806975e+02  4.1813505097e-15
1  1.6467156360e+04 -1.5625809701e-16
2  1.0577119013e+04  3.3938450262e-16
3  8.1862590166e+03  1.0882159440e-15
4  6.2402554077e+03  2.1109782640e-15
5  4.7993252008e+03 -7.4782548386e-16
6  3.6932909024e+03 -9.2483080588e-16
7  2.8589928549e+03 -1.7705815570e-15
8  2.2102570289e+03 -1.8342863756e-16
9  1.7064283299e+03 -1.5584929773e-16
10  1.3232540991e+03  1.1501087473e-15
11  1.0230281548e+03 -6.2436799657e-16
12  7.9630211369e+02  5.1636610772e-17
13  6.1686982788e+02 -3.7409824214e-16
14  4.8126365463e+02  6.3606403927e-17
15  3.7257170363e+02 -1.7604415138e-16
16  2.8903545547e+02  1.0553427012e-16
17  2.2497920833e+02  5.4594079247e-17
18  1.7554678675e+02 -1.5735357531e-16
19  1.3637543292e+02  9.8696279014e-17
20  1.0605553035e+02 -1.2861560029e-17
21  8.2012137438e+01  5.4732516194e-17
22  6.3755307574e+01  2.2162458246e-17
23  4.9057126883e+01  7.3138118622e-18
24  3.7761955118e+01  1.2755892669e-17
25  2.9119212740e+01 -3.8735346074e-18
26  2.2082637820e+01  1.2146452464e-18
27  1.6571603334e+01  5.3987762476e-18
28  1.2025808597e+01  9.4227121426e-19
29  8.3206259376e+00  2.3305979195e-18
30  5.1017766717e+00  3.3455683834e-18
31  2.2246296289e+00 -7.1997800517e-19
