0  1.0059659382e+05  0.0000000000e+00
1  1.0210786888e+05  0.0000000000e+00
2  7.6494711384e+04  0.0000000000e+00
3  6.0154185497e+04  0.0000000000e+00
4  4.7325839233e+04  0.0000000000e+00
5  3.7438279094e+04  0.0000000000e+00
6  2.9558801043e+04  0.0000000000e+00
7  2.3308629691e+04  0.0000000000e+00
8  1.8496601632e+04  0.0000000000e+00
9  1.4743750257e+04  0.0000000000e+00
10  1.1745394541e+04  0.0000000000e+00
11  9.3435523677e+03  0.0000000000e+00
12  7.3865931767e+03  0.0000000000e+00
13  5.8114122327e+03  0.0000000000e+00
14  4.5655079682e+03  0.0000000000e+00
15  3.5820230700e+03  0.0000000000e+00
16  2.8013668056e+03  0.0000000000e+00
17  2.1920128431e+03  0.0000000000e+00
18  1.7176343045e+03  0.0000000000e+00
19  1.3440947793e+03  0.0000000000e+00
20  1.0529538801e+03  0.0000000000e+00
21  8.3049101012e+02  0.0000000000e+00
22  6.6036621747e+02  0.0000000000e+00
23  5.2797150896e+02  0.0000000000e+00
24  4.2175924937e+02  0.0000000000e+00
25  3.3546061091e+02  0.0000000000e+00
26  2.6695795994e+02  0.0000000000e+00
27  2.1400911684e+02  0.0000000000e+00
28  1.7491790486e+02  0.0000000000e+00
29  1.4711826179e+02  0.0000000000e+00
30  1.2800138668e+02  0.0000000000e+00
31  1.1694639088e+02  0.0000000000e+00
