0  5.1987822479e+07 -6.7277338764e-12
1  4.8906433829e+07 -1.5892907345e-11
2  3.1711218392e+07  2.2310049180e-11
3  2.3640458981e+07 -1.2396874053e-12
4  1.8235029523e+07  1.0414814937e-12
5  1.3901166262e+07 -4.6479982599e-12
6  1.0849479103e+07  6.6936431602e-13
7  8.6738651141e+06  3.7128226688e-12
8  6.6834831467e+06 -4.2068854947e-13
9  5.2377949080e+06 -1.6597906388e-12
10  4.1245738194e+06  1.5796009584e-12
11  3.2565006358e+06 -7.0866590085e-13
12  2.5572729836e+06  9.1369094314e-13
13  1.9725362385e+06  5.1018480886e-13
14  1.5157541137e+06 -4.4840949181e-13
15  1.1775237185e+06 -4.2237012929e-14
16  8.9747843007e+05  3.0123936772e-14
17  6.9959170143e+05  2.4058112733e-13
18  5.3921668313e+05 -4.7065604568e-13
19  4.1732698840e+05  2.5952100760e-14
20  3.1916707541e+05 -9.0781781247e-14
21  2.4033683762e+05 -1.1710610737e-14
22  1.8819594045e+05  1.0314089999e-14
23  1.4669668227e+05  7.3338122288e-14
24  1.1502605817e+05  2.2846756099e-14
25  8.9879004873e+04  7.6275890732e-15
26  7.3250276467e+04 -7.2072997852e-15
27  5.8584683864e+04 -3.1052200530e-14
28  4.9021118473e+04  3.5301863889e-14
29  4.1395021990e+04  6.3181467565e-15
30  3.5908758049e+04 -1.1226691388e-14
31  3.3130627425e+04  1.9832257638e-14
