0  5.1425979953e+07 -1.3180801507e-12
1  6.0243704526e+07 -5.0775012171e-12
2  3.5730861079e+07 -2.0606319083e-11
3  2.6832452913e+07  2.9621766270e-12
4  2.0957345665e+07 -7.2907696968e-13
5  1.6808452685e+07 -7.2764182419e-12
6  1.3935911106e+07  2.7236859518e-12
7  1.1153047407e+07 -6.0303346863e-13
8  9.1594807977e+06 -1.1063111810e-12
9  7.4574177673e+06 -2.5963426640e-12
10  6.0158233212e+06 -1.1090107968e-12
11  4.8951474074e+06  1.5248654304e-12
12  3.9674442355e+06  4.9569790199e-14
13  3.2776589357e+06  2.6546587590e-13
14  2.6477035628e+06  3.6913876793e-13
15  2.1570208768e+06 -1.7261948935e-12
16  1.7648891062e+06  1.1661068086e-12
17  1.4682558223e+06 -9.5247850679e-13
18  1.2259077271e+06  1.2281897016e-14
19  1.0014642719e+06 -2.9777551471e-13
20  7.9523980319e+05  9.0551715713e-14
21  6.5426023580e+05  2.7519623192e-13
22  5.3976000697e+05  2.0421900143e-13
23  4.4431062200e+05  1.7038209102e-13
24  3.6800858089e+05  3.3747456428e-13
25  3.1045543118e+05  1.1502249890e-13
26  2.5795579327e+05 -2.5141560851e-13
27  2.1961026155e+05 -2.1017675835e-13
28  1.8422848461e+05  1.3494314706e-13
29  1.5804030311e+05  5.7925751737e-14
30  1.4102116668e+05  8.8533466623e-14
31  1.3057663553e+05  5.4852237224e-14
