0  9.4312365197e+04  0.0000000000e+00
1  9.6684410759e+04  0.0000000000e+00
2  7.2539374834e+04  0.0000000000e+00
3  5.7803328233e+04  0.0000000000e+00
4  4.6219413683e+04  0.0000000000e+00
5  3.7113984950e+04  0.0000000000e+00
6  2.9879464790e+04  0.0000000000e+00
7  2.4035479491e+04  0.0000000000e+00
8  1.9200648311e+04  0.0000000000e+00
9  1.5243301868e+04  0.0000000000e+00
10  1.2087252098e+04  0.0000000000e+00
11  9.6193301232e+03  0.0000000000e+00
12  7.6785234290e+03  0.0000000000e+00
13  6.1349387996e+03  0.0000000000e+00
14  4.8961129334e+03  0.0000000000e+00
15  3.9184518466e+03  0.0000000000e+00
16  3.1374244202e+03  0.0000000000e+00
17  2.5151461463e+03  0.0000000000e+00
18  2.0117388131e+03  0.0000000000e+00
19  1.6052165433e+03  0.0000000000e+00
20  1.2848970714e+03  0.0000000000e+00
21  1.0281570847e+03  0.0000000000e+00
22  8.2276164663e+02  0.0000000000e+00
23  6.5791717308e+02  0.0000000000e+00
24  5.2778115740e+02  0.0000000000e+00
25  4.2456630625e+02  0.0000000000e+00
26  3.4230791609e+02  0.0000000000e+00
27  2.7917378009e+02  0.0000000000e+00
28  2.3196739566e+02  0.0000000000e+00
29  1.9837965557e+02  0.0000000000e+00
30  1.7525478667e+02  0.0000000000e+00
31  1.6107818294e+02  0.0000000000e+00
