0 -9.0511454473e+01 -8.6822782918e-16
1  1.7616071068e+04  2.1398131714e-15
2  1.1570789941e+04 -2.0994177466e-16
3  9.1396654898e+03  1.6730563010e-15
4  7.1066361092e+03 -2.0417471907e-15
5  5.5659634442e+03  6.7316191184e-16
6  4.3741935392e+03 -8.7768474027e-16
7  3.4342982950e+03 -6.5177861802e-17
8  2.6964864840e+03 -1.3761557682e-15
9  2.1219712080e+03 -7.2433598968e-16
10  1.6640017881e+03 -4.8104144569e-16
11  1.3133630577e+03  8.0132302601e-16
12  1.0387786164e+03 -6.4875947496e-17
13  8.2172793512e+02 -4.7686896139e-17
14  6.5160144834e+02 -1.7154847108e-16
15  5.1724660022e+02  2.2185682831e-16
16  4.1167516267e+02  8.9023956850e-17
17  3.2909339534e+02  2.4533906977e-16
18  2.6251029451e+02  8.1183449313e-17
19  2.0970486322e+02 -9.5856812817e-17
20  1.6813603883e+02  5.1600505993e-17
21  1.3510841336e+02 -8.3624862965e-17
22  1.0786779844e+02 -3.1278544462e-17
23  8.6135547191e+01 -1.0039087430e-17
24  6.8336229731e+01 -1.7330611738e-17
25  5.3592769805e+01  8.9024221548e-18
26  4.1627773212e+01  1.6848385293e-17
27  3.1818759243e+01 -5.0829388374e-18
28  2.3526120010e+01  6.6696433058e-18
29  1.6373425617e+01  4.2874160812e-18
30  1.0149573410e+01 -8.8536118812e-19
31  4.3764067049e+00 -1.8401790779e-18
