0  6.7324633460e+07  6.3553269719e-12
1  6.5306108890e+07 -2.0517741292e-11
2  4.0769607838e+07  2.9202033296e-11
3  3.1308455193e+07 -2.3195757296e-11
4  2.4347990488e+07  1.6435975830e-12
5  1.9241115435e+07 -9.5689293412e-13
6  1.4844201632e+07  1.4557313409e-12
7  1.1771737722e+07 -5.8203091862e-12
8  9.0683775524e+06 -7.9957690764e-12
9  7.0213914339e+06  4.3297736520e-12
10  5.5763251260e+06  1.4067096251e-12
11  4.2586737219e+06  2.2025346440e-12
12  3.2556190181e+06  8.6971574444e-13
13  2.4353524698e+06  2.2315670889e-12
14  1.8591800542e+06  1.2411077144e-13
15  1.4060423138e+06 -1.4022457418e-12
16  1.1178374380e+06 -1.3268264544e-13
17  8.5498781161e+05 -4.9436968563e-13
18  6.6209971138e+05 -8.6015600698e-14
19  4.9790393092e+05  3.7523937035e-13
20  3.7647253760e+05  2.3801667088e-13
21  2.8202955404e+05 -6.5671275888e-14
22  2.1123497021e+05  2.4183433869e-14
23  1.6233337706e+05 -3.8618462778e-14
24  1.1686992315e+05 -3.1246006826e-14
25  8.8083321589e+04 -1.4895530040e-14
26  6.8477225466e+04 -2.8088481572e-14
27  5.4396371999e+04  1.3952955811e-15
28  4.2516184190e+04  1.6029161502e-14
29  3.5351113436e+04 -2.7556479918e-14
30  2.9994719915e+04 -4.0155973237e-15
31  2.6238765679e+04  1.8543178020e-14
