0  9.4988733694e+04  0.0000000000e+00
1  9.7200959623e+04  0.0000000000e+00
2  7.2766853896e+04  0.0000000000e+00
3  5.7471872938e+04  0.0000000000e+00
4  4.5158528220e+04  0.0000000000e+00
5  3.5324787135e+04  0.0000000000e+00
6  2.7603404713e+04  0.0000000000e+00
7  2.1620532744e+04  0.0000000000e+00
8  1.6988245830e+04  0.0000000000e+00
9  1.3368910673e+04  0.0000000000e+00
10  1.0497887241e+04  0.0000000000e+00
11  8.2432556047e+03  0.0000000000e+00
12  6.4826536885e+03  0.0000000000e+00
13  5.1037271764e+03  0.0000000000e+00
14  4.0227514377e+03  0.0000000000e+00
15  3.1635397652e+03  0.0000000000e+00
16  2.4825968481e+03  0.0000000000e+00
17  1.9411915537e+03  0.0000000000e+00
18  1.5179400718e+03  0.0000000000e+00
19  1.1833643785e+03  0.0000000000e+00
20  9.1950079121e+02  0.0000000000e+00
21  7.1305777484e+02  0.0000000000e+00
22  5.5224448447e+02  0.0000000000e+00
23  4.2638395338e+02  0.0000000000e+00
24  3.3055573784e+02  0.0000000000e+00
25  2.5757861743e+02  0.0000000000e+00
26  2.0090590256e+02  0.0000000000e+00
27  1.5814915487e+02  0.0000000000e+00
28  1.2785249994e+02  0.0000000000e+00
29  1.0673192575e+02  0.0000000000e+00
30  9.2682992916e+01  0.0000000000e+00
31  8.4568101469e+01  0.0000000000e+00
