0  1.0435515593e+05  0.0000000000e+00
1  1.0662897049e+05  0.0000000000e+00
2  8.1852889980e+04  0.0000000000e+00
3  6.5620778845e+04  0.0000000000e+00
4  5.1958328536e+04  0.0000000000e+00
5  4.1071921334e+04  0.0000000000e+00
6  3.2522735470e+04  0.0000000000e+00
7  2.5701245649e+04  0.0000000000e+00
8  2.0351430798e+04  0.0000000000e+00
9  1.6132138547e+04  0.0000000000e+00
10  1.2759985589e+04  0.0000000000e+00
11  1.0072737110e+04  0.0000000000e+00
12  7.9871967202e+03  0.0000000000e+00
13  6.3314579152e+03  0.0000000000e+00
14  5.0284728235e+03  0.0000000000e+00
15  4.0088190229e+03  0.0000000000e+00
16  3.2084880958e+03  0.0000000000e+00
17  2.5698866274e+03  0.0000000000e+00
18  2.0481169316e+03  0.0000000000e+00
19  1.6232985855e+03  0.0000000000e+00
20  1.2896634574e+03  0.0000000000e+00
21  1.0279244643e+03  0.0000000000e+00
22  8.1668561421e+02  0.0000000000e+00
23  6.4988530111e+02  0.0000000000e+00
24  5.1763961079e+02  0.0000000000e+00
25  4.1102955049e+02  0.0000000000e+00
26  3.2511962019e+02  0.0000000000e+00
27  2.6000215799e+02  0.0000000000e+00
28  2.1271891353e+02  0.0000000000e+00
29  1.7905202160e+02  0.0000000000e+00
30  1.5734713629e+02  0.0000000000e+00
31  1.4571422668e+02  0.0000000000e+00
