0  5.5535066111e+07 -1.1772493065e-11
1  5.6263159659e+07 -5.4118306733e-12
2  3.4677285217e+07 -9.3009849223e-12
3  2.6613762819e+07 -6.5603695694e-12
4  2.1221390676e+07  1.3236220156e-12
5  1.6737044602e+07 -1.1074750134e-11
6  1.2756309527e+07 -5.9283815347e-12
7  1.0007979873e+07 -5.3527222513e-12
8  7.6191381044e+06  4.8237955678e-12
9  5.8335198529e+06 -2.4016316720e-13
10  4.5711873751e+06  6.8371736208e-13
11  3.5351256846e+06  7.6959473375e-13
12  2.8481708399e+06  1.2580271336e-12
13  2.2390762324e+06  4.6685556975e-13
14  1.7853277305e+06  6.7304215818e-13
15  1.3632171813e+06  4.3390236165e-13
16  1.0578045812e+06 -3.4889464538e-14
17  8.2876425269e+05  3.2465400366e-13
18  6.4255852610e+05  1.7485392885e-13
19  4.8661624228e+05 -7.4605024627e-14
20  3.7589257126e+05  3.9459616738e-14
21  2.9617924036e+05  3.6905320262e-14
22  2.3678780538e+05 -1.2833236918e-13
23  1.8298736614e+05  4.2063143524e-14
24  1.4416071723e+05  6.3807355785e-15
25  1.1497375942e+05  3.6521149010e-17
26  9.0428828745e+04 -1.4424581754e-15
27  7.3572278594e+04  4.9110291207e-14
28  6.0125339775e+04 -3.9677028914e-14
29  4.9589826225e+04  2.4788321425e-14
30  4.3569845270e+04  2.0932949421e-14
31  3.9280660176e+04  1.6414108381e-14
