0  9.3797738413e+04  0.0000000000e+00
1  9.7018565494e+04  0.0000000000e+00
2  7.3352068978e+04  0.0000000000e+00
3  5.8430570477e+04  0.0000000000e+00
4  4.6455054519e+04  0.0000000000e+00
5  3.7007894235e+04  0.0000000000e+00
6  2.9539357812e+04  0.0000000000e+00
7  2.3582629527e+04  0.0000000000e+00
8  1.8856727577e+04  0.0000000000e+00
9  1.5146286347e+04  0.0000000000e+00
10  1.2139201685e+04  0.0000000000e+00
11  9.6958319560e+03  0.0000000000e+00
12  7.7634915589e+03  0.0000000000e+00
13  6.1949759151e+03  0.0000000000e+00
14  4.9030734021e+03  0.0000000000e+00
15  3.8660785772e+03  0.0000000000e+00
16  3.0389482352e+03  0.0000000000e+00
17  2.3869275544e+03  0.0000000000e+00
18  1.8734056573e+03  0.0000000000e+00
19  1.4660800141e+03  0.0000000000e+00
20  1.1494195891e+03  0.0000000000e+00
21  9.0557457273e+02  0.0000000000e+00
22  7.1885949452e+02  0.0000000000e+00
23  5.7301656047e+02  0.0000000000e+00
24  4.5721783176e+02  0.0000000000e+00
25  3.6577198894e+02  0.0000000000e+00
26  2.9553594989e+02  0.0000000000e+00
27  2.4295450328e+02  0.0000000000e+00
28  2.0346583652e+02  0.0000000000e+00
29  1.7519453013e+02  0.0000000000e+00
30  1.5601249091e+02  0.0000000000e+00
31  1.4373063703e+02  0.0000000000e+00
