0  7.6391615297e+00 -1.5318133453e-15
1  1.7988590285e+04 -2.2678172139e-15
2  1.1860350804e+04 -5.9223938043e-15
3  9.4336473355e+03 -1.6314559719e-15
4  7.3941519450e+03  9.9162433009e-16
5  5.8347367645e+03  6.5528692261e-17
6  4.5893287666e+03  9.3917065016e-16
7  3.6133810516e+03 -6.9731579748e-16
8  2.8450632682e+03 -2.8540584575e-16
9  2.2419010298e+03  5.4868475570e-16
10  1.7621815948e+03 -2.9316826744e-16
11  1.3913740575e+03 -1.1487122017e-16
12  1.0964906540e+03  3.1560712312e-16
13  8.6255093839e+02  1.9016355534e-16
14  6.7692690991e+02 -2.4540659417e-16
15  5.3620606209e+02 -9.2222406198e-17
16  4.2468662323e+02  4.2802787698e-16
17  3.3759335390e+02 -4.9949400551e-17
18  2.6993558776e+02  1.1976389424e-16
19  2.1583642725e+02 -2.1294831810e-17
20  1.7269539572e+02  6.4686317995e-17
21  1.3767647789e+02 -7.8102843424e-17
22  1.0956095136e+02 -3.3874753385e-17
23  8.7311038469e+01  1.8043919359e-18
24  6.9073403979e+01 -3.9668220516e-17
25  5.4479085741e+01 -1.3693558142e-17
26  4.2401039629e+01 -1.0511255359e-17
27  3.2403812650e+01 -8.7994547121e-18
28  2.4095859967e+01  7.1101004384e-18
29  1.7183915392e+01  1.0512208271e-18
30  1.1026762486e+01  3.8159893065e-18
31  5.5786455807e+00  2.3166351107e-19
