0  9.1663535307e+04  0.0000000000e+00
1  9.3330641831e+04  0.0000000000e+00
2  6.8608241155e+04  0.0000000000e+00
3  5.3440628029e+04  0.0000000000e+00
4  4.1581105055e+04  0.0000000000e+00
5  3.2401724381e+04  0.0000000000e+00
6  2.5320245248e+04  0.0000000000e+00
7  1.9720036431e+04  0.0000000000e+00
8  1.5350315522e+04  0.0000000000e+00
9  1.1916384413e+04  0.0000000000e+00
10  9.2305589204e+03  0.0000000000e+00
11  7.1418936461e+03  0.0000000000e+00
12  5.5450243597e+03  0.0000000000e+00
13  4.3184957890e+03  0.0000000000e+00
14  3.3654738514e+03  0.0000000000e+00
15  2.6303330049e+03  0.0000000000e+00
16  2.0553476042e+03  0.0000000000e+00
17  1.6014415023e+03  0.0000000000e+00
18  1.2438051166e+03  0.0000000000e+00
19  9.6573577599e+02  0.0000000000e+00
20  7.5021736439e+02  0.0000000000e+00
21  5.8404126161e+02  0.0000000000e+00
22  4.5423739974e+02  0.0000000000e+00
23  3.5193867647e+02  0.0000000000e+00
24  2.7085129301e+02  0.0000000000e+00
25  2.0769642520e+02  0.0000000000e+00
26  1.5999337140e+02  0.0000000000e+00
27  1.2496852207e+02  0.0000000000e+00
28  9.9776814242e+01  0.0000000000e+00
29  8.1678681964e+01  0.0000000000e+00
30  6.9595320084e+01  0.0000000000e+00
31  6.2535846601e+01  0.0000000000e+00
