0  5.3666091464e+07  3.2549977019e-12
1  5.9978775795e+07  1.6789701844e-11
2  3.5241905461e+07  4.8123797031e-12
3  2.6692979475e+07 -1.1313372289e-12
4  2.0769497753e+07  1.4110096051e-11
5  1.6554176838e+07  1.3899892161e-12
6  1.3103035899e+07  1.9962593259e-12
7  1.0336052988e+07  3.8712746684e-13
8  8.3403674300e+06  9.3079096013e-14
9  6.5124332815e+06 -2.6208041215e-12
10  5.1537085948e+06 -3.3609372082e-12
11  4.1578279994e+06  8.6586456745e-13
12  3.3480973535e+06 -5.8574928232e-13
13  2.6945594337e+06 -1.2742710728e-12
14  2.1021976779e+06  6.5475535433e-13
15  1.6631106238e+06  4.8154947108e-13
16  1.3245383968e+06  1.9132105582e-13
17  1.0734245903e+06 -4.3340629367e-15
18  8.3313425489e+05  8.7242181544e-13
19  6.4845678702e+05 -3.6386475095e-13
20  5.1793941418e+05 -2.2948832648e-13
21  4.0855289907e+05  2.4344312510e-13
22  3.2437373618e+05  1.5895222090e-13
23  2.5916363130e+05  1.0582176544e-13
24  2.0458564680e+05 -4.8603265040e-14
25  1.6178327071e+05 -1.3427747044e-13
26  1.3020035534e+05 -8.9158188917e-14
27  1.0772733969e+05 -6.4942279202e-14
28  8.9705433809e+04 -3.7210434796e-14
29  7.4629372021e+04 -2.7242543665e-14
30  6.4275299800e+04  4.0510961016e-15
31  5.9076418064e+04 -4.3067961189e-14
