0  1.0075501539e+05  0.0000000000e+00
1  1.0278156474e+05  0.0000000000e+00
2  7.8015034114e+04  0.0000000000e+00
3  6.2290130700e+04  0.0000000000e+00
4  4.9410335382e+04  0.0000000000e+00
5  3.9364278758e+04  0.0000000000e+00
6  3.1403431043e+04  0.0000000000e+00
7  2.4950098181e+04  0.0000000000e+00
8  1.9706441090e+04  0.0000000000e+00
9  1.5446926254e+04  0.0000000000e+00
10  1.2101773965e+04  0.0000000000e+00
11  9.4485746553e+03  0.0000000000e+00
12  7.3672123025e+03  0.0000000000e+00
13  5.7274601809e+03  0.0000000000e+00
14  4.4257386334e+03  0.0000000000e+00
15  3.4268690966e+03  0.0000000000e+00
16  2.6551352987e+03  0.0000000000e+00
17  2.0473029632e+03  0.0000000000e+00
18  1.5769230093e+03  0.0000000000e+00
19  1.2212315904e+03  0.0000000000e+00
20  9.5465099976e+02  0.0000000000e+00
21  7.5025006429e+02  0.0000000000e+00
22  5.9023222647e+02  0.0000000000e+00
23  4.6510840880e+02  0.0000000000e+00
24  3.6622551131e+02  0.0000000000e+00
25  2.8952023020e+02  0.0000000000e+00
26  2.2986876666e+02  0.0000000000e+00
27  1.8487856041e+02  0.0000000000e+00
28  1.5153757406e+02  0.0000000000e+00
29  1.2745660022e+02  0.0000000000e+00
30  1.1139080481e+02  0.0000000000e+00
31  1.0215719299e+02  0.0000000000e+00
