0  5.6111261752e+07  7.3563751912e-12
1  6.0169750717e+07  1.0730535955e-11
2  3.5040277696e+07  1.7986771560e-11
3  2.6460277889e+07  7.8454564450e-12
4  1.9877835500e+07 -5.9799107408e-12
5  1.5601769618e+07  6.9228726808e-12
6  1.2373818371e+07  1.2113809802e-12
7  9.7858840703e+06 -4.1798315281e-15
8  7.5440407718e+06 -7.5248132602e-13
9  5.9016726692e+06 -1.6688292307e-12
10  4.4918395680e+06  2.0108951067e-13
11  3.6052040897e+06  1.3957574774e-12
12  2.7927364780e+06  1.1375982862e-12
13  2.2272149731e+06  3.2705792864e-13
14  1.7464776786e+06 -3.3702421066e-13
15  1.3798022376e+06 -6.2568816575e-14
16  1.0526224865e+06 -5.0620767748e-13
17  8.3954179134e+05  2.0318461175e-13
18  6.7318646462e+05  5.5879043000e-14
19  5.3588638370e+05 -1.3908405448e-13
20  4.2402853460e+05  1.6920978392e-13
21  3.3359721073e+05  4.9627120555e-14
22  2.5832952693e+05  1.3651757824e-14
23  2.0330622286e+05 -3.7666766444e-14
24  1.6583147335e+05 -7.5600151669e-14
25  1.3122324887e+05 -3.1294499249e-14
26  1.0526719063e+05 -2.7490220414e-14
27  8.7078347114e+04  3.4080538233e-14
28  7.1750389398e+04  3.2546206156e-14
29  6.0367176609e+04  3.9655256106e-14
30  5.3369355985e+04 -6.8104922291e-15
31  4.8245645766e+04 -1.8368303504e-14
