0  4.6708411359e+07  1.7900018985e-11
1  5.1025151128e+07 -2.0624717549e-11
2  2.9465678585e+07 -1.0810102215e-11
3  2.2204886175e+07 -2.3169533232e-12
4  1.7235191793e+07 -1.0038299445e-11
5  1.3822790873e+07  2.0801795865e-12
6  1.0661337431e+07 -2.7772548893e-12
7  8.3242946159e+06  3.4209446161e-12
8  6.6251112041e+06  4.6624715587e-12
9  5.2741765097e+06  7.0868080041e-13
10  4.2441042517e+06 -2.6365325108e-12
11  3.2555716841e+06  3.1543348139e-12
12  2.5598952954e+06 -4.8637991348e-13
13  2.0122123632e+06  7.7382340472e-13
14  1.5602140876e+06  4.5884407222e-13
15  1.2023236073e+06 -5.1488201694e-13
16  9.2550255493e+05 -6.9530653006e-13
17  7.1634436223e+05 -2.9829224668e-15
18  5.4662810421e+05  7.1603617804e-13
19  4.1289893983e+05  4.3950410573e-14
20  3.1290444480e+05  1.8656240145e-14
21  2.4199189052e+05  9.5829612658e-14
22  1.8967707986e+05 -4.1965794037e-14
23  1.4743765400e+05 -8.5632221128e-14
24  1.1472745740e+05 -1.1375702638e-13
25  8.8090439398e+04 -1.1258118074e-15
26  7.0746903006e+04  1.8981690504e-15
27  5.5829156296e+04 -2.3972617244e-14
28  4.4576514128e+04 -1.4120114529e-14
29  3.6953934851e+04 -2.7153868707e-15
30  3.1775234289e+04  2.9917448715e-14
31  2.9370113183e+04 -3.0804872032e-14
