0  5.0901009307e+07  1.8051338829e-11
1  5.4614095013e+07 -4.2704001376e-11
2  3.0649702062e+07 -1.5466010427e-11
3  2.3387224707e+07 -1.4615833782e-11
4  1.7607600204e+07 -4.7079127020e-12
5  1.3986295378e+07 -3.7313425996e-12
6  1.1134603840e+07 -2.5052562326e-12
7  8.7208669015e+06  9.2779036084e-13
8  6.8183645960e+06  1.2585117956e-12
9  5.3392270772e+06 -3.8013777347e-12
10  4.1361840471e+06 -1.6829328536e-12
11  3.2677010669e+06  8.8520524263e-13
12  2.5743782138e+06 -2.6477315973e-12
13  1.9645074220e+06  1.5995322012e-14
14  1.5688172693e+06  1.2253705578e-13
15  1.1905351905e+06 -9.1871469616e-13
16  9.3176440025e+05 -8.8297268151e-13
17  7.3247544566e+05  5.3400249049e-13
18  5.6892542617e+05  5.4678256381e-14
19  4.6187224843e+05 -1.1975900969e-13
20  3.6196705716e+05 -1.0936943195e-14
21  2.7860392653e+05 -9.7983601096e-14
22  2.2311307664e+05 -5.2755248607e-14
23  1.8077904814e+05 -8.5600581449e-14
24  1.4253313197e+05 -1.4836152496e-13
25  1.1556802985e+05 -2.7979812228e-14
26  9.4736544631e+04  3.6516841384e-14
27  7.6053126307e+04 -8.3459855153e-14
28  6.3145003348e+04  6.3264097190e-14
29  5.3140607891e+04 -4.7835912363e-15
30  4.6311395152e+04  9.9153654157e-15
31  4.2701096601e+04  4.4856256952e-16
