0 -2.1401980844e+02  1.1035670397e-15
1  1.7827232682e+04 -1.0612073455e-15
2  1.1610293783e+04 -1.9262147555e-15
3  9.0897905626e+03  4.5673692582e-15
4  7.0079491286e+03 -3.1081018496e-15
5  5.4464304512e+03  2.0691077314e-15
6  4.2186910733e+03  9.8023268986e-16
7  3.2554963395e+03 -8.4483849665e-16
8  2.4928070206e+03 -1.3973775699e-15
9  1.9222328239e+03  1.9548991027e-16
10  1.4675779274e+03  8.9036609404e-16
11  1.1209030264e+03 -3.2044442241e-16
12  8.5154293432e+02 -3.0476139563e-16
13  6.4942094519e+02  2.7234173897e-17
14  4.9768997461e+02  2.3418745750e-16
15  3.7963570988e+02  2.9194499305e-16
16  2.9224188738e+02 -3.5514423882e-16
17  2.2425439240e+02 -9.9093431587e-17
18  1.7221091403e+02 -9.3707254955e-17
19  1.3334877486e+02 -8.2538119694e-17
20  1.0383426908e+02  4.9772503014e-17
21  8.0331567752e+01  9.8785217474e-20
22  6.2033932969e+01  5.3360958095e-18
23  4.8038120755e+01 -3.1963847056e-18
24  3.7089581528e+01  1.7417114978e-19
25  2.8173859510e+01  4.2863043505e-18
26  2.1173274840e+01  1.0410564317e-18
27  1.5814309449e+01  9.2188948397e-19
28  1.1326655358e+01 -1.0172865697e-18
29  7.7552545797e+00 -1.9007419336e-18
30  4.6929691008e+00  9.6561755987e-20
31  2.0065138920e+00  6.9615520352e-20
