0  5.2894852470e+07 -1.8427499948e-11
1  5.3533409463e+07  1.2910012333e-11
2  3.1456505863e+07  1.6417632314e-11
3  2.3545387181e+07  5.8369063361e-13
4  1.7885762490e+07  4.5890792801e-12
5  1.3792995254e+07 -2.6219577938e-12
6  1.0630571526e+07  1.3956485502e-12
7  8.3642068051e+06  6.8444905061e-12
8  6.5477719844e+06  2.7551262640e-12
9  4.9603030544e+06  1.5809863064e-12
10  3.7829845275e+06  3.0508026522e-12
11  2.9077957394e+06  2.6288300435e-13
12  2.1838628929e+06 -1.0008477041e-12
13  1.6879019970e+06  4.7841787786e-13
14  1.2882630436e+06  6.7643245494e-13
15  9.6872305254e+05  1.5205314964e-13
16  7.3744517007e+05  2.1144422791e-13
17  5.8945129818e+05 -2.6072854712e-14
18  4.5748509645e+05  4.0052574923e-14
19  3.5696968410e+05  1.1912820989e-13
20  2.7498538408e+05  1.6400802299e-13
21  2.1708321602e+05 -2.1806519900e-13
22  1.7003918146e+05 -2.3743453977e-15
23  1.3289501292e+05 -1.0244208170e-13
24  1.0444461042e+05  1.6496187406e-15
25  8.2080107857e+04  6.2066417296e-15
26  6.2822188240e+04 -2.2823697097e-15
27  5.0045802492e+04 -2.1469701782e-14
28  3.8925350585e+04  1.7127292613e-14
29  3.1975218541e+04  9.0952003503e-15
30  2.7296444206e+04  1.8135478470e-14
31  2.5112327692e+04 -1.4686894567e-14
