0  5.4573256198e+07 -8.1320408375e-12
1  5.5716005854e+07 -1.4501212721e-11
2  3.4975622591e+07  2.7939178792e-11
3  2.5946067977e+07 -1.0883955762e-11
4  2.0213513347e+07 -5.4819915386e-12
5  1.4938321921e+07  7.7670990338e-12
6  1.1743468553e+07  3.1555422352e-12
7  9.0474988015e+06  5.8347436187e-12
8  7.0726992678e+06 -3.6936547432e-13
9  5.4459036028e+06 -3.8708959410e-12
10  4.2086236587e+06 -1.5516315886e-12
11  3.3531078748e+06 -5.9456463705e-13
12  2.5458762402e+06  2.9146754523e-13
13  1.9282416782e+06  4.8721789888e-13
14  1.4750878690e+06 -3.1880042915e-13
15  1.1083055778e+06 -1.1258004565e-12
16  8.2916536693e+05 -4.3069070827e-13
17  6.2928967135e+05 -1.6603676694e-13
18  4.6133047519e+05 -3.6560450104e-14
19  3.5034382768e+05 -6.6505196093e-14
20  2.5798699186e+05  1.5899484737e-13
21  1.9714049123e+05  2.0367511466e-13
22  1.4796223832e+05  7.2333925645e-14
23  1.1399581439e+05 -1.9803197091e-13
24  8.9451611284e+04 -1.3695378716e-13
25  7.2246763188e+04 -5.3920328044e-14
26  5.6549074080e+04  6.4745402908e-14
27  4.5676606622e+04 -2.7688144268e-14
28  3.6401688799e+04  4.2561979567e-14
29  2.9862343329e+04 -1.8055170250e-14
30  2.4058567281e+04 -1.8523436595e-14
31  2.1903044169e+04 -1.6358118065e-14
