0  4.6800044959e+07  1.0147886669e-11
1  4.7329819986e+07 -6.9990046963e-12
2  2.8052538520e+07 -7.2687685230e-12
3  2.0715381930e+07  3.1329136822e-12
4  1.5821903178e+07  1.6437414114e-12
5  1.2617794168e+07  2.6051908110e-12
6  1.0157554677e+07 -6.9780145856e-12
7  8.0738691900e+06  1.1693882907e-13
8  6.4216657852e+06  1.0399096672e-12
9  5.0974274610e+06  2.0312502818e-12
10  4.0134490093e+06  1.7593618427e-13
11  3.2146195420e+06  2.5713454661e-12
12  2.4629667511e+06 -1.1744348520e-12
13  1.9725181627e+06 -7.5190229209e-13
14  1.5409337660e+06 -4.1280886158e-13
15  1.2092578858e+06 -1.6917530882e-13
16  9.5518855577e+05  3.9626239576e-13
17  7.5015021090e+05  1.6119992883e-14
18  5.7673017253e+05  8.5693223878e-14
19  4.5224829577e+05 -1.3091637293e-13
20  3.5113351622e+05  1.8710641739e-15
21  2.6707757610e+05 -1.1703809739e-13
22  2.0791929308e+05  2.2254963088e-14
23  1.6520638806e+05 -8.7423012748e-15
24  1.2771051992e+05 -1.7777977460e-13
25  1.0080075963e+05  5.9402912118e-15
26  8.0051947516e+04  3.4047805627e-14
27  6.4914344116e+04  1.6397910267e-15
28  5.1390188692e+04  1.3505960855e-14
29  4.3502972918e+04  1.5398531471e-14
30  3.7525154415e+04  1.8806305645e-14
31  3.4214200820e+04 -2.6394290295e-14
