0  5.4263170504e+07 -2.6492988002e-11
1  5.8211512449e+07  1.0153976225e-11
2  3.5405212700e+07 -1.0465772961e-11
3  2.6675877256e+07 -2.6551937034e-12
4  2.0940179487e+07  1.1793114174e-12
5  1.6228255816e+07  8.9908026884e-12
6  1.2621021743e+07  5.9267053332e-12
7  9.9584568296e+06  1.7086059281e-12
8  7.9912683026e+06 -1.4242234978e-12
9  6.2695311034e+06 -5.5222175448e-13
10  4.9793574965e+06 -1.1862136609e-13
11  3.9164368513e+06  9.9531585488e-13
12  3.0570051387e+06 -2.6953792740e-12
13  2.4308492952e+06  3.8754618201e-13
14  1.9090713993e+06 -1.5187027099e-12
15  1.5027913809e+06  4.6876620577e-13
16  1.1586242226e+06 -4.6828077415e-13
17  8.9685962361e+05 -1.3091735660e-13
18  6.9992888527e+05  5.3484125731e-13
19  5.6670299216e+05  2.9242370281e-13
20  4.4935510160e+05  6.5593423948e-14
21  3.6270343116e+05  2.2376002842e-14
22  2.8702114550e+05 -2.2774083598e-14
23  2.2924095723e+05 -9.5810621278e-14
24  1.8661989738e+05  3.1155493137e-14
25  1.5157756954e+05 -2.5501274325e-14
26  1.2193706779e+05  2.2965172524e-14
27  1.0171721279e+05  2.5958028308e-14
28  8.6001901070e+04 -1.9241642568e-14
29  7.2808842615e+04 -1.0115527733e-14
30  6.3910712630e+04 -9.8269697009e-16
31  6.1854803402e+04  1.1954942033e-14
