0  4.8170138294e+07 -6.7696560945e-12
1  5.2943204600e+07  6.9193526241e-13
2  3.1643775367e+07  4.2845328038e-12
3  2.3270713052e+07 -2.1214015869e-11
4  1.7431354945e+07 -1.1361901902e-12
5  1.3154676532e+07  3.9274244700e-12
6  9.9396935513e+06 -2.1444939145e-12
7  7.6415055149e+06 -2.9951694638e-12
8  5.9244306021e+06  3.0577034817e-13
9  4.7207109081e+06 -2.8794458195e-13
10  3.6942387487e+06 -6.3761712969e-13
11  2.8554078434e+06  2.3438810792e-13
12  2.1785456184e+06 -3.5398653421e-13
13  1.6429539465e+06 -5.0237608725e-13
14  1.2584734004e+06  3.9853988099e-13
15  9.5824804740e+05  2.3610757323e-13
16  7.1060202925e+05  5.9106650490e-14
17  5.4681429592e+05  8.6873205925e-14
18  4.1644472170e+05 -9.6887956016e-14
19  3.2248381045e+05  7.2734496886e-14
20  2.4066594646e+05  5.3793166936e-14
21  1.8021827810e+05 -1.2441878751e-13
22  1.3908011915e+05 -2.6120558942e-14
23  1.0587145347e+05  3.9255458749e-14
24  8.1080326906e+04 -3.2828742657e-14
25  6.3086924939e+04  1.2252920828e-15
26  4.9213254406e+04 -2.4677961068e-14
27  3.7432487992e+04  1.2226369844e-14
28  2.9214111609e+04  1.1031585331e-14
29  2.3473340259e+04  7.5017719374e-15
30  2.0336336724e+04  1.0252914247e-14
31  1.8324325448e+04 -2.2349345213e-15
