0  1.3361630693e+02 -4.8832249855e-15
1  1.8028626809e+04  8.5116117408e-17
2  1.1832610498e+04  1.8975321023e-15
3  9.3077082384e+03  2.5289562009e-15
4  7.2261512545e+03 -1.2045615574e-15
5  5.6751346824e+03  2.4414009463e-16
6  4.4935250111e+03 -1.6885302166e-15
7  3.5497065152e+03 -1.0954863454e-15
8  2.8190690347e+03 -2.6476515631e-15
9  2.2490540068e+03 -8.7477560562e-16
10  1.7905862561e+03 -3.9224613480e-17
11  1.4292132960e+03  9.4366834217e-16
12  1.1397751126e+03  7.3589534243e-17
13  9.1208020999e+02 -7.2226552352e-17
14  7.2890758000e+02 -2.1757137099e-16
15  5.8235051144e+02 -8.2563991256e-16
16  4.6596171226e+02 -1.3895871961e-16
17  3.7079080517e+02  1.4113951181e-16
18  2.9233477351e+02  3.8881776894e-17
19  2.2987440234e+02  1.5054448920e-16
20  1.7970977252e+02 -1.2498521708e-16
21  1.3953623775e+02 -5.5073764593e-17
22  1.0748183167e+02 -2.0183101067e-17
23  8.3395517808e+01  5.8858625439e-17
24  6.4357314630e+01  3.6884049688e-18
25  4.9443194324e+01  1.1159129684e-18
26  3.7749597541e+01  1.4982583469e-17
27  2.8353044468e+01  8.8047486680e-18
28  2.0850064913e+01  5.0872798812e-18
29  1.4695506449e+01 -2.6469779602e-18
30  9.5007075207e+00 -1.0776376671e-18
31  4.9118688582e+00  6.6343855594e-19
