0  2.6090785214e+01 -3.8179180005e-15
1  1.6627786043e+04  5.4251062667e-16
2  1.0754008946e+04 -2.3325826236e-16
3  8.3744084340e+03 -2.6455490156e-15
4  6.4031553318e+03  5.2602503618e-16
5  4.9176436079e+03  4.0729335747e-16
6  3.7973125038e+03 -1.9865995225e-15
7  2.9246502206e+03  6.7004181304e-16
8  2.2556191377e+03  2.6536859317e-16
9  1.7398674354e+03  6.0857422024e-16
10  1.3428031814e+03 -2.6097085105e-18
11  1.0408599250e+03 -1.5240568529e-16
12  8.0316567622e+02  1.2320030690e-16
13  6.1887962507e+02  2.6049857724e-16
14  4.8209802818e+02 -3.5057571368e-16
15  3.7568956518e+02 -1.1425193321e-16
16  2.9150088858e+02  1.0076452171e-16
17  2.2902973836e+02 -1.4604536783e-16
18  1.7901598400e+02  3.1645415607e-17
19  1.3905652911e+02 -7.9193610101e-17
20  1.0901553738e+02 -1.6452423860e-17
21  8.4842677113e+01  9.5115447230e-18
22  6.5855708928e+01  1.6478906875e-17
23  5.1094833775e+01 -1.7644066868e-17
24  3.9565579334e+01 -2.9176049868e-18
25  3.0583717400e+01 -5.2484278994e-18
26  2.3423129805e+01  5.2484278994e-19
27  1.7697248721e+01  2.5146290622e-18
28  1.3039768180e+01  3.6665938704e-19
29  9.1341629740e+00  5.2706625143e-19
30  5.7573261449e+00 -1.9799395142e-19
31  2.7717408391e+00  7.5354168570e-19
