0  4.4574492266e+02 -5.7904315769e-16
1  2.0716507121e+04  7.1419088549e-15
2  1.3761393464e+04 -1.4638117007e-15
3  1.0888016712e+04 -7.0807020424e-16
4  8.5482423709e+03  1.8946043329e-15
5  6.6954474227e+03  6.4333041729e-16
6  5.2233257485e+03 -5.3092872167e-17
7  4.1076175201e+03 -2.0710654363e-16
8  3.2225100604e+03 -2.9410932104e-16
9  2.5289299741e+03 -1.1782160534e-15
10  1.9946343575e+03 -2.4621511359e-16
11  1.5740631560e+03  4.9066098711e-16
12  1.2400409637e+03 -2.3902316859e-16
13  9.7921931089e+02  1.0391967709e-15
14  7.7121083325e+02 -3.1069962599e-17
15  6.0891464322e+02 -5.7095378128e-16
16  4.8191006526e+02 -3.2945521184e-16
17  3.7970177426e+02 -1.8335335750e-16
18  3.0251549473e+02 -1.1476767040e-17
19  2.4006588647e+02  1.1221153672e-16
20  1.9065737679e+02  1.6177138152e-18
21  1.5130155126e+02 -6.3471513930e-17
22  1.1981151061e+02 -2.5355084243e-17
23  9.4475530062e+01  5.9597238169e-18
24  7.4252702245e+01 -4.7015622529e-18
25  5.8516667841e+01  1.1035568753e-17
26  4.5555646204e+01 -8.5367156798e-18
27  3.5178556050e+01 -1.2038561642e-17
28  2.6652662064e+01  8.2363366209e-19
29  1.9319994005e+01  2.9175520473e-18
30  1.2906783956e+01 -2.5978500492e-18
31  7.0054842057e+00  1.2223479522e-18
