0  1.1891403775e+02  1.7493231476e-16
1  1.8268788965e+04 -2.1049848706e-15
2  1.2101875328e+04  3.0472454970e-15
3  9.6349428954e+03  2.8987034466e-16
4  7.5833267051e+03  3.4183213138e-15
5  6.0075126775e+03  8.9271915157e-16
6  4.7394107446e+03  1.1158637347e-15
7  3.7166498832e+03  1.2934622974e-15
8  2.8910845609e+03 -2.0626952684e-15
9  2.2515080212e+03  3.3501607843e-15
10  1.7592564491e+03  1.2860096780e-15
11  1.3626194836e+03  4.4593881217e-16
12  1.0548546170e+03  5.4071057578e-16
13  8.1726426257e+02  4.0664622430e-16
14  6.3267494055e+02 -3.2379777621e-16
15  4.9445457238e+02 -1.6424466479e-16
16  3.8478281026e+02  1.7538621854e-16
17  2.9929854853e+02  1.0191579831e-16
18  2.3290704111e+02 -1.5282973116e-16
19  1.8202589557e+02  1.1768728709e-16
20  1.4214605543e+02  5.1514320391e-17
21  1.1114294051e+02  6.8433909391e-18
22  8.6760274053e+01  2.1385993731e-18
23  6.7956197815e+01  4.4634401156e-18
24  5.2754956214e+01 -1.0088744737e-17
25  4.0701797696e+01  8.7798670752e-18
26  3.0983106356e+01  8.1592566227e-18
27  2.3462522223e+01 -5.1613952641e-18
28  1.7261013554e+01  6.4453913330e-18
29  1.2194529177e+01 -1.9246706144e-18
30  7.8412604024e+00  6.6687962729e-19
31  3.9829981502e+00  1.9566461082e-19
