0  4.7097833949e+07  3.2299328827e-12
1  4.7689363204e+07 -7.9685940366e-13
2  2.7814756379e+07  1.6723203583e-11
3  2.0457885854e+07 -8.3648703754e-12
4  1.5603549883e+07  4.9115946529e-12
5  1.2130900360e+07 -1.7978697495e-12
6  9.3759567613e+06 -3.1079185675e-12
7  7.3241756399e+06  4.7610976003e-12
8  5.6886374443e+06 -5.4078034291e-12
9  4.4481103120e+06  1.1120620912e-12
10  3.5119245328e+06  2.5703282335e-12
11  2.7095768885e+06  9.3163988259e-13
12  2.1229549496e+06  1.8161185176e-12
13  1.6627092273e+06  4.9520620083e-13
14  1.3093850270e+06  1.8148447030e-13
15  1.0242420503e+06  1.6380617720e-13
16  8.0608729390e+05 -2.6088777845e-13
17  6.2721848400e+05  3.3527345730e-13
18  4.7544194409e+05  9.6337973575e-14
19  3.6268254995e+05 -1.7160172505e-13
20  2.8482470769e+05  8.7880488206e-14
21  2.1657292305e+05  1.8542732300e-13
22  1.7353467178e+05  1.4707722289e-13
23  1.2955414200e+05  7.0090918100e-14
24  9.9019848422e+04 -2.4894415157e-14
25  7.5520200696e+04 -5.5002296301e-14
26  5.6073243124e+04 -8.8195924522e-15
27  4.4276945759e+04 -7.2148773171e-15
28  3.4920539247e+04  2.1212190776e-15
29  2.8422304258e+04  4.0625884883e-15
30  2.4765254667e+04 -1.8419037892e-15
31  2.1980492818e+04 -3.6633730243e-15
