0  4.6773333553e+07  2.6046629916e-11
1  4.8998332222e+07 -3.2872600154e-12
2  3.0056442141e+07 -1.6279824957e-11
3  2.2357123103e+07 -1.0596423797e-11
4  1.6971178135e+07 -1.9274478408e-12
5  1.3610642257e+07 -3.3233392518e-12
6  1.0904798277e+07  3.6621199649e-12
7  8.7139462261e+06 -9.1256833682e-12
8  6.7573088074e+06 -6.6672754802e-12
9  5.3039243443e+06 -4.7684294185e-12
10  4.2546573355e+06 -1.0264185234e-12
11  3.4574754859e+06  2.0384135680e-12
12  2.8171243822e+06  8.6417561042e-13
13  2.2944440431e+06 -5.4720221554e-13
14  1.7825068790e+06  5.4682090224e-13
15  1.4193849918e+06 -1.2448717851e-13
16  1.1268458701e+06 -4.1270130660e-13
17  9.0178198763e+05 -3.8201968229e-13
18  7.2758782906e+05 -2.1161402082e-13
19  5.8268301587e+05 -3.1084073089e-14
20  4.6077162563e+05 -3.1523819508e-14
21  3.5690075498e+05 -8.3170940844e-14
22  2.8226093134e+05 -1.7036611011e-14
23  2.2323330198e+05  7.5939103934e-14
24  1.8344364932e+05 -1.1947877686e-13
25  1.5086012467e+05 -1.0168304785e-14
26  1.2238591262e+05 -3.6291745952e-14
27  9.6915447571e+04  3.7615583797e-14
28  7.8580810169e+04  2.9495423376e-14
29  6.6064254906e+04 -1.7550558459e-14
30  5.8051887747e+04 -5.7620670177e-15
31  5.4289048604e+04 -1.3797988060e-14
