0  5.3873814841e+07  1.3969985935e-11
1  5.6698088468e+07 -2.2467332958e-12
2  3.6085532652e+07  6.2811013998e-12
3  2.7535518440e+07 -1.7675296755e-11
4  2.0720231071e+07  3.1565784890e-12
5  1.6524559393e+07 -1.1001522914e-13
6  1.2948650451e+07  1.1428467549e-12
7  9.9882068978e+06  1.1021716729e-12
8  7.9920844748e+06  2.0393016350e-12
9  6.2716411261e+06  3.6894931299e-13
10  4.9110731705e+06  2.0939098144e-12
11  3.8620878192e+06  2.1529987999e-12
12  3.0936949270e+06 -2.0043205906e-12
13  2.4288648925e+06  8.4957051206e-13
14  1.9064151968e+06 -3.0269074160e-13
15  1.4754638214e+06 -1.0167446608e-12
16  1.1378203454e+06 -5.1176790138e-13
17  8.8561003350e+05 -6.5256753582e-14
18  6.8498600547e+05  3.5144262273e-13
19  5.4091448210e+05  1.0979838895e-13
20  4.1464872965e+05 -1.2359378746e-13
21  3.3022345488e+05 -2.7874090621e-14
22  2.5453491990e+05 -3.7401735088e-13
23  2.0751076162e+05 -1.1910476611e-13
24  1.6432380284e+05 -2.7987712721e-14
25  1.3222175574e+05  4.9275084328e-14
26  1.0891255468e+05  4.0383485033e-14
27  9.1587426780e+04  3.1409610830e-14
28  7.8854981800e+04  2.5505439060e-15
29  7.0569399902e+04  5.9143951950e-14
30  6.4406144911e+04 -3.9767117443e-14
31  6.2465465919e+04 -1.2304513358e-14
