0  1.9651603830e+02 -2.8565648280e-15
1  1.8101169935e+04 -1.6538860396e-15
2  1.1793452259e+04  6.4786934921e-15
3  9.1972438924e+03  6.6320901001e-16
4  7.0799181538e+03 -1.3619887451e-16
5  5.4512145589e+03 -2.4195366966e-15
6  4.2050718403e+03 -7.1964956814e-16
7  3.2442500988e+03 -1.5042207441e-15
8  2.5166969808e+03 -4.6854167461e-16
9  1.9432190611e+03  5.0466646514e-17
10  1.5022167149e+03  9.5662736393e-16
11  1.1660028145e+03 -9.5849485982e-16
12  9.0658320864e+02  2.8331748602e-16
13  7.0293599954e+02 -5.3864307424e-17
14  5.4754635705e+02 -4.7398428481e-17
15  4.2473577194e+02 -2.8286315872e-16
16  3.3167673905e+02 -1.4305539446e-17
17  2.5883738451e+02 -6.3141012262e-17
18  2.0212120027e+02  1.1023053842e-16
19  1.5764457691e+02 -4.0469222517e-17
20  1.2290502026e+02  5.9334234439e-17
21  9.5270626995e+01 -1.5998175973e-17
22  7.4153591012e+01  1.6402422447e-17
23  5.7965816632e+01  3.8558104429e-17
24  4.5245233743e+01  2.6177341477e-17
25  3.5305362662e+01 -3.2388422321e-18
26  2.7284845047e+01  5.4860735807e-18
27  2.0803007588e+01  6.6417970977e-19
28  1.5424093340e+01  3.9978896319e-18
29  1.0810896126e+01 -6.9244943438e-20
30  6.9163040629e+00  2.3507811264e-18
31  3.4259224386e+00 -4.6883273631e-19
