0  9.9315363756e+04  0.0000000000e+00
1  1.0159197151e+05  0.0000000000e+00
2  7.6674461639e+04  0.0000000000e+00
3  6.0943061480e+04  0.0000000000e+00
4  4.8512771309e+04  0.0000000000e+00
5  3.8761409239e+04  0.0000000000e+00
6  3.1022014096e+04  0.0000000000e+00
7  2.4859182388e+04  0.0000000000e+00
8  1.9922590528e+04  0.0000000000e+00
9  1.5973154603e+04  0.0000000000e+00
10  1.2841500342e+04  0.0000000000e+00
11  1.0337496106e+04  0.0000000000e+00
12  8.2825570617e+03  0.0000000000e+00
13  6.6192425585e+03  0.0000000000e+00
14  5.3024504147e+03  0.0000000000e+00
15  4.2441291710e+03  0.0000000000e+00
16  3.3949609671e+03  0.0000000000e+00
17  2.7136513829e+03  0.0000000000e+00
18  2.1701831952e+03  0.0000000000e+00
19  1.7398639227e+03  0.0000000000e+00
20  1.3933925821e+03  0.0000000000e+00
21  1.1125241130e+03  0.0000000000e+00
22  8.8984751666e+02  0.0000000000e+00
23  7.1313137316e+02  0.0000000000e+00
24  5.7054760689e+02  0.0000000000e+00
25  4.5752321195e+02  0.0000000000e+00
26  3.6909640288e+02  0.0000000000e+00
27  3.0232602018e+02  0.0000000000e+00
28  2.5154232634e+02  0.0000000000e+00
29  2.1418807537e+02  0.0000000000e+00
30  1.8875102284e+02  0.0000000000e+00
31  1.7384687582e+02  0.0000000000e+00
