0  1.0216511822e+05  0.0000000000e+00
1  1.0401557908e+05  0.0000000000e+00
2  7.8756271017e+04  0.0000000000e+00
3  6.2350221556e+04  0.0000000000e+00
4  4.8922061595e+04  0.0000000000e+00
5  3.8317723338e+04  0.0000000000e+00
6  2.9956474926e+04  0.0000000000e+00
7  2.3393200767e+04  0.0000000000e+00
8  1.8268036385e+04  0.0000000000e+00
9  1.4300625220e+04  0.0000000000e+00
10  1.1205967493e+04  0.0000000000e+00
11  8.7539344205e+03  0.0000000000e+00
12  6.8536289399e+03  0.0000000000e+00
13  5.3668664652e+03  0.0000000000e+00
14  4.2012031695e+03  0.0000000000e+00
15  3.3010914468e+03  0.0000000000e+00
16  2.6047648977e+03  0.0000000000e+00
17  2.0488506314e+03  0.0000000000e+00
18  1.6150400992e+03  0.0000000000e+00
19  1.2793827204e+03  0.0000000000e+00
20  1.0170528333e+03  0.0000000000e+00
21  8.1066123689e+02  0.0000000000e+00
22  6.4749186541e+02  0.0000000000e+00
23  5.1821549389e+02  0.0000000000e+00
24  4.1569218504e+02  0.0000000000e+00
25  3.3392186197e+02  0.0000000000e+00
26  2.6855412608e+02  0.0000000000e+00
27  2.1784891336e+02  0.0000000000e+00
28  1.8056983204e+02  0.0000000000e+00
29  1.5386874116e+02  0.0000000000e+00
30  1.3571824412e+02  0.0000000000e+00
31  1.2499394850e+02  0.0000000000e+00
