0  9.8289542133e+04  0.0000000000e+00
1  1.0069408870e+05  0.0000000000e+00
2  7.6655703775e+04  0.0000000000e+00
3  6.1574184514e+04  0.0000000000e+00
4  4.9278965489e+04  0.0000000000e+00
5  3.9672577515e+04  0.0000000000e+00
6  3.2035767969e+04  0.0000000000e+00
7  2.5924943011e+04  0.0000000000e+00
8  2.0887374195e+04  0.0000000000e+00
9  1.6736516787e+04  0.0000000000e+00
10  1.3403571581e+04  0.0000000000e+00
11  1.0726965847e+04  0.0000000000e+00
12  8.5318863867e+03  0.0000000000e+00
13  6.7408408799e+03  0.0000000000e+00
14  5.3273143866e+03  0.0000000000e+00
15  4.2146825440e+03  0.0000000000e+00
16  3.3347002290e+03  0.0000000000e+00
17  2.6427315070e+03  0.0000000000e+00
18  2.1056649871e+03  0.0000000000e+00
19  1.6870974750e+03  0.0000000000e+00
20  1.3577886100e+03  0.0000000000e+00
21  1.0965865874e+03  0.0000000000e+00
22  8.8738530661e+02  0.0000000000e+00
23  7.1584818379e+02  0.0000000000e+00
24  5.8019463419e+02  0.0000000000e+00
25  4.7151346959e+02  0.0000000000e+00
26  3.8605409124e+02  0.0000000000e+00
27  3.1992228255e+02  0.0000000000e+00
28  2.7050144507e+02  0.0000000000e+00
29  2.3501764835e+02  0.0000000000e+00
30  2.1094185659e+02  0.0000000000e+00
31  1.9732449442e+02  0.0000000000e+00
