0  5.5290493017e+07 -2.1518787150e-11
1  5.4877700200e+07  2.6260134595e-11
2  3.2409633499e+07  1.3383178282e-11
3  2.4050317282e+07 -5.4200194246e-12
4  1.8890315432e+07 -6.7235645375e-12
5  1.4501287613e+07  2.9058790156e-13
6  1.1164839914e+07  1.3124378900e-12
7  8.6337652091e+06  1.4032928012e-12
8  6.8189879127e+06 -1.6818626121e-12
9  5.3251168930e+06  3.9185123018e-12
10  4.1348414540e+06  4.1434633900e-12
11  3.2749598115e+06 -3.4258966825e-13
12  2.5321650732e+06  1.8384643443e-12
13  1.9530553652e+06  1.5677922743e-12
14  1.5333373510e+06  7.2424217612e-13
15  1.2004734268e+06 -2.0056843538e-13
16  9.3150475638e+05  4.9550363936e-13
17  7.3752725319e+05  6.6259639229e-14
18  5.5903606593e+05  1.0710540568e-13
19  4.4580858626e+05  1.3110578972e-13
20  3.3531997191e+05 -1.1202151440e-13
21  2.5884152044e+05  5.6537859802e-14
22  1.9955570000e+05 -3.8635148771e-14
23  1.5986353255e+05 -1.7469435273e-14
24  1.2324962822e+05  2.7113269134e-14
25  9.8448017064e+04 -2.1686258759e-14
26  7.7414874569e+04  4.3004304341e-14
27  6.7031556067e+04 -1.4647657516e-14
28  5.5427126200e+04 -4.3768748550e-14
29  4.5860560474e+04 -2.2297948515e-14
30  3.9307141045e+04 -2.0499739870e-14
31  3.5462708839e+04  1.5198498450e-14
