0  8.9617809243e+01  4.5532616069e-15
1  1.9113695460e+04 -8.0557703723e-16
2  1.2669258974e+04 -8.0845402699e-15
3  1.0033033218e+04  1.8920990212e-15
4  7.8292543480e+03  1.6725762451e-15
5  6.1283074086e+03 -2.9630529631e-15
6  4.7818448861e+03  2.4073668978e-16
7  3.7324246155e+03  4.1266344047e-16
8  2.9119301715e+03 -1.5905813382e-15
9  2.2723100714e+03  9.4715997080e-16
10  1.7796559517e+03  3.8105270028e-16
11  1.4065224870e+03  3.7229850889e-17
12  1.1089819685e+03 -9.6727300636e-16
13  8.6809686787e+02 -1.3066721997e-16
14  6.8187792708e+02  4.8408779969e-17
15  5.3616300287e+02  2.7561515073e-16
16  4.2222446919e+02 -3.9822046993e-16
17  3.2910684869e+02  6.1530326173e-17
18  2.5660834575e+02 -7.7995852574e-17
19  2.0004319980e+02  1.9816356977e-16
20  1.5648599396e+02  2.2601856588e-17
21  1.2080502376e+02 -6.7434410513e-18
22  9.3299568435e+01  1.8005749937e-17
23  7.1579404558e+01  4.1689108779e-17
24  5.5054605559e+01 -5.1921002084e-17
25  4.1976842607e+01 -8.7389447959e-18
26  3.1909278004e+01 -1.5004182809e-17
27  2.3825414419e+01 -4.6776997465e-18
28  1.7708037597e+01  4.3825484691e-18
29  1.2535036345e+01  1.3082423870e-18
30  8.1947415014e+00 -3.6607705189e-19
31  4.2701184196e+00 -3.9545850725e-19
