0  1.0276292559e+05  0.0000000000e+00
1  1.0411625316e+05  0.0000000000e+00
2  7.8144401448e+04  0.0000000000e+00
3  6.1269709217e+04  0.0000000000e+00
4  4.7455623394e+04  0.0000000000e+00
5  3.6539376951e+04  0.0000000000e+00
6  2.8010052105e+04  0.0000000000e+00
7  2.1442158929e+04  0.0000000000e+00
8  1.6360965841e+04  0.0000000000e+00
9  1.2493934302e+04  0.0000000000e+00
10  9.5360440973e+03  0.0000000000e+00
11  7.2677506048e+03  0.0000000000e+00
12  5.5404032624e+03  0.0000000000e+00
13  4.2330397321e+03  0.0000000000e+00
14  3.2325127752e+03  0.0000000000e+00
15  2.4612924488e+03  0.0000000000e+00
16  1.8819195333e+03  0.0000000000e+00
17  1.4491606613e+03  0.0000000000e+00
18  1.1231423919e+03  0.0000000000e+00
19  8.7233868023e+02  0.0000000000e+00
20  6.7680136926e+02  0.0000000000e+00
21  5.2336299336e+02  0.0000000000e+00
22  4.0502492900e+02  0.0000000000e+00
23  3.1392197387e+02  0.0000000000e+00
24  2.4385375661e+02  0.0000000000e+00
25  1.9145774873e+02  0.0000000000e+00
26  1.5196625964e+02  0.0000000000e+00
27  1.2197534695e+02  0.0000000000e+00
28  9.9124858816e+01  0.0000000000e+00
29  8.2330683075e+01  0.0000000000e+00
30  7.0700436813e+01  0.0000000000e+00
31  6.4301020511e+01  0.0000000000e+00
