0  9.7032518575e+04  0.0000000000e+00
1  9.9856204869e+04  0.0000000000e+00
2  7.5771787052e+04  0.0000000000e+00
3  6.0374777073e+04  0.0000000000e+00
4  4.7686166559e+04  0.0000000000e+00
5  3.7438993637e+04  0.0000000000e+00
6  2.9252947678e+04  0.0000000000e+00
7  2.2819056011e+04  0.0000000000e+00
8  1.7752710227e+04  0.0000000000e+00
9  1.3751489044e+04  0.0000000000e+00
10  1.0636231341e+04  0.0000000000e+00
11  8.2303953589e+03  0.0000000000e+00
12  6.4019662397e+03  0.0000000000e+00
13  5.0020081486e+03  0.0000000000e+00
14  3.9174351230e+03  0.0000000000e+00
15  3.0705793368e+03  0.0000000000e+00
16  2.4121158084e+03  0.0000000000e+00
17  1.8956505142e+03  0.0000000000e+00
18  1.4909188840e+03  0.0000000000e+00
19  1.1764631273e+03  0.0000000000e+00
20  9.2958256342e+02  0.0000000000e+00
21  7.3177884077e+02  0.0000000000e+00
22  5.7657441397e+02  0.0000000000e+00
23  4.5472273803e+02  0.0000000000e+00
24  3.5817773620e+02  0.0000000000e+00
25  2.8258966745e+02  0.0000000000e+00
26  2.2258345173e+02  0.0000000000e+00
27  1.7689651971e+02  0.0000000000e+00
28  1.4314039516e+02  0.0000000000e+00
29  1.1904512662e+02  0.0000000000e+00
30  1.0301618487e+02  0.0000000000e+00
31  9.4569444687e+01  0.0000000000e+00
