0  9.7576561883e+04  0.0000000000e+00
1  9.9823346052e+04  0.0000000000e+00
2  7.5386763664e+04  0.0000000000e+00
3  5.9460728603e+04  0.0000000000e+00
4  4.6471285473e+04  0.0000000000e+00
5  3.6223710811e+04  0.0000000000e+00
6  2.8031324551e+04  0.0000000000e+00
7  2.1638285925e+04  0.0000000000e+00
8  1.6713399212e+04  0.0000000000e+00
9  1.2891834622e+04  0.0000000000e+00
10  9.9606197307e+03  0.0000000000e+00
11  7.6719993358e+03  0.0000000000e+00
12  5.8982395716e+03  0.0000000000e+00
13  4.5557591690e+03  0.0000000000e+00
14  3.5225945986e+03  0.0000000000e+00
15  2.7148530496e+03  0.0000000000e+00
16  2.0876679350e+03  0.0000000000e+00
17  1.6062177250e+03  0.0000000000e+00
18  1.2323908861e+03  0.0000000000e+00
19  9.4668937197e+02  0.0000000000e+00
20  7.2744640435e+02  0.0000000000e+00
21  5.5927969700e+02  0.0000000000e+00
22  4.3116342850e+02  0.0000000000e+00
23  3.3255079855e+02  0.0000000000e+00
24  2.5805090107e+02  0.0000000000e+00
25  2.0134587099e+02  0.0000000000e+00
26  1.5694984394e+02  0.0000000000e+00
27  1.2332613853e+02  0.0000000000e+00
28  9.9048363084e+01  0.0000000000e+00
29  8.1305315621e+01  0.0000000000e+00
30  6.9297366201e+01  0.0000000000e+00
31  6.2719486599e+01  0.0000000000e+00
