0  1.0623028667e+05  0.0000000000e+00
1  1.0667837992e+05  0.0000000000e+00
2  8.0006638922e+04  0.0000000000e+00
3  6.2592169296e+04  0.0000000000e+00
4  4.8808979486e+04  0.0000000000e+00
5  3.8081655472e+04  0.0000000000e+00
6  2.9622711415e+04  0.0000000000e+00
7  2.2954046999e+04  0.0000000000e+00
8  1.7813046318e+04  0.0000000000e+00
9  1.3888382174e+04  0.0000000000e+00
10  1.0946341797e+04  0.0000000000e+00
11  8.6282962339e+03  0.0000000000e+00
12  6.7606474878e+03  0.0000000000e+00
13  5.2705896090e+03  0.0000000000e+00
14  4.1098178811e+03  0.0000000000e+00
15  3.2158455874e+03  0.0000000000e+00
16  2.5274430723e+03  0.0000000000e+00
17  1.9928604699e+03  0.0000000000e+00
18  1.5659393982e+03  0.0000000000e+00
19  1.2303747424e+03  0.0000000000e+00
20  9.6903952115e+02  0.0000000000e+00
21  7.6550695958e+02  0.0000000000e+00
22  6.0752109007e+02  0.0000000000e+00
23  4.8232278184e+02  0.0000000000e+00
24  3.8581351718e+02  0.0000000000e+00
25  3.1109997104e+02  0.0000000000e+00
26  2.5396592125e+02  0.0000000000e+00
27  2.1062629426e+02  0.0000000000e+00
28  1.7756810441e+02  0.0000000000e+00
29  1.5349122067e+02  0.0000000000e+00
30  1.3718234422e+02  0.0000000000e+00
31  1.2789323017e+02  0.0000000000e+00
