0  1.1266442281e+05  0.0000000000e+00
1  1.1306892936e+05  0.0000000000e+00
2  8.6268553913e+04  0.0000000000e+00
3  6.8338063369e+04  0.0000000000e+00
4  5.3701206571e+04  0.0000000000e+00
5  4.2254535882e+04  0.0000000000e+00
6  3.3228998703e+04  0.0000000000e+00
7  2.6009013095e+04  0.0000000000e+00
8  2.0285992281e+04  0.0000000000e+00
9  1.5876226489e+04  0.0000000000e+00
10  1.2378191803e+04  0.0000000000e+00
11  9.6377835511e+03  0.0000000000e+00
12  7.5066540667e+03  0.0000000000e+00
13  5.8618814357e+03  0.0000000000e+00
14  4.5853231040e+03  0.0000000000e+00
15  3.5925032788e+03  0.0000000000e+00
16  2.8262306427e+03  0.0000000000e+00
17  2.2300571961e+03  0.0000000000e+00
18  1.7557658362e+03  0.0000000000e+00
19  1.3871192411e+03  0.0000000000e+00
20  1.0975390089e+03  0.0000000000e+00
21  8.7087934970e+02  0.0000000000e+00
22  6.9593050914e+02  0.0000000000e+00
23  5.5762412804e+02  0.0000000000e+00
24  4.4822947573e+02  0.0000000000e+00
25  3.6128206390e+02  0.0000000000e+00
26  2.9378587785e+02  0.0000000000e+00
27  2.4197150739e+02  0.0000000000e+00
28  2.0276161346e+02  0.0000000000e+00
29  1.7446432086e+02  0.0000000000e+00
30  1.5496384649e+02  0.0000000000e+00
31  1.4314480074e+02  0.0000000000e+00
