0  4.8682573064e+07  3.5250189316e-12
1  4.8747561573e+07  9.9684469994e-12
2  3.0246852905e+07  6.1560527767e-14
3  2.2160235352e+07 -8.4373864621e-12
4  1.6951340270e+07 -6.8397706873e-12
5  1.3143839420e+07  3.5587408190e-12
6  1.0314946487e+07 -5.5117378292e-13
7  7.8947793882e+06  1.6549520643e-12
8  6.1424523011e+06 -2.0467083263e-12
9  4.7472584680e+06  2.4483615358e-12
10  3.6027945211e+06 -2.1386318781e-13
11  2.7356874779e+06 -5.1874682997e-14
12  2.0521476874e+06 -7.0654591984e-13
13  1.5749324586e+06 -7.1102381449e-13
14  1.2401990169e+06  1.0339960759e-12
15  9.5453798818e+05  3.3453427921e-14
16  7.3959378677e+05 -1.8564720135e-13
17  5.7958295671e+05  3.0166403429e-13
18  4.5597185690e+05 -1.1938233603e-13
19  3.4095268835e+05  3.3951855907e-14
20  2.6341882857e+05 -1.5833077548e-13
21  1.9557461309e+05 -3.3707365778e-16
22  1.5518311593e+05 -2.6034803077e-14
23  1.1798532519e+05  3.7551148965e-14
24  9.1483116344e+04  3.9625430092e-14
25  7.0176818782e+04 -4.8850006283e-14
26  5.3845163288e+04 -2.0113085357e-16
27  4.3422718844e+04 -7.8108645930e-16
28  3.4811426046e+04 -2.2339929918e-14
29  2.8828500080e+04 -6.9595309981e-15
30  2.4743522884e+04  1.2744790059e-14
31  2.2530699475e+04  1.2879951609e-14
