0  5.2899975716e+07  1.2096768987e-12
1  5.5844852417e+07  4.1502157987e-11
2  3.3023790591e+07  1.1794571154e-11
3  2.5331491983e+07 -9.1175827164e-12
4  1.9401033848e+07 -3.0720463420e-12
5  1.4990487020e+07 -5.8546744582e-12
6  1.1594836381e+07  2.4318375327e-13
7  9.0982625530e+06 -2.5015274408e-13
8  7.3333747456e+06  2.7443112237e-12
9  5.7884749501e+06 -3.0134306553e-13
10  4.5623345821e+06 -1.6438718247e-13
11  3.5898429204e+06 -2.1450354820e-12
12  2.8156087524e+06 -1.6757880384e-14
13  2.2096411345e+06  3.2028079410e-13
14  1.6911498619e+06  4.3584520867e-13
15  1.3213085224e+06 -6.2713703612e-14
16  1.0544389466e+06  6.5406319823e-15
17  8.2096417900e+05  7.0931097421e-13
18  6.4313451396e+05  1.1443992809e-13
19  5.2252600047e+05  5.0762184917e-13
20  4.1114673085e+05  7.2565753402e-14
21  3.3756173896e+05 -5.7431274301e-14
22  2.7085202033e+05  3.9994546282e-14
23  2.1538829904e+05 -1.3468126181e-13
24  1.6794608741e+05 -4.3337044042e-14
25  1.2482662152e+05 -1.3618245276e-13
26  9.9048850653e+04  1.7714041416e-14
27  8.0462835219e+04  6.1745670972e-14
28  6.4665668714e+04 -7.0104571170e-15
29  5.6428380973e+04 -3.0340475537e-14
30  5.0195905902e+04 -5.7259630721e-15
31  4.6449749332e+04 -1.3449307251e-14
