0  5.0424803420e+07 -1.0786745711e-11
1  5.2883735184e+07 -3.9645284727e-11
2  3.2531931908e+07  4.4175473265e-12
3  2.4376255433e+07  8.3452457117e-12
4  1.9334628571e+07 -3.6246976991e-12
5  1.5087164916e+07  1.6699398381e-12
6  1.1918011405e+07 -6.5711267783e-12
7  9.8306554909e+06 -8.6096710728e-13
8  7.7945996418e+06 -3.7033294369e-12
9  6.1328317167e+06  1.8077746492e-12
10  4.9276258385e+06 -4.6932123557e-13
11  3.9173736641e+06  2.0669264201e-12
12  3.2037054617e+06  1.0697255409e-12
13  2.5847596285e+06 -1.9314455494e-12
14  2.0813234277e+06 -4.1036234353e-13
15  1.7328436415e+06 -8.2170082042e-13
16  1.3662616879e+06  2.5554383145e-14
17  1.1126709164e+06 -1.0309124375e-13
18  8.7123602932e+05 -8.2850442345e-13
19  7.1440868496e+05  1.3311951515e-13
20  5.6981503345e+05  2.0793844091e-13
21  4.5513101889e+05  2.3919368030e-13
22  3.6596173015e+05  1.0786864792e-15
23  2.9244809199e+05 -1.7226242224e-13
24  2.3477185031e+05 -5.5326837110e-15
25  1.8940931959e+05  6.8172458024e-14
26  1.4697900222e+05 -8.4119732336e-15
27  1.1828319377e+05  6.6029351579e-14
28  9.7496995503e+04 -6.8220532760e-14
29  8.3882662175e+04  5.9982796681e-15
30  7.4127294961e+04 -1.3207241843e-14
31  6.8925867735e+04  1.3920862940e-14
