0 -3.7658645259e+01 -1.5594978761e-15
1  1.8064112854e+04 -2.6681249847e-15
2  1.1920332967e+04 -1.3327726729e-15
3  9.5009401898e+03  2.3855850750e-15
4  7.5221827413e+03  1.2720485633e-15
5  5.9722597707e+03 -1.4979273952e-15
6  4.7581036030e+03  1.6047649049e-15
7  3.7764428213e+03 -2.0069302191e-16
8  3.0034845395e+03  4.2580600368e-16
9  2.3957179680e+03  1.6164947760e-15
10  1.9179018489e+03 -2.8066087306e-16
11  1.5326858346e+03  3.8056041532e-16
12  1.2308279448e+03 -6.5295260569e-16
13  9.8757709282e+02  1.5366014108e-16
14  7.9298348904e+02 -3.4766467320e-17
15  6.3523253776e+02 -2.9121358010e-16
16  5.0940984212e+02 -7.6867816447e-17
17  4.0859964309e+02  2.5853203144e-16
18  3.2812696924e+02  2.1646244604e-17
19  2.6437414062e+02 -1.2182017259e-16
20  2.1256220021e+02 -1.4606977296e-17
21  1.7142575841e+02  5.2334565921e-17
22  1.3708706703e+02 -1.0335298823e-16
23  1.0841614375e+02  4.5861540138e-17
24  8.5582372372e+01  8.4410750721e-17
25  6.7021615123e+01 -2.6707160585e-17
26  5.2415572051e+01  2.3500717363e-17
27  3.9926289274e+01  1.8086800402e-17
28  2.9819529557e+01  3.4368361835e-19
29  2.1228142158e+01 -7.8320901468e-18
30  1.3560489864e+01 -9.5227679095e-19
31  6.8564368859e+00 -1.8874011647e-18
