0  4.7269935950e+07  2.1045301535e-11
1  4.9546554988e+07  3.6150908530e-11
2  2.9814671629e+07 -1.0458053853e-11
3  2.2386882250e+07  6.9639512030e-13
4  1.7050453950e+07 -1.6266615302e-12
5  1.2805165355e+07 -1.5301383141e-12
6  9.8406992738e+06 -1.9296550105e-12
7  7.5926869141e+06 -4.7748389634e-13
8  5.7412034723e+06  1.9173349997e-13
9  4.4944453555e+06 -2.9641966765e-12
10  3.5423104370e+06 -6.3182006500e-13
11  2.6649383229e+06 -1.2861428666e-12
12  2.1112353937e+06  1.6137594045e-13
13  1.6514778592e+06  7.9358394919e-13
14  1.3183054380e+06  4.7749792673e-13
15  1.0395695216e+06 -6.5113096757e-13
16  8.3312443733e+05  1.7793801644e-14
17  6.3933201844e+05  1.4050996483e-14
18  4.9381523992e+05  1.0482606878e-13
19  3.9978577969e+05 -3.9030584847e-13
20  3.2376591675e+05  2.7913038790e-14
21  2.5935258516e+05 -8.0947112726e-14
22  2.0859650040e+05  2.8197807736e-14
23  1.6607138183e+05 -1.0076987051e-13
24  1.3431764612e+05 -6.2745564748e-15
25  1.0650892923e+05 -5.8389823498e-14
26  8.4690070397e+04  5.5968772163e-15
27  6.8677861680e+04  3.0015193455e-14
28  5.6091402834e+04  1.8685188391e-14
29  4.7484846356e+04  2.4510144764e-14
30  4.1222215576e+04 -2.9994450016e-15
31  3.8600461023e+04  7.3550929306e-15
