0  2.0032877856e+02  8.6853191401e-16
1  2.0630794654e+04 -3.7177792244e-15
2  1.3811929971e+04  9.3371088754e-15
3  1.1074296279e+04  2.8542875799e-15
4  8.7394908493e+03  1.6471813503e-15
5  6.9366671000e+03  1.2989184072e-15
6  5.5000426707e+03  4.1565382677e-15
7  4.3472125061e+03 -1.8820992679e-16
8  3.4109740722e+03  8.9528195563e-16
9  2.6929154969e+03 -7.2091651767e-16
10  2.1136512579e+03  8.4521076763e-17
11  1.6678463915e+03  8.9013993625e-16
12  1.3108926898e+03  6.3016180781e-16
13  1.0296915574e+03  1.5259293251e-16
14  8.0942417394e+02  6.5122772897e-16
15  6.3661596713e+02  2.4435947616e-16
16  5.0138998451e+02 -2.3456915172e-16
17  3.9638906989e+02 -1.9459438469e-16
18  3.1208362212e+02  1.6968309277e-16
19  2.4554179993e+02  1.1781651255e-16
20  1.9302566572e+02 -1.4011407255e-17
21  1.5127486469e+02  4.5249135317e-17
22  1.1847385746e+02 -3.3102047579e-17
23  9.2751152369e+01 -2.2995462210e-17
24  7.2252333441e+01 -8.3837732932e-18
25  5.5935777102e+01 -3.0815058621e-18
26  4.2889441201e+01 -8.0923939594e-18
27  3.2373813022e+01  7.0425495608e-18
28  2.3763588038e+01 -4.3349028658e-18
29  1.6754390418e+01 -1.9308116033e-18
30  1.0843571322e+01 -2.3727775133e-18
31  5.8034929946e+00 -4.9588485106e-19
