0  9.4353739842e+04  0.0000000000e+00
1  9.7482216628e+04  0.0000000000e+00
2  7.4104658118e+04  0.0000000000e+00
3  5.9408564681e+04  0.0000000000e+00
4  4.7261431123e+04  0.0000000000e+00
5  3.7497338428e+04  0.0000000000e+00
6  2.9733935952e+04  0.0000000000e+00
7  2.3609889115e+04  0.0000000000e+00
8  1.8727990164e+04  0.0000000000e+00
9  1.4730098833e+04  0.0000000000e+00
10  1.1541791180e+04  0.0000000000e+00
11  9.0752900997e+03  0.0000000000e+00
12  7.1475892338e+03  0.0000000000e+00
13  5.6413078550e+03  0.0000000000e+00
14  4.4722614167e+03  0.0000000000e+00
15  3.5613736827e+03  0.0000000000e+00
16  2.8426404280e+03  0.0000000000e+00
17  2.2734260936e+03  0.0000000000e+00
18  1.8245992380e+03  0.0000000000e+00
19  1.4720747856e+03  0.0000000000e+00
20  1.1908678117e+03  0.0000000000e+00
21  9.6379668902e+02  0.0000000000e+00
22  7.8091158891e+02  0.0000000000e+00
23  6.3546595658e+02  0.0000000000e+00
24  5.2159774333e+02  0.0000000000e+00
25  4.3065287464e+02  0.0000000000e+00
26  3.5790757291e+02  0.0000000000e+00
27  3.0076298941e+02  0.0000000000e+00
28  2.5770823964e+02  0.0000000000e+00
29  2.2572400494e+02  0.0000000000e+00
30  2.0411793751e+02  0.0000000000e+00
31  1.9301883182e+02  0.0000000000e+00
