0 -3.1048412851e+02  1.3216255076e-17
1  1.9174711959e+04  2.1871996884e-15
2  1.2611833659e+04 -1.7019028551e-15
3  9.9769532893e+03  3.2472685158e-15
4  7.8172532046e+03 -3.1879594806e-15
5  6.0800093098e+03  8.7304045863e-16
6  4.7221775386e+03 -4.0642440754e-16
7  3.6736757258e+03 -5.7579372754e-16
8  2.8655501884e+03  1.0935428283e-15
9  2.2376718571e+03 -1.8288735703e-16
10  1.7450324321e+03 -2.2707651003e-16
11  1.3594081607e+03  2.5882383429e-16
12  1.0625509010e+03  5.1804278297e-16
13  8.3317384062e+02 -4.8374401019e-16
14  6.5500529229e+02  6.5929254142e-16
15  5.1156378183e+02  8.2246581541e-17
16  3.9930103507e+02 -2.0610429189e-18
17  3.1178417338e+02  2.6424209229e-16
18  2.4347307565e+02  5.0844846725e-17
19  1.9031565349e+02  6.5275852926e-17
20  1.4760677982e+02 -1.7667312629e-16
21  1.1450828683e+02 -7.9577474845e-17
22  8.8043651311e+01  1.8200302817e-17
23  6.7459412526e+01  2.6994251815e-17
24  5.1559261939e+01 -8.1061053052e-19
25  3.9252138058e+01  6.3751405380e-18
26  2.9558326263e+01 -5.6979906362e-18
27  2.1848454767e+01  3.0826175929e-18
28  1.5623193993e+01  6.7442880843e-18
29  1.0671758287e+01 -4.4797454998e-19
30  6.6181562823e+00 -9.9780481187e-19
31  3.0914675291e+00 -6.5279770454e-19
