0  1.8944328690e+02 -2.8565360289e-16
1  1.7426228578e+04  3.3383531450e-15
2  1.1404220801e+04 -2.4685322586e-15
3  8.9146850617e+03  9.9321304626e-16
4  6.9304075379e+03 -9.1203143990e-16
5  5.3698795370e+03 -1.3693147331e-15
6  4.1570244190e+03 -4.3274352116e-16
7  3.2072007839e+03  1.5717190792e-15
8  2.4815612351e+03  8.9197492725e-16
9  1.9245401686e+03 -3.7533141624e-17
10  1.4820487324e+03  4.3122309702e-16
11  1.1504860778e+03 -1.5462893502e-16
12  8.9240668446e+02 -2.7059065717e-16
13  6.9061285506e+02  2.6103226094e-17
14  5.3499318874e+02 -5.3288113261e-17
15  4.1425171710e+02 -2.5470365427e-16
16  3.1980987296e+02  1.3566164387e-16
17  2.4747688107e+02  1.2385384576e-16
18  1.9141591137e+02  8.1034900910e-17
19  1.4829895336e+02  7.2368377431e-19
20  1.1470626201e+02  7.7284768415e-17
21  8.8302519815e+01  7.7448351653e-17
22  6.7694334630e+01 -1.2118923893e-18
23  5.2049304586e+01 -3.0427858685e-17
24  3.9869494024e+01  1.4493236653e-17
25  3.0618378799e+01 -4.0498762791e-20
26  2.3340412132e+01 -6.3096543032e-18
27  1.7649163984e+01 -3.4102605248e-18
28  1.3156449858e+01 -1.1188511140e-18
29  9.4648007600e+00 -7.2257204357e-19
30  6.3202933533e+00 -3.8592938659e-19
31  3.6262731617e+00 -1.1107778312e-18
