0  4.6064137756e+07 -4.6400771273e-12
1  4.7293936221e+07 -8.5230731993e-12
2  2.7669669193e+07  2.9969426653e-12
3  2.0462313473e+07 -1.4575465051e-11
4  1.5598108443e+07  6.1374545389e-12
5  1.2270493721e+07  5.6805686210e-13
6  9.5855927756e+06  5.6768330886e-12
7  7.5082704455e+06  2.1612381144e-12
8  5.7081644366e+06 -1.0976762481e-12
9  4.5381575415e+06  4.0356029988e-13
10  3.4478350045e+06 -4.9681445681e-14
11  2.8174536364e+06  1.3635558133e-14
12  2.1971532285e+06 -1.3156433777e-12
13  1.7163819672e+06  1.3952469334e-13
14  1.3403275735e+06  3.4315805100e-13
15  1.0361453683e+06  5.7452162722e-13
16  7.9831322734e+05 -2.0546328463e-13
17  6.2528750859e+05  3.7411984697e-13
18  4.8151844527e+05 -1.7943915246e-13
19  3.6852251543e+05  2.1777329456e-13
20  2.8665725337e+05  2.7749738789e-15
21  2.2314522220e+05 -4.3688781160e-14
22  1.6906454991e+05  2.0323124347e-13
23  1.2873861747e+05 -1.1061167644e-13
24  1.0060255788e+05  3.0418780305e-14
25  7.8369147016e+04 -2.4534875481e-14
26  6.2453776522e+04 -7.0356800818e-14
27  4.9785699556e+04 -4.8288865461e-14
28  4.1762819174e+04 -1.0087321374e-15
29  3.5000773671e+04 -1.2829643454e-14
30  2.9918538328e+04  2.0188688838e-16
31  2.7538471661e+04  1.3199746523e-14
