0  1.0199250549e+05  0.0000000000e+00
1  1.0448132517e+05  0.0000000000e+00
2  7.9312090240e+04  0.0000000000e+00
3  6.2608266619e+04  0.0000000000e+00
4  4.8806574406e+04  0.0000000000e+00
5  3.7933532436e+04  0.0000000000e+00
6  2.9459748440e+04  0.0000000000e+00
7  2.2911179734e+04  0.0000000000e+00
8  1.7886318892e+04  0.0000000000e+00
9  1.3991295869e+04  0.0000000000e+00
10  1.0908926223e+04  0.0000000000e+00
11  8.4927310770e+03  0.0000000000e+00
12  6.6183675008e+03  0.0000000000e+00
13  5.1540582817e+03  0.0000000000e+00
14  4.0168854799e+03  0.0000000000e+00
15  3.1476927065e+03  0.0000000000e+00
16  2.4793667612e+03  0.0000000000e+00
17  1.9599039568e+03  0.0000000000e+00
18  1.5464897848e+03  0.0000000000e+00
19  1.2143867997e+03  0.0000000000e+00
20  9.5171596470e+02  0.0000000000e+00
21  7.4556256891e+02  0.0000000000e+00
22  5.8521683759e+02  0.0000000000e+00
23  4.5929017706e+02  0.0000000000e+00
24  3.6051114689e+02  0.0000000000e+00
25  2.8445554071e+02  0.0000000000e+00
26  2.2617975579e+02  0.0000000000e+00
27  1.8183077838e+02  0.0000000000e+00
28  1.4884677527e+02  0.0000000000e+00
29  1.2529640739e+02  0.0000000000e+00
30  1.0962441691e+02  0.0000000000e+00
31  1.0077793576e+02  0.0000000000e+00
