0  1.0501122902e+05  0.0000000000e+00
1  1.0647194602e+05  0.0000000000e+00
2  8.1092643831e+04  0.0000000000e+00
3  6.4736885915e+04  0.0000000000e+00
4  5.1289508907e+04  0.0000000000e+00
5  4.0663337495e+04  0.0000000000e+00
6  3.2312476745e+04  0.0000000000e+00
7  2.5768870311e+04  0.0000000000e+00
8  2.0718881175e+04  0.0000000000e+00
9  1.6746012072e+04  0.0000000000e+00
10  1.3486079154e+04  0.0000000000e+00
11  1.0771752230e+04  0.0000000000e+00
12  8.5295349108e+03  0.0000000000e+00
13  6.7259948861e+03  0.0000000000e+00
14  5.2754051842e+03  0.0000000000e+00
15  4.1332499871e+03  0.0000000000e+00
16  3.2131289970e+03  0.0000000000e+00
17  2.4751981659e+03  0.0000000000e+00
18  1.8950135433e+03  0.0000000000e+00
19  1.4423940132e+03  0.0000000000e+00
20  1.0973938131e+03  0.0000000000e+00
21  8.3756923407e+02  0.0000000000e+00
22  6.4177832653e+02  0.0000000000e+00
23  4.9497437417e+02  0.0000000000e+00
24  3.8426779699e+02  0.0000000000e+00
25  3.0118824579e+02  0.0000000000e+00
26  2.3896700199e+02  0.0000000000e+00
27  1.9259308665e+02  0.0000000000e+00
28  1.5800443214e+02  0.0000000000e+00
29  1.3215480580e+02  0.0000000000e+00
30  1.1431261767e+02  0.0000000000e+00
31  1.0356820031e+02  0.0000000000e+00
