0  5.0449785486e+07  5.1215131494e-12
1  5.4549000508e+07  1.4314984733e-11
2  3.2508327869e+07 -1.0867786527e-12
3  2.5077530898e+07 -6.7055691902e-12
4  1.9438681483e+07 -1.0297604511e-11
5  1.5567187541e+07  3.1932906298e-12
6  1.2590841868e+07  6.9742393032e-12
7  9.6478229694e+06 -3.7014607021e-12
8  7.5042908601e+06  1.8952356878e-12
9  5.8892153104e+06 -1.3201787697e-12
10  4.6863271728e+06  7.5139786935e-13
11  3.7268635919e+06 -9.1571364725e-13
12  2.8831599678e+06 -2.1000961159e-12
13  2.2430000844e+06  8.9252663701e-13
14  1.7989145994e+06 -1.0298243131e-12
15  1.4458003601e+06 -6.5913653455e-13
16  1.1567655764e+06  5.6569296651e-13
17  9.3459160607e+05 -3.6690236319e-13
18  7.4840424316e+05 -1.3232869194e-13
19  5.9325399684e+05 -9.6294538436e-14
20  4.7174048932e+05 -1.5411124193e-13
21  3.8675434592e+05 -1.3558844288e-13
22  3.0165371391e+05 -2.0550858871e-13
23  2.4487005823e+05  4.6617369898e-14
24  1.9374083302e+05 -6.4876015775e-14
25  1.5540330866e+05  1.0629155792e-13
26  1.2443829671e+05  6.2251508345e-14
27  1.0294154471e+05 -8.0990316801e-15
28  8.6862459266e+04  5.4842351857e-14
29  7.2504167710e+04 -5.2372917816e-14
30  6.3794926284e+04  8.5464528661e-15
31  5.9108827038e+04 -9.6544845570e-15
