0  9.6882907302e+04  0.0000000000e+00
1  9.9557958139e+04  0.0000000000e+00
2  7.5202180009e+04  0.0000000000e+00
3  5.9343036078e+04  0.0000000000e+00
4  4.6265549911e+04  0.0000000000e+00
5  3.5957785756e+04  0.0000000000e+00
6  2.7892491282e+04  0.0000000000e+00
7  2.1756901390e+04  0.0000000000e+00
8  1.7037810049e+04  0.0000000000e+00
9  1.3378574280e+04  0.0000000000e+00
10  1.0524482966e+04  0.0000000000e+00
11  8.2700148278e+03  0.0000000000e+00
12  6.4823883722e+03  0.0000000000e+00
13  5.0681181593e+03  0.0000000000e+00
14  3.9511021026e+03  0.0000000000e+00
15  3.0660602001e+03  0.0000000000e+00
16  2.3721759569e+03  0.0000000000e+00
17  1.8226936248e+03  0.0000000000e+00
18  1.3958714562e+03  0.0000000000e+00
19  1.0715333436e+03  0.0000000000e+00
20  8.2350939513e+02  0.0000000000e+00
21  6.3293774561e+02  0.0000000000e+00
22  4.8634401904e+02  0.0000000000e+00
23  3.7441100440e+02  0.0000000000e+00
24  2.8992339408e+02  0.0000000000e+00
25  2.2624477958e+02  0.0000000000e+00
26  1.7875494741e+02  0.0000000000e+00
27  1.4395278469e+02  0.0000000000e+00
28  1.1780872543e+02  0.0000000000e+00
29  9.8578884795e+01  0.0000000000e+00
30  8.5732058025e+01  0.0000000000e+00
31  7.8565838072e+01  0.0000000000e+00
