0  5.1068112975e+07  2.9542280940e-11
1  5.5304321750e+07 -3.4963133749e-12
2  3.3273703493e+07  2.5765743264e-11
3  2.3981645106e+07  2.7580711100e-12
4  1.8788115630e+07 -1.7527888297e-12
5  1.4902940336e+07 -6.1649075065e-12
6  1.1509577621e+07  2.2631882381e-12
7  9.2057035220e+06 -1.0487805971e-12
8  7.1626046032e+06 -2.0463211439e-12
9  5.6770999921e+06 -3.0639628410e-12
10  4.3946988136e+06  3.8039997876e-14
11  3.5094105222e+06 -4.6714247000e-13
12  2.7733964190e+06 -2.0223544822e-12
13  2.1567110841e+06  2.0348036412e-12
14  1.6936571009e+06  6.2607234867e-13
15  1.3222103363e+06  3.6972095735e-13
16  1.0593696691e+06 -3.0173568039e-13
17  8.3407723613e+05 -1.3430360253e-14
18  6.7188424254e+05 -2.7439150023e-13
19  5.3248581246e+05 -1.5160495777e-13
20  4.1481178966e+05  3.2576891956e-13
21  3.2401588649e+05 -2.0988535600e-13
22  2.5209616583e+05 -1.6421762691e-13
23  2.0608578438e+05  5.0860660818e-14
24  1.5767541450e+05 -2.9854487600e-14
25  1.2941673304e+05 -1.0120122123e-13
26  1.0372371740e+05 -7.2393064132e-15
27  8.6965298431e+04  1.0506461931e-13
28  7.2168568706e+04 -2.8243490122e-14
29  6.1863626306e+04 -7.8171230275e-15
30  5.4977452449e+04  1.9480542741e-15
31  5.1051585261e+04  9.5231516551e-15
