0  1.0348162084e+05  0.0000000000e+00
1  1.0534017621e+05  0.0000000000e+00
2  8.0140545901e+04  0.0000000000e+00
3  6.3662938537e+04  0.0000000000e+00
4  5.0055608955e+04  0.0000000000e+00
5  3.9199866488e+04  0.0000000000e+00
6  3.0663511077e+04  0.0000000000e+00
7  2.4063592886e+04  0.0000000000e+00
8  1.8909096362e+04  0.0000000000e+00
9  1.4898480778e+04  0.0000000000e+00
10  1.1704275123e+04  0.0000000000e+00
11  9.1594352650e+03  0.0000000000e+00
12  7.1567681916e+03  0.0000000000e+00
13  5.6278715516e+03  0.0000000000e+00
14  4.4257136425e+03  0.0000000000e+00
15  3.4612235011e+03  0.0000000000e+00
16  2.6926386338e+03  0.0000000000e+00
17  2.0958782074e+03  0.0000000000e+00
18  1.6320683226e+03  0.0000000000e+00
19  1.2671125569e+03  0.0000000000e+00
20  9.8915505189e+02  0.0000000000e+00
21  7.7689779590e+02  0.0000000000e+00
22  6.1147990859e+02  0.0000000000e+00
23  4.8204408907e+02  0.0000000000e+00
24  3.8163803696e+02  0.0000000000e+00
25  3.0233907292e+02  0.0000000000e+00
26  2.4056723065e+02  0.0000000000e+00
27  1.9322097752e+02  0.0000000000e+00
28  1.5798995134e+02  0.0000000000e+00
29  1.3303679565e+02  0.0000000000e+00
30  1.1621007769e+02  0.0000000000e+00
31  1.0616899068e+02  0.0000000000e+00
