0  9.6795456079e+04  0.0000000000e+00
1  9.8202357333e+04  0.0000000000e+00
2  7.2998652009e+04  0.0000000000e+00
3  5.7122914676e+04  0.0000000000e+00
4  4.4728424241e+04  0.0000000000e+00
5  3.4992002595e+04  0.0000000000e+00
6  2.7184058049e+04  0.0000000000e+00
7  2.1080138566e+04  0.0000000000e+00
8  1.6474476329e+04  0.0000000000e+00
9  1.2986241544e+04  0.0000000000e+00
10  1.0261125935e+04  0.0000000000e+00
11  8.0573321024e+03  0.0000000000e+00
12  6.3194756343e+03  0.0000000000e+00
13  4.9660749513e+03  0.0000000000e+00
14  3.9090577558e+03  0.0000000000e+00
15  3.0990945283e+03  0.0000000000e+00
16  2.4322464677e+03  0.0000000000e+00
17  1.8941466352e+03  0.0000000000e+00
18  1.4772408911e+03  0.0000000000e+00
19  1.1585193850e+03  0.0000000000e+00
20  9.1001721273e+02  0.0000000000e+00
21  7.0913068075e+02  0.0000000000e+00
22  5.5089026722e+02  0.0000000000e+00
23  4.2969196195e+02  0.0000000000e+00
24  3.3587567325e+02  0.0000000000e+00
25  2.6337315632e+02  0.0000000000e+00
26  2.0879190396e+02  0.0000000000e+00
27  1.6627236986e+02  0.0000000000e+00
28  1.3468276509e+02  0.0000000000e+00
29  1.1284779248e+02  0.0000000000e+00
30  9.8183059392e+01  0.0000000000e+00
31  9.0103120460e+01  0.0000000000e+00
