0  1.0697888328e+05  0.0000000000e+00
1  1.0817997770e+05  0.0000000000e+00
2  8.2105068166e+04  0.0000000000e+00
3  6.4911395731e+04  0.0000000000e+00
4  5.0749277178e+04  0.0000000000e+00
5  3.9748557813e+04  0.0000000000e+00
6  3.0979470549e+04  0.0000000000e+00
7  2.4165298035e+04  0.0000000000e+00
8  1.8869651288e+04  0.0000000000e+00
9  1.4708609122e+04  0.0000000000e+00
10  1.1492786134e+04  0.0000000000e+00
11  8.9754402538e+03  0.0000000000e+00
12  6.9908266137e+03  0.0000000000e+00
13  5.4495190006e+03  0.0000000000e+00
14  4.2658742989e+03  0.0000000000e+00
15  3.3637605940e+03  0.0000000000e+00
16  2.6469616439e+03  0.0000000000e+00
17  2.0778891332e+03  0.0000000000e+00
18  1.6268829803e+03  0.0000000000e+00
19  1.2698182244e+03  0.0000000000e+00
20  9.9538054799e+02  0.0000000000e+00
21  7.8100980459e+02  0.0000000000e+00
22  6.1188006793e+02  0.0000000000e+00
23  4.7953596053e+02  0.0000000000e+00
24  3.7864204665e+02  0.0000000000e+00
25  3.0129477990e+02  0.0000000000e+00
26  2.4174132610e+02  0.0000000000e+00
27  1.9681895747e+02  0.0000000000e+00
28  1.6357529929e+02  0.0000000000e+00
29  1.4006365447e+02  0.0000000000e+00
30  1.2486190091e+02  0.0000000000e+00
31  1.1690096582e+02  0.0000000000e+00
