0 -9.3531961252e+00  3.4950981801e-15
1  1.8047249683e+04 -1.0461364695e-14
2  1.1900622227e+04  9.7227756818e-16
3  9.4471461518e+03 -5.0158639923e-15
4  7.4414997807e+03 -2.7040406640e-15
5  5.8588405075e+03 -2.9737573420e-15
6  4.6315986986e+03  2.0860801540e-16
7  3.6708692577e+03  3.8252468472e-16
8  2.8932038810e+03 -5.8906736910e-16
9  2.2856202909e+03  3.5612012666e-16
10  1.8041018749e+03  1.4941632602e-15
11  1.4276997168e+03  9.1224326101e-16
12  1.1303987186e+03 -4.1387279176e-16
13  8.8791085496e+02  3.5320723329e-16
14  6.9663497619e+02  4.3716365672e-16
15  5.4949696606e+02 -1.7197564038e-16
16  4.3082871102e+02  1.9272540649e-16
17  3.3867692398e+02  1.4319769600e-16
18  2.6462385121e+02 -9.2349037624e-17
19  2.0742338055e+02  5.1386312536e-17
20  1.6307467223e+02  3.5238794067e-17
21  1.2683289614e+02 -2.3081647813e-20
22  9.8836666781e+01  3.2886901210e-17
23  7.6741380183e+01  2.9763526774e-17
24  5.9512789475e+01  2.0700426440e-18
25  4.6041454641e+01  2.8951056742e-18
26  3.5202237664e+01 -5.7325072288e-18
27  2.6646158580e+01  2.0307614910e-19
28  1.9584853977e+01  3.8991044144e-18
29  1.3781574618e+01 -2.7900206491e-18
30  8.8149814712e+00 -3.2870172309e-18
31  4.3100167084e+00 -3.3010462141e-19
