0  3.1937685329e+02  4.5087822127e-15
1  1.8433166246e+04  7.9536590682e-15
2  1.2249222524e+04  1.7494648139e-15
3  9.8019013532e+03  9.2053973697e-16
4  7.7060614798e+03  6.7357504157e-15
5  6.1043637803e+03 -1.3458705552e-15
6  4.8065027231e+03 -4.8089363844e-16
7  3.7548642192e+03  5.9118664554e-16
8  2.9151128410e+03  1.6665561173e-15
9  2.2610419091e+03  1.9996695585e-16
10  1.7525950523e+03 -4.0169224622e-16
11  1.3662236342e+03 -4.8391230505e-16
12  1.0664585396e+03 -3.2246756060e-16
13  8.3548058467e+02  6.4716917060e-17
14  6.5891034413e+02 -4.3752533978e-17
15  5.1807967372e+02 -3.8005987178e-16
16  4.0836860026e+02  2.7907130986e-16
17  3.2453311201e+02 -3.4249777222e-17
18  2.5800179750e+02  4.6575588912e-17
19  2.0409755534e+02  5.7434868934e-17
20  1.6075039306e+02 -4.0096210382e-17
21  1.2686209292e+02  7.8490413936e-17
22  9.9918072633e+01  4.4145133749e-17
23  7.7973749527e+01  1.8503117095e-17
24  6.0552361328e+01 -1.4565472682e-17
25  4.7042549902e+01 -1.6211787094e-17
26  3.6233135730e+01 -4.5728132449e-18
27  2.7897416405e+01  6.9122123661e-18
28  2.0746128875e+01 -1.2938428269e-19
29  1.4599549708e+01  1.0817140132e-18
30  9.2209890064e+00  4.6959506596e-18
31  4.3905010330e+00  8.4311541987e-19
