0  5.3187149461e+07 -2.0627100391e-11
1  5.4016354042e+07 -1.8832778438e-11
2  3.3201717389e+07  3.1480295484e-11
3  2.5089887599e+07  4.4106919486e-13
4  1.8875640650e+07  9.9493228934e-12
5  1.4676502150e+07 -3.3114911352e-13
6  1.1368755902e+07  5.9222076443e-12
7  9.0087089944e+06  7.0724189923e-12
8  6.9259756540e+06 -8.9062547442e-13
9  5.5209529560e+06 -3.6669037462e-13
10  4.2983272330e+06 -7.6517704641e-13
11  3.3958537717e+06  1.1444817422e-12
12  2.5888924784e+06 -3.1894233650e-13
13  2.0251123434e+06 -1.1979863100e-13
14  1.5870153134e+06  1.7649282686e-13
15  1.2556133757e+06 -4.5393882756e-14
16  9.8122385355e+05  1.4670308577e-13
17  7.6282300290e+05  5.1461004291e-13
18  5.9967842190e+05 -1.3390426874e-14
19  4.5724710629e+05 -1.8714286566e-13
20  3.7428706596e+05 -5.4874055281e-14
21  2.9384420809e+05 -2.3754283404e-13
22  2.3005377478e+05  1.8963883672e-13
23  1.8226301683e+05  9.6881322724e-15
24  1.4562938582e+05  5.7172082788e-14
25  1.1120264150e+05  1.4487970911e-14
26  8.9932716566e+04  8.8913256671e-14
27  7.3016039577e+04 -2.7556275063e-14
28  5.9886342775e+04  4.8833618608e-16
29  5.0812165957e+04 -3.2374043326e-14
30  4.5327071701e+04 -1.9395699183e-14
31  4.0822930570e+04 -4.6394263590e-14
