0  4.6827969591e+07  1.5867156620e-11
1  5.1155344852e+07 -2.3092328535e-11
2  2.8684460407e+07  1.5458872477e-11
3  2.1091496112e+07  1.5195199693e-11
4  1.5810479220e+07  7.9844744508e-12
5  1.2273971114e+07 -9.5251120982e-13
6  9.3937222468e+06 -5.4258991936e-12
7  7.2608429100e+06 -9.6376192597e-13
8  5.6533275309e+06  2.3902479584e-13
9  4.2997870561e+06  1.7547727236e-12
10  3.3600561188e+06 -1.1311406593e-12
11  2.5337422223e+06  1.1521047112e-13
12  1.9735981373e+06  3.0259600770e-13
13  1.4876964014e+06  3.9581834843e-13
14  1.1840689113e+06 -6.0660187513e-13
15  9.2505174590e+05 -1.3094330112e-13
16  6.9857507120e+05  1.2210777237e-13
17  5.4073353821e+05  1.2214801700e-13
18  4.2772339494e+05  1.9570029347e-13
19  3.3284064141e+05  4.9906218447e-14
20  2.6389693134e+05 -6.9049536352e-14
21  2.0922497045e+05  4.2699291571e-14
22  1.6812674834e+05 -1.2536213301e-15
23  1.2892302687e+05 -7.4224847708e-14
24  9.8749220680e+04 -3.1512730512e-14
25  7.6276515695e+04  4.8313021521e-15
26  5.9859355404e+04 -1.2555746023e-14
27  4.8415586536e+04 -1.4169328508e-14
28  4.1010721468e+04  3.2591391699e-14
29  3.5331393674e+04 -7.1613468192e-15
30  3.0953292450e+04  2.5201663104e-14
31  2.7801181778e+04 -2.1730335947e-15
