0  1.4757205853e+02 -1.4189144414e-15
1  1.8790352147e+04 -8.3104892732e-15
2  1.2389019772e+04  6.5793075596e-15
3  9.8088298286e+03 -3.2196351247e-15
4  7.6972365854e+03 -2.4431262465e-15
5  6.0197072875e+03  5.1915051678e-15
6  4.7245201024e+03 -6.8255026620e-17
7  3.7027071755e+03 -1.4129898694e-15
8  2.9174157477e+03  5.2669398045e-16
9  2.2893022721e+03 -4.3491859589e-16
10  1.7953785953e+03  4.7508616880e-16
11  1.4110424385e+03  1.3539819544e-15
12  1.1105122763e+03 -4.4580662209e-16
13  8.7203182008e+02  4.6992572644e-16
14  6.8394964142e+02 -1.3719138537e-16
15  5.3166950730e+02 -1.0361542286e-16
16  4.1501685598e+02 -2.2253186063e-16
17  3.2214250183e+02 -7.1405512728e-17
18  2.5152773494e+02  4.2211231799e-17
19  1.9622010895e+02 -7.1071569989e-17
20  1.5237332126e+02  1.3313367403e-16
21  1.1865383214e+02 -1.4453981970e-17
22  9.2178890830e+01 -1.3010426070e-17
23  7.1301304469e+01 -3.8437296355e-18
24  5.5115167538e+01 -2.3990620044e-18
25  4.2314960217e+01  9.6468582363e-18
26  3.2203845783e+01  1.0092926962e-17
27  2.4327050446e+01  4.4088064905e-18
28  1.7924347278e+01 -6.3436944398e-18
29  1.2617536023e+01  1.4675904602e-18
30  8.2661765053e+00 -2.4973707659e-18
31  4.3107993752e+00 -4.5792718711e-19
