0  3.2121446129e+02  1.2712587051e-15
1  1.6337645266e+04  1.6178162004e-15
2  1.0802953919e+04  1.8467913877e-15
3  8.5118972949e+03 -2.4914059334e-15
4  6.6490649087e+03 -1.5863696787e-15
5  5.2024448504e+03  1.4196166317e-16
6  4.0484073283e+03  2.1148722333e-15
7  3.1697405080e+03 -6.0854679755e-16
8  2.4630267445e+03  1.0071192097e-15
9  1.9308048031e+03 -3.0097484072e-16
10  1.5125292919e+03 -3.0650998927e-16
11  1.1838580542e+03 -1.7453574452e-16
12  9.2366924422e+02 -1.3573226524e-16
13  7.2283101023e+02 -6.1370819281e-16
14  5.6359276673e+02  7.3201540214e-17
15  4.4059899431e+02  5.9999949396e-17
16  3.4239607779e+02 -9.6726146553e-17
17  2.6349609620e+02  4.2224195374e-17
18  2.0524773042e+02  8.7109556510e-17
19  1.5963667089e+02  1.7267063091e-16
20  1.2443999024e+02  1.4059317556e-17
21  9.6571443854e+01 -6.2298479177e-18
22  7.4445438469e+01 -1.7138652897e-18
23  5.7472087653e+01 -4.6229099497e-17
24  4.4252454107e+01  1.8003579415e-17
25  3.3730758196e+01 -9.3994187366e-19
26  2.5653526612e+01  1.1335815463e-17
27  1.9289551362e+01 -3.1658915195e-18
28  1.4143025544e+01 -3.2826761871e-18
29  9.8773690352e+00 -1.1200951936e-18
30  6.3315947068e+00 -1.3578996936e-20
31  3.1743871292e+00  8.8483179253e-19
