0  5.0526735463e+07  4.9238617232e-12
1  5.3097190683e+07 -4.4648965895e-11
2  3.2231914274e+07 -5.3087412323e-12
3  2.3796602140e+07  4.6528596695e-12
4  1.8506665622e+07 -1.0215503549e-12
5  1.4368890333e+07 -8.4483044062e-12
6  1.1444061141e+07  1.9070899777e-12
7  8.7399350199e+06  2.8354006808e-12
8  6.9789032946e+06  5.8150600967e-13
9  5.4758148679e+06  6.8669983386e-13
10  4.2128258737e+06 -2.2508119821e-12
11  3.4015141797e+06  3.1127427868e-12
12  2.7440349008e+06  2.2874502686e-12
13  2.2468369431e+06 -1.6095814267e-12
14  1.7870525363e+06 -1.0743639149e-13
15  1.4372720314e+06 -1.4140489896e-12
16  1.1417586340e+06  1.4360420668e-13
17  9.4319564117e+05  6.2786090709e-14
18  7.4088388207e+05 -1.4435915993e-13
19  5.8518226039e+05  1.7208858427e-13
20  4.5223361483e+05 -8.0516732862e-14
21  3.6623560909e+05 -2.4952567376e-13
22  3.0322717660e+05 -5.5020688701e-14
23  2.3394579587e+05  2.4715931875e-13
24  1.9210950685e+05  6.6380991230e-14
25  1.5317339167e+05  3.5398646330e-14
26  1.2381521724e+05 -5.1233591292e-14
27  1.0178614596e+05 -2.1773971415e-14
28  8.5121125948e+04  1.9143928053e-14
29  7.6686573709e+04 -3.1906878852e-14
30  6.6655703987e+04 -5.1662821086e-15
31  6.2442032336e+04  2.7697474211e-14
