0  4.7725878468e+07  8.0673539724e-12
1  5.3552204819e+07  1.7930689542e-11
2  3.1009946634e+07 -1.5578717008e-11
3  2.3595980504e+07  5.5480124298e-12
4  1.8109128941e+07 -8.7584464117e-12
5  1.4546220196e+07  2.6586426703e-12
6  1.1571211285e+07 -4.0330626867e-12
7  8.9889770682e+06  2.1782450467e-12
8  7.0732326376e+06  3.1485502124e-12
9  5.5481598440e+06 -1.9603274950e-12
10  4.3309090184e+06 -1.0280808703e-12
11  3.4094012937e+06 -6.0689971889e-13
12  2.6248613682e+06 -3.1541489932e-13
13  1.9952369188e+06  3.1302391545e-13
14  1.5306485661e+06 -1.3825733922e-13
15  1.1868893284e+06 -1.4014909917e-12
16  8.9689700172e+05 -3.8876008422e-13
17  6.9088478843e+05  2.3889892677e-13
18  5.1933437609e+05  1.3074670005e-14
19  4.0070653388e+05  1.4177462066e-13
20  3.0404590184e+05 -9.8764523815e-14
21  2.3139820230e+05 -1.1965963556e-15
22  1.7653262089e+05 -5.6710598837e-14
23  1.3652369317e+05  2.8724100128e-14
24  1.0277622327e+05 -1.0980765870e-14
25  7.8682485820e+04  1.1995744800e-14
26  6.0053079446e+04 -2.4309291090e-14
27  4.5771932540e+04  5.9915210698e-15
28  3.5847637033e+04 -2.4002047485e-14
29  2.9224877396e+04  7.8991693577e-15
30  2.4655471137e+04  6.5270949648e-15
31  2.1687486497e+04  5.2652642410e-15
