0 -6.8177608986e+01 -3.5501878266e-15
1  1.8255910172e+04  7.3647229892e-15
2  1.2020395697e+04  3.8093934609e-15
3  9.5456407280e+03 -1.5103251782e-15
4  7.5490224145e+03  2.3567527087e-16
5  5.9738621481e+03 -1.8949746981e-15
6  4.6989459173e+03  3.8400238664e-15
7  3.7192221140e+03  1.6141988403e-15
8  2.9339455695e+03 -6.8378508142e-16
9  2.3047503754e+03 -5.0468091764e-16
10  1.8128623416e+03  5.7377482451e-16
11  1.4254093385e+03 -4.5602131004e-16
12  1.1289105668e+03 -4.4144154368e-17
13  8.9276462721e+02  2.5089782936e-16
14  7.0677148985e+02 -1.0140085521e-16
15  5.5979834342e+02 -3.8124741198e-17
16  4.4314252894e+02  4.5087457903e-17
17  3.5090898557e+02  1.1686619452e-17
18  2.7940502674e+02  1.6701605072e-16
19  2.2302194166e+02 -5.4523272587e-17
20  1.7755624228e+02 -3.3697299982e-17
21  1.4104449494e+02 -3.4622842296e-17
22  1.1182666585e+02  4.7286355434e-17
23  8.8463689422e+01 -8.6763702370e-18
24  6.9720396960e+01  1.3978002393e-17
25  5.4790035019e+01  1.1674019837e-17
26  4.2657799684e+01  5.4183638845e-18
27  3.2807108988e+01  1.4242964887e-17
28  2.4539572148e+01  4.4883217084e-18
29  1.7450838252e+01 -4.6017182442e-18
30  1.1106814931e+01 -5.0329638935e-18
31  5.2900179691e+00  1.4410148015e-19
