0  5.4174100664e+07  2.8554717004e-12
1  5.9124626578e+07  7.9508942376e-12
2  3.5730116175e+07  3.3751729840e-12
3  2.7269971482e+07  1.6994271357e-12
4  2.1696165345e+07 -1.0872074374e-11
5  1.7035661459e+07  1.1791091358e-11
6  1.3699856454e+07  5.9996131969e-12
7  1.0725247775e+07 -7.9408255678e-12
8  8.4748339238e+06 -3.5912230201e-12
9  6.7686599566e+06  2.2269617075e-12
10  5.4811755683e+06 -3.3691352794e-12
11  4.4309190105e+06  2.5213728330e-12
12  3.7192744800e+06 -9.1795898322e-14
13  3.0726251087e+06  1.4428933001e-12
14  2.4033686169e+06  4.4932558535e-13
15  1.9346222587e+06 -5.1316787579e-13
16  1.5440039021e+06  1.2384579297e-13
17  1.2426134546e+06  8.5969645438e-13
18  1.0093267594e+06 -3.2287057444e-14
19  8.1905368306e+05 -6.0111506239e-13
20  6.5097117249e+05  5.7808030536e-14
21  5.0664839827e+05  2.2498199146e-13
22  4.0681217823e+05 -1.1092056335e-14
23  3.2473220425e+05 -3.5440874192e-15
24  2.6610643576e+05  1.1629993039e-13
25  2.2406566084e+05  2.2926170395e-13
26  1.8583869885e+05 -1.0257438111e-14
27  1.5317300895e+05 -7.2721946883e-14
28  1.3106853257e+05  6.0714621047e-14
29  1.1504536402e+05 -8.4877409619e-15
30  1.0410165986e+05 -9.1175950884e-14
31  1.0030159711e+05 -7.9602463932e-14
