0  5.0811697124e+07 -2.3121931411e-11
1  5.4481801543e+07 -1.5089173969e-11
2  3.2144010499e+07 -1.2619024773e-12
3  2.4449116036e+07  2.9422667566e-11
4  1.9231528767e+07 -1.1999570139e-11
5  1.4840488412e+07 -5.1880931842e-12
6  1.1825846589e+07 -2.7792430380e-12
7  9.3383256897e+06  1.0486592549e-12
8  7.5789030286e+06  2.7468011709e-12
9  6.0613843090e+06 -8.6737123048e-13
10  4.8159570042e+06 -1.7559908531e-12
11  3.8760696269e+06 -1.1772044457e-12
12  3.0744131742e+06  1.3125557703e-12
13  2.4506875118e+06  3.3848770757e-13
14  1.9737273701e+06  5.2811700759e-13
15  1.6034669757e+06  1.0430022932e-12
16  1.2906660122e+06  3.2030937084e-13
17  1.0470794970e+06 -5.4036236541e-13
18  8.3467191351e+05 -1.3798287543e-13
19  6.8100948645e+05 -1.6762480798e-13
20  5.3930934700e+05 -1.3470406800e-13
21  4.3324037535e+05 -1.3099824868e-13
22  3.4940766328e+05 -4.1643400340e-14
23  2.8283242830e+05 -7.0790618603e-14
24  2.2658490500e+05 -1.8424956528e-13
25  1.8431145089e+05 -4.6895168474e-14
26  1.4705008656e+05  4.0511812925e-14
27  1.1865288565e+05  1.4091405100e-14
28  9.7065960846e+04  3.9865458360e-14
29  8.1538192317e+04  5.8217765367e-14
30  6.9622067119e+04 -5.1199551913e-14
31  6.3765997879e+04  7.7481004277e-15
