0  9.8365612996e+04  0.0000000000e+00
1  1.0112783232e+05  0.0000000000e+00
2  7.6969999303e+04  0.0000000000e+00
3  6.1596008092e+04  0.0000000000e+00
4  4.9171644821e+04  0.0000000000e+00
5  3.9059637767e+04  0.0000000000e+00
6  3.0840746560e+04  0.0000000000e+00
7  2.4289647265e+04  0.0000000000e+00
8  1.9068749592e+04  0.0000000000e+00
9  1.4913184331e+04  0.0000000000e+00
10  1.1585942782e+04  0.0000000000e+00
11  8.9703268766e+03  0.0000000000e+00
12  6.9415701253e+03  0.0000000000e+00
13  5.3862361312e+03  0.0000000000e+00
14  4.1917955517e+03  0.0000000000e+00
15  3.2700367588e+03  0.0000000000e+00
16  2.5508532894e+03  0.0000000000e+00
17  1.9945668049e+03  0.0000000000e+00
18  1.5676853469e+03  0.0000000000e+00
19  1.2381991812e+03  0.0000000000e+00
20  9.8266471143e+02  0.0000000000e+00
21  7.7985846909e+02  0.0000000000e+00
22  6.2038419790e+02  0.0000000000e+00
23  4.9534700580e+02  0.0000000000e+00
24  3.9547225754e+02  0.0000000000e+00
25  3.1597205530e+02  0.0000000000e+00
26  2.5423378478e+02  0.0000000000e+00
27  2.0763781162e+02  0.0000000000e+00
28  1.7395370543e+02  0.0000000000e+00
29  1.5008902192e+02  0.0000000000e+00
30  1.3363527231e+02  0.0000000000e+00
31  1.2414604614e+02  0.0000000000e+00
