0  9.5890231719e+04  0.0000000000e+00
1  9.9137740863e+04  0.0000000000e+00
2  7.5471629411e+04  0.0000000000e+00
3  6.0520091598e+04  0.0000000000e+00
4  4.8159311712e+04  0.0000000000e+00
5  3.8189086678e+04  0.0000000000e+00
6  3.0168783707e+04  0.0000000000e+00
7  2.3729996331e+04  0.0000000000e+00
8  1.8663410179e+04  0.0000000000e+00
9  1.4659417171e+04  0.0000000000e+00
10  1.1555948822e+04  0.0000000000e+00
11  9.1296580072e+03  0.0000000000e+00
12  7.2443985490e+03  0.0000000000e+00
13  5.7710725187e+03  0.0000000000e+00
14  4.6013045762e+03  0.0000000000e+00
15  3.6628388464e+03  0.0000000000e+00
16  2.9070559819e+03  0.0000000000e+00
17  2.3125609975e+03  0.0000000000e+00
18  1.8522443970e+03  0.0000000000e+00
19  1.4970997491e+03  0.0000000000e+00
20  1.2137635504e+03  0.0000000000e+00
21  9.8494343275e+02  0.0000000000e+00
22  7.9997780979e+02  0.0000000000e+00
23  6.4891167453e+02  0.0000000000e+00
24  5.2578877611e+02  0.0000000000e+00
25  4.2774462581e+02  0.0000000000e+00
26  3.5098096803e+02  0.0000000000e+00
27  2.9066928520e+02  0.0000000000e+00
28  2.4372985767e+02  0.0000000000e+00
29  2.0873627148e+02  0.0000000000e+00
30  1.8446057551e+02  0.0000000000e+00
31  1.6966416811e+02  0.0000000000e+00
