0 -1.0908712964e+02 -1.0088467334e-15
1  1.7408539280e+04  1.7975613563e-15
2  1.1331486947e+04  3.6188014128e-15
3  8.8632789794e+03 -3.9072740472e-16
4  6.8693962453e+03  3.0372252825e-15
5  5.3011973061e+03 -1.9166420126e-15
6  4.0814955305e+03 -5.5758950720e-16
7  3.1554117330e+03  7.5552226049e-16
8  2.4287218224e+03  1.0839979846e-15
9  1.8828823023e+03  4.4968973876e-16
10  1.4383414181e+03 -1.4076854315e-15
11  1.1039876334e+03 -4.4285412993e-16
12  8.5120097532e+02  2.3946489628e-16
13  6.5068593504e+02  5.0259155206e-16
14  5.0108718670e+02  2.3910744837e-16
15  3.8588858821e+02 -1.1047575445e-16
16  2.9623498144e+02  5.2628803991e-18
17  2.2598036104e+02 -1.5022034028e-16
18  1.7306153027e+02 -1.0833900796e-16
19  1.3226902911e+02 -2.4151450425e-17
20  1.0165924187e+02  3.5952128158e-17
21  7.7343010662e+01 -5.9729692946e-17
22  5.9579028369e+01 -2.6667667674e-17
23  4.5283003523e+01  4.6929860443e-18
24  3.4547111072e+01 -1.3454536032e-17
25  2.6055247421e+01  5.3555775673e-18
26  1.9566289594e+01 -9.5375380465e-18
27  1.4468030175e+01  1.5450410354e-18
28  1.0458242944e+01  2.2351081896e-19
29  7.1591623399e+00 -9.2564819267e-20
30  4.4540287499e+00 -4.0525232570e-19
31  2.0949555804e+00  3.2515477263e-19
