0 -2.9019266342e+02  5.6379402354e-16
1  1.8123717906e+04  6.4238851665e-16
2  1.1802112476e+04  9.9263547567e-16
3  9.2580751158e+03  7.9343587873e-16
4  7.1201104606e+03 -9.1249980611e-16
5  5.5386844540e+03  2.7652813578e-15
6  4.3212024391e+03  2.5270531413e-16
7  3.3450317668e+03 -9.3057008937e-16
8  2.5878651378e+03  7.3091849447e-16
9  1.9833765101e+03 -1.2119548580e-16
10  1.5201314365e+03 -1.2792107563e-15
11  1.1743407631e+03 -4.6386954675e-16
12  9.1506764452e+02  3.2377665002e-16
13  7.0525842017e+02  8.2325503836e-16
14  5.4524512930e+02 -1.9166391539e-16
15  4.2228583491e+02  5.6275677875e-17
16  3.2628012774e+02  2.2366328489e-16
17  2.5379479442e+02  8.1998189129e-17
18  1.9632058262e+02  9.5130693823e-17
19  1.5127657553e+02 -7.7420081928e-17
20  1.1622752036e+02 -2.2656331394e-17
21  8.8904848407e+01 -4.9499811344e-17
22  6.7755887564e+01  1.3601231551e-18
23  5.1328075768e+01  1.2434337787e-17
24  3.8773273931e+01 -2.8891235040e-18
25  2.9275354097e+01  1.7551581458e-18
26  2.1865791229e+01 -8.1429512384e-18
27  1.6088238515e+01 -2.7687389463e-19
28  1.1534914395e+01 -9.4870337070e-19
29  7.9046642236e+00 -2.6048910106e-19
30  4.8909137002e+00 -2.6316254880e-19
31  2.2173619514e+00 -7.3887742780e-19
