0 -1.2206473164e+02 -1.4878699113e-15
1  1.6762174563e+04 -2.4600979280e-15
2  1.0879706505e+04 -3.1377107333e-15
3  8.5723960577e+03 -3.1488685925e-15
4  6.6459336657e+03 -7.7126277963e-16
5  5.1800138705e+03  1.0114923349e-15
6  4.0373180904e+03  1.8649060872e-15
7  3.1321738705e+03  8.3451419734e-16
8  2.4147838481e+03  6.8639568991e-16
9  1.8566248727e+03  1.4917757920e-15
10  1.4223740666e+03 -3.2875932133e-16
11  1.0906214154e+03 -6.1539167080e-17
12  8.3949465671e+02 -1.7927357037e-16
13  6.4385728443e+02  2.8552697146e-16
14  4.9318696899e+02 -1.2464915676e-16
15  3.7585452788e+02  6.5806836705e-17
16  2.8533157011e+02  9.0888435185e-17
17  2.1625245388e+02 -5.2856867612e-17
18  1.6315322917e+02 -8.3026222429e-17
19  1.2336464394e+02  2.7648108310e-17
20  9.3243097956e+01 -6.2500443596e-18
21  7.0661828791e+01  3.9459400425e-17
22  5.3856760402e+01  1.9651799651e-17
23  4.1026359278e+01  8.6135839197e-18
24  3.0908504346e+01 -1.3873023247e-17
25  2.3176313582e+01 -1.7785574310e-18
26  1.7287417211e+01 -2.7465043315e-18
27  1.2729122213e+01  1.3173744610e-18
28  9.1512745801e+00 -2.6162730158e-19
29  6.2981173442e+00 -1.6794016366e-18
30  3.9217082740e+00 -7.9075819582e-19
31  1.9039261146e+00  5.5639476723e-19
