0  9.3537421165e+04  0.0000000000e+00
1  9.5639151317e+04  0.0000000000e+00
2  7.1378917112e+04  0.0000000000e+00
3  5.6174224221e+04  0.0000000000e+00
4  4.4043917665e+04  0.0000000000e+00
5  3.4504274280e+04  0.0000000000e+00
6  2.7073858916e+04  0.0000000000e+00
7  2.1309269956e+04  0.0000000000e+00
8  1.6844667917e+04  0.0000000000e+00
9  1.3350696831e+04  0.0000000000e+00
10  1.0586216172e+04  0.0000000000e+00
11  8.3868683542e+03  0.0000000000e+00
12  6.6402301260e+03  0.0000000000e+00
13  5.2452037343e+03  0.0000000000e+00
14  4.1334020945e+03  0.0000000000e+00
15  3.2478368399e+03  0.0000000000e+00
16  2.5401453958e+03  0.0000000000e+00
17  1.9726085401e+03  0.0000000000e+00
18  1.5237099271e+03  0.0000000000e+00
19  1.1715685115e+03  0.0000000000e+00
20  8.9884978503e+02  0.0000000000e+00
21  6.8916120578e+02  0.0000000000e+00
22  5.3062166660e+02  0.0000000000e+00
23  4.0999136020e+02  0.0000000000e+00
24  3.1853978012e+02  0.0000000000e+00
25  2.4866520704e+02  0.0000000000e+00
26  1.9634275279e+02  0.0000000000e+00
27  1.5724012389e+02  0.0000000000e+00
28  1.2870289149e+02  0.0000000000e+00
29  1.0846961831e+02  0.0000000000e+00
30  9.5306561470e+01  0.0000000000e+00
31  8.8163873746e+01  0.0000000000e+00
