0  9.7564428187e+04  0.0000000000e+00
1  9.9440976711e+04  0.0000000000e+00
2  7.4422605316e+04  0.0000000000e+00
3  5.8746070786e+04  0.0000000000e+00
4  4.6345208909e+04  0.0000000000e+00
5  3.6664119494e+04  0.0000000000e+00
6  2.9145992682e+04  0.0000000000e+00
7  2.3332827639e+04  0.0000000000e+00
8  1.8811275140e+04  0.0000000000e+00
9  1.5142578387e+04  0.0000000000e+00
10  1.2125957476e+04  0.0000000000e+00
11  9.6864986525e+03  0.0000000000e+00
12  7.7092129731e+03  0.0000000000e+00
13  6.1009971413e+03  0.0000000000e+00
14  4.8313100988e+03  0.0000000000e+00
15  3.8305945252e+03  0.0000000000e+00
16  3.0195669604e+03  0.0000000000e+00
17  2.3709075742e+03  0.0000000000e+00
18  1.8527965313e+03  0.0000000000e+00
19  1.4429793946e+03  0.0000000000e+00
20  1.1249047238e+03  0.0000000000e+00
21  8.7463774220e+02  0.0000000000e+00
22  6.7980001547e+02  0.0000000000e+00
23  5.2980899295e+02  0.0000000000e+00
24  4.1363799681e+02  0.0000000000e+00
25  3.2555486650e+02  0.0000000000e+00
26  2.5989324205e+02  0.0000000000e+00
27  2.1031252175e+02  0.0000000000e+00
28  1.7349002854e+02  0.0000000000e+00
29  1.4757984831e+02  0.0000000000e+00
30  1.2994055348e+02  0.0000000000e+00
31  1.1895188353e+02  0.0000000000e+00
