0 -1.3820284952e+02 -3.6247634130e-15
1  1.7393238299e+04  1.7863912152e-15
2  1.1598867456e+04  1.2278809832e-15
3  9.3268025173e+03 -3.5994023466e-15
4  7.4228222302e+03  4.4687965402e-16
5  5.9525627913e+03 -3.0146189525e-15
6  4.7763095258e+03  1.9633736673e-15
7  3.8663319753e+03 -1.0466064563e-15
8  3.1390707269e+03  1.2496404126e-16
9  2.5421418448e+03  2.0941119322e-15
10  2.0676048968e+03 -4.1458472296e-16
11  1.6795627221e+03  5.0531666880e-16
12  1.3643381328e+03  3.7383492078e-16
13  1.1043143763e+03  4.3592031823e-16
14  8.8982149730e+02  7.3948845619e-16
15  7.1692224053e+02 -8.3583093653e-17
16  5.7764410004e+02  5.4072042254e-17
17  4.6451408755e+02  2.0653733748e-17
18  3.7327346382e+02 -4.8754766458e-17
19  2.9976723601e+02 -1.0274192013e-17
20  2.4081055319e+02 -2.6570788281e-17
21  1.9387389507e+02  3.8301665205e-17
22  1.5581809094e+02  2.0202159308e-17
23  1.2512258647e+02  1.0989034881e-17
24  1.0033989705e+02  5.5401672223e-17
25  7.9697955173e+01 -1.4213212855e-17
26  6.2703498476e+01  1.9153532520e-19
27  4.8500529924e+01  2.5205265291e-17
28  3.6256017126e+01 -1.1020163342e-17
29  2.5645666703e+01  3.9516204572e-18
30  1.6075096898e+01 -2.0682956385e-18
31  7.2682343521e+00  4.8429108759e-19
