0  4.9517333728e+07 -2.0280272000e-11
1  4.8059367397e+07  1.3697840263e-11
2  2.8449521390e+07 -3.6182484803e-11
3  2.1277601446e+07 -4.2067734685e-12
4  1.6706812336e+07  4.4146748842e-13
5  1.2980599291e+07  5.9991359761e-12
6  9.9682751071e+06 -5.4691987553e-12
7  8.0079657211e+06 -4.0160982122e-12
8  6.0595811635e+06 -5.9560985028e-12
9  4.8053502045e+06  8.5133768910e-13
10  3.8032377955e+06 -1.6226967510e-12
11  2.8557128167e+06 -6.5752683873e-13
12  2.2159891350e+06 -1.2707878775e-12
13  1.6996710990e+06 -4.3920008698e-13
14  1.3293955242e+06 -7.1251828571e-13
15  1.0076015164e+06  7.5248180544e-13
16  7.4238421927e+05 -6.6927924800e-14
17  5.6727459314e+05  5.4983053778e-14
18  4.3192838861e+05  7.8164270200e-14
19  3.3998531946e+05 -1.6654993233e-13
20  2.5614218673e+05 -5.6348757549e-14
21  2.0416803759e+05  7.7734126458e-14
22  1.5443823522e+05 -1.2714936448e-13
23  1.2048262001e+05  8.4252494990e-15
24  9.5015903394e+04 -4.2315471687e-14
25  7.4395399495e+04  6.0418626697e-15
26  5.8268665502e+04  4.1263501349e-14
27  4.6239077108e+04  9.7981155120e-15
28  3.8056490814e+04  6.5476200719e-15
29  3.1136430498e+04 -9.7174779374e-15
30  2.6753037714e+04  3.2688795192e-15
31  2.4516840663e+04  1.6359009560e-14
