0  4.9291426258e+07 -2.2474359911e-11
1  4.7659965061e+07  2.4058571033e-12
2  3.0911879824e+07 -1.1594078794e-11
3  2.3370750818e+07  2.8580026623e-12
4  1.7831230738e+07  2.8304753285e-12
5  1.3833920669e+07 -7.4627035156e-12
6  1.0790605179e+07 -7.7134069303e-12
7  8.7387841603e+06 -1.7820319406e-12
8  6.7668159766e+06  1.8492346205e-12
9  5.3694021910e+06  1.1958899709e-12
10  4.2347281536e+06  5.4761414011e-13
11  3.2975547605e+06 -1.7499902635e-12
12  2.5618965498e+06 -5.7163012288e-13
13  1.9912934181e+06  6.6257623693e-13
14  1.5995011638e+06  3.1137649668e-13
15  1.2585523145e+06  8.9634467715e-13
16  9.6352908655e+05  2.6873453718e-13
17  7.8126105147e+05 -6.4221498220e-14
18  6.1582149086e+05 -1.2395330152e-13
19  4.9603718353e+05  8.9836619839e-14
20  3.9213212587e+05  6.4652403319e-14
21  3.0600717033e+05 -1.7893083857e-13
22  2.4586845688e+05 -3.8072767139e-14
23  1.9207166836e+05  9.7560160991e-14
24  1.5112033083e+05  6.6522339693e-14
25  1.2019143313e+05  7.8739225037e-14
26  9.3987308195e+04 -7.2405423582e-14
27  7.9428834837e+04  1.7679491483e-14
28  6.4125505544e+04 -4.1868463835e-15
29  5.5231852801e+04 -5.1634495324e-14
30  4.7918916377e+04 -4.9618777188e-15
31  4.4503028591e+04 -1.0180209131e-14
