0  5.6654477358e+07 -1.8266435808e-12
1  5.8435187653e+07  6.6646077572e-13
2  3.6102202614e+07  3.0151377497e-11
3  2.7711269610e+07 -4.1374448365e-12
4  2.1520891748e+07 -1.4980458357e-12
5  1.6939496600e+07  2.2546034972e-13
6  1.3415147437e+07  8.7892394301e-12
7  1.0506262175e+07  2.6596131696e-12
8  8.2155578826e+06  5.8764428560e-13
9  6.5817833821e+06  1.4019052675e-12
10  5.1884514016e+06  5.1234377597e-12
11  4.1291055878e+06 -1.7949304234e-13
12  3.2587228506e+06  2.7154610138e-13
13  2.5904362417e+06  3.0316367461e-13
14  1.9941934992e+06  7.9102098177e-13
15  1.5604173423e+06 -2.1669321737e-13
16  1.2058642789e+06  8.7515312917e-13
17  9.3417930196e+05 -6.8263483086e-15
18  7.3092958081e+05 -1.0384376194e-13
19  5.8305953932e+05 -1.0801908824e-13
20  4.5248384251e+05 -1.3644446629e-14
21  3.5325034130e+05  2.2897428578e-13
22  2.8494318320e+05 -9.6220663037e-14
23  2.2942734119e+05 -1.3801420972e-13
24  1.8204361884e+05  5.5709965845e-15
25  1.4356744200e+05 -7.7999673322e-15
26  1.1619481554e+05 -2.8602307721e-14
27  9.3880007128e+04 -4.4722115090e-15
28  7.9534248409e+04 -1.9832787467e-14
29  6.7486980530e+04 -5.4542539527e-14
30  5.7748240610e+04  1.5436769432e-14
31  5.3518794425e+04  1.0579986978e-14
