0  1.0809593773e+05  0.0000000000e+00
1  1.0950453902e+05  0.0000000000e+00
2  8.3567773370e+04  0.0000000000e+00
3  6.6749629152e+04  0.0000000000e+00
4  5.3006668377e+04  0.0000000000e+00
5  4.1998577889e+04  0.0000000000e+00
6  3.3062195948e+04  0.0000000000e+00
7  2.5921460549e+04  0.0000000000e+00
8  2.0290388632e+04  0.0000000000e+00
9  1.5922843746e+04  0.0000000000e+00
10  1.2549084125e+04  0.0000000000e+00
11  9.8804523052e+03  0.0000000000e+00
12  7.7108061209e+03  0.0000000000e+00
13  6.0023998508e+03  0.0000000000e+00
14  4.6758394503e+03  0.0000000000e+00
15  3.6431036512e+03  0.0000000000e+00
16  2.8385974321e+03  0.0000000000e+00
17  2.2220762944e+03  0.0000000000e+00
18  1.7467844819e+03  0.0000000000e+00
19  1.3745757669e+03  0.0000000000e+00
20  1.0829566208e+03  0.0000000000e+00
21  8.5663676438e+02  0.0000000000e+00
22  6.7904955860e+02  0.0000000000e+00
23  5.3847535804e+02  0.0000000000e+00
24  4.2595177146e+02  0.0000000000e+00
25  3.3586473075e+02  0.0000000000e+00
26  2.6629505869e+02  0.0000000000e+00
27  2.1345920487e+02  0.0000000000e+00
28  1.7347578078e+02  0.0000000000e+00
29  1.4471946010e+02  0.0000000000e+00
30  1.2586070286e+02  0.0000000000e+00
31  1.1502346601e+02  0.0000000000e+00
