0  4.7484040006e+07 -9.2183222131e-12
1  4.8460696169e+07  9.7859191722e-12
2  2.9417545746e+07  6.6530635061e-13
3  2.2430417894e+07 -3.1721726315e-12
4  1.6343958346e+07  3.9706822113e-13
5  1.2346509760e+07 -2.4762189116e-12
6  9.4272538811e+06 -2.4798227093e-12
7  7.1802623873e+06 -5.0241841896e-13
8  5.5187407255e+06 -9.4996361855e-13
9  4.1627957500e+06 -6.9376688282e-13
10  3.1978465371e+06  2.0187317732e-12
11  2.4498539847e+06 -2.8819037389e-13
12  1.8688482562e+06 -6.9422550506e-13
13  1.4065286319e+06  9.9045623406e-13
14  1.0934907420e+06 -1.5933047897e-13
15  8.2098446766e+05 -4.9294681943e-13
16  6.2280226662e+05  1.2180588443e-13
17  4.7825150325e+05  1.1578388700e-13
18  3.6325991855e+05  8.6976315166e-14
19  2.7255120574e+05  7.8282507675e-14
20  2.0556313773e+05  7.5468697119e-14
21  1.5319421067e+05  1.7338560969e-14
22  1.1661514118e+05  1.5633317532e-14
23  8.8046295308e+04 -1.1197495359e-13
24  6.6784937135e+04 -7.9182995478e-14
25  5.0646117338e+04 -3.7517880042e-15
26  3.9124996131e+04  2.6206861420e-14
27  3.0175277225e+04 -5.2737862477e-15
28  2.2994003437e+04  1.2872625569e-14
29  1.8962008661e+04 -7.2456556208e-15
30  1.5348629017e+04  1.0718807051e-15
31  1.4374841206e+04  1.2526604127e-14
