0  4.5110882839e+07  5.1685308878e-12
1  4.6040008320e+07  1.4717846377e-11
2  2.7824830548e+07  1.1434787730e-12
3  2.1362160244e+07  6.0942837186e-13
4  1.6292289559e+07  8.5419467323e-12
5  1.2905769925e+07  8.4117884442e-12
6  1.0044626382e+07  3.4283873934e-12
7  7.8352441507e+06  2.5546058633e-12
8  6.2557439929e+06  6.6131955075e-13
9  4.7754753254e+06  2.8610337676e-12
10  3.6676315262e+06 -1.2652042108e-12
11  2.8502373096e+06 -6.5105152686e-14
12  2.2982223694e+06  1.3361039295e-12
13  1.7887891627e+06 -9.4334293768e-13
14  1.4330338077e+06 -1.8696455306e-13
15  1.1372674498e+06 -1.8708405189e-13
16  8.9549254228e+05  1.2183056332e-14
17  7.0466389556e+05 -5.9799667560e-13
18  5.5546508547e+05 -3.4262857460e-13
19  4.5411986124e+05  8.1310839505e-14
20  3.6229132158e+05  2.8544009064e-13
21  2.9118321818e+05  2.6522429214e-13
22  2.3535888246e+05  1.3518491236e-13
23  1.9511979027e+05  1.5619306377e-13
24  1.5704233812e+05 -5.0236826984e-14
25  1.2700511068e+05 -3.6758257565e-14
26  1.0589272384e+05 -5.6417846787e-14
27  9.1355704032e+04  3.4352083681e-15
28  7.4763703871e+04  1.4193176361e-14
29  6.7603725041e+04 -1.6244417013e-14
30  6.0700811452e+04  5.2425760631e-15
31  5.7892526644e+04 -1.5519516609e-14
