0  5.0047049215e+07 -1.5568517053e-11
1  5.2805003870e+07 -3.9870424269e-11
2  3.1550583432e+07  1.4496914656e-11
3  2.4256482614e+07 -4.8635818695e-12
4  1.8227342291e+07  1.3169088184e-12
5  1.4306342625e+07 -6.9466749200e-12
6  1.1230183400e+07 -3.8282486321e-12
7  8.8107583549e+06  1.1373305097e-12
8  6.9124494775e+06  2.8126762497e-12
9  5.4233130207e+06  1.6544960877e-12
10  4.3147631334e+06  8.2628248811e-13
11  3.3276570973e+06 -4.1149497857e-13
12  2.6065350570e+06 -2.5352465365e-12
13  2.0771885897e+06 -8.4868263412e-13
14  1.6175525497e+06  4.1974217892e-14
15  1.2907355531e+06  2.8533621906e-13
16  1.0331677912e+06  9.9823865653e-13
17  8.0614339053e+05  7.5299308210e-13
18  6.4939316533e+05 -3.1280119452e-13
19  5.1668704500e+05  8.3334322061e-16
20  3.9940838242e+05  6.6387629568e-14
21  3.1576458017e+05 -1.4362324564e-13
22  2.5333973705e+05 -3.7616867489e-14
23  1.9160211519e+05  2.1317159846e-13
24  1.4980342651e+05 -1.4079573580e-14
25  1.1516644517e+05 -7.5098483143e-14
26  8.9010697723e+04 -7.1613658394e-14
27  7.2715540798e+04  1.3401099231e-14
28  6.0627564869e+04  2.9103247371e-14
29  5.1272601690e+04  1.2274016234e-14
30  4.4352891642e+04 -3.8952752950e-14
31  4.0800829697e+04 -1.5285196867e-14
