0  9.6673780993e+04  0.0000000000e+00
1  9.9503213522e+04  0.0000000000e+00
2  7.6144949589e+04  0.0000000000e+00
3  6.1602982893e+04  0.0000000000e+00
4  4.9319718937e+04  0.0000000000e+00
5  3.9051206128e+04  0.0000000000e+00
6  3.0766574836e+04  0.0000000000e+00
7  2.4287671676e+04  0.0000000000e+00
8  1.9138674502e+04  0.0000000000e+00
9  1.5040633372e+04  0.0000000000e+00
10  1.1770230282e+04  0.0000000000e+00
11  9.1759287611e+03  0.0000000000e+00
12  7.1273699131e+03  0.0000000000e+00
13  5.5361346056e+03  0.0000000000e+00
14  4.2935319160e+03  0.0000000000e+00
15  3.3344941344e+03  0.0000000000e+00
16  2.5858184999e+03  0.0000000000e+00
17  2.0039498677e+03  0.0000000000e+00
18  1.5512267028e+03  0.0000000000e+00
19  1.2027415933e+03  0.0000000000e+00
20  9.3453333359e+02  0.0000000000e+00
21  7.2849025472e+02  0.0000000000e+00
22  5.7059159372e+02  0.0000000000e+00
23  4.4824666427e+02  0.0000000000e+00
24  3.5325263779e+02  0.0000000000e+00
25  2.7940902429e+02  0.0000000000e+00
26  2.2236401383e+02  0.0000000000e+00
27  1.7819745727e+02  0.0000000000e+00
28  1.4433572701e+02  0.0000000000e+00
29  1.1994489120e+02  0.0000000000e+00
30  1.0409323437e+02  0.0000000000e+00
31  9.5304003027e+01  0.0000000000e+00
