0  4.9676500055e+07  7.9929287697e-12
1  5.4800438532e+07 -1.3432228026e-11
2  3.2260123366e+07  1.4490141045e-11
3  2.4072601679e+07  1.0529232976e-11
4  1.8623674767e+07 -2.5018840001e-12
5  1.4640725037e+07 -1.3655801801e-13
6  1.1009414169e+07 -4.4983952660e-12
7  8.3420940386e+06 -3.2335850348e-12
8  6.4990962240e+06  7.2420950080e-12
9  5.1488247726e+06  1.5062020688e-12
10  3.8732328556e+06 -1.8088530690e-13
11  3.0387041252e+06 -2.8289393322e-12
12  2.3231361970e+06 -1.8262182183e-12
13  1.8067364247e+06  2.6620217860e-13
14  1.3792797504e+06  4.1085234107e-13
15  1.0352586122e+06 -2.7510989697e-13
16  8.2161851893e+05 -9.7137660293e-13
17  6.0803978920e+05  3.3723204196e-13
18  4.6086709270e+05 -3.3734954719e-13
19  3.4312408745e+05  1.0547582320e-14
20  2.6423422690e+05 -3.0253610841e-14
21  1.9675398388e+05  2.3490048388e-14
22  1.5087146376e+05  4.4391930191e-14
23  1.1283939424e+05  1.9111549333e-14
24  8.4844485200e+04  2.9901433100e-14
25  6.5131588377e+04  7.2400497301e-15
26  4.8941168876e+04 -1.6982559916e-14
27  3.7102125875e+04 -1.3154260801e-15
28  2.9350041047e+04 -3.9256187874e-15
29  2.3464286134e+04  1.0977155043e-14
30  1.9727468002e+04 -1.5462082368e-16
31  1.7602343326e+04  1.6568317522e-15
