0  4.8767294192e+07 -8.4064369769e-12
1  5.2333935428e+07 -8.9940833695e-12
2  3.0336417510e+07 -1.8609796016e-11
3  2.2816616223e+07 -1.4780993847e-11
4  1.6946705735e+07  2.8322150998e-12
5  1.3202542683e+07 -2.8907572187e-13
6  1.0253928810e+07 -5.8085626227e-12
7  7.8118474584e+06 -3.6716845743e-12
8  5.9655520081e+06  9.8324572029e-13
9  4.6578111547e+06 -2.7266925335e-12
10  3.5900135400e+06 -1.1039357702e-12
11  2.7162936111e+06 -7.3687646248e-14
12  2.0817953466e+06 -5.7347485578e-13
13  1.5644475627e+06 -8.9564419447e-14
14  1.1757774423e+06 -4.3511051257e-13
15  8.8653562972e+05 -4.6662917263e-13
16  6.7868004190e+05 -6.0463691046e-13
17  5.1491264448e+05 -2.2405071044e-13
18  3.9503105442e+05 -2.9328965730e-14
19  2.9542738343e+05 -2.1216391968e-13
20  2.2822256499e+05  3.0095069753e-13
21  1.7482597505e+05  6.1523707368e-14
22  1.3198663164e+05 -4.3606214013e-14
23  9.9181625720e+04  1.0681693493e-13
24  7.4061825541e+04 -1.8244218745e-14
25  5.6438681369e+04 -1.7524322824e-14
26  4.3974240083e+04 -4.2013317407e-14
27  3.4255668914e+04  1.8103944704e-14
28  2.6288829345e+04  2.8874172024e-15
29  2.0860042687e+04 -1.4748488726e-14
30  1.7791048850e+04  1.3810402806e-14
31  1.5874916515e+04 -2.0653292299e-15
