0  4.8820371563e+07  7.6899974274e-12
1  5.4513936284e+07  2.6174412029e-11
2  3.3125401824e+07  2.6116905046e-11
3  2.4378501399e+07  7.8597588815e-12
4  1.8625976233e+07  4.1774618151e-12
5  1.4771265489e+07 -5.8797065375e-12
6  1.1589463740e+07 -4.1697522911e-12
7  9.0236170939e+06  6.6985882271e-12
8  6.8786130747e+06  3.9904356574e-12
9  5.3970598008e+06 -2.8092351978e-12
10  4.0546150650e+06 -7.0541597508e-13
11  3.2506775034e+06  2.7808326653e-13
12  2.5830466231e+06 -2.0290940288e-12
13  1.9879779789e+06  8.1852180623e-13
14  1.5840316325e+06  8.9939266302e-13
15  1.2454378431e+06  7.7658909879e-14
16  9.9048097592e+05  4.0338114803e-13
17  7.8423952451e+05 -1.2355018175e-13
18  6.1438944572e+05  2.0948511460e-13
19  4.7948581635e+05  9.9276936087e-14
20  3.7389149951e+05  6.2848509905e-14
21  2.9092436370e+05  4.8227485806e-14
22  2.2615048600e+05  2.2800586142e-14
23  1.8234485942e+05  5.5336397485e-14
24  1.4176754384e+05  9.2359435615e-15
25  1.1080096160e+05  6.6031574690e-14
26  8.7043229923e+04  1.9409205557e-14
27  6.9016314026e+04  2.5039739796e-14
28  5.6133052535e+04 -3.7618667573e-14
29  4.6580067596e+04 -1.3330229315e-16
30  3.9596947406e+04 -3.3939495538e-15
31  3.5503774838e+04 -2.3723430754e-14
