0  9.9709087226e+04  0.0000000000e+00
1  1.0176825121e+05  0.0000000000e+00
2  7.6764073240e+04  0.0000000000e+00
3  6.0720177426e+04  0.0000000000e+00
4  4.7826243771e+04  0.0000000000e+00
5  3.7657822301e+04  0.0000000000e+00
6  2.9613677806e+04  0.0000000000e+00
7  2.3322571492e+04  0.0000000000e+00
8  1.8372767377e+04  0.0000000000e+00
9  1.4565710452e+04  0.0000000000e+00
10  1.1606361215e+04  0.0000000000e+00
11  9.2119716498e+03  0.0000000000e+00
12  7.2779249465e+03  0.0000000000e+00
13  5.7434591201e+03  0.0000000000e+00
14  4.5270807110e+03  0.0000000000e+00
15  3.5658402130e+03  0.0000000000e+00
16  2.8152150011e+03  0.0000000000e+00
17  2.2244869898e+03  0.0000000000e+00
18  1.7679346022e+03  0.0000000000e+00
19  1.4094354376e+03  0.0000000000e+00
20  1.1261060893e+03  0.0000000000e+00
21  9.0889230456e+02  0.0000000000e+00
22  7.3793276056e+02  0.0000000000e+00
23  5.9905820425e+02  0.0000000000e+00
24  4.8603053069e+02  0.0000000000e+00
25  3.9621072490e+02  0.0000000000e+00
26  3.2435285111e+02  0.0000000000e+00
27  2.6847040544e+02  0.0000000000e+00
28  2.2601625283e+02  0.0000000000e+00
29  1.9323684901e+02  0.0000000000e+00
30  1.7001395332e+02  0.0000000000e+00
31  1.5600401355e+02  0.0000000000e+00
