0  5.1809659097e+07  2.1374800081e-11
1  5.8274112321e+07 -4.4770755401e-12
2  3.4238828780e+07  1.3588569129e-11
3  2.6070021971e+07  5.6491587209e-12
4  2.0259786092e+07 -1.3127659700e-11
5  1.5823578356e+07 -5.5374048687e-12
6  1.2550610682e+07  3.6728234277e-12
7  9.7544291540e+06  7.4743529969e-12
8  7.6892786895e+06  3.7324801937e-13
9  6.1254406267e+06  2.7394283024e-12
10  4.7158976466e+06 -4.9084798661e-12
11  3.7437645550e+06 -9.8640135731e-13
12  2.9182079284e+06 -1.1930314089e-12
13  2.2955919129e+06 -9.7065561544e-13
14  1.8187006574e+06 -3.7272442837e-13
15  1.3977982273e+06 -5.7038870357e-14
16  1.1161650559e+06  1.0553343367e-12
17  8.6664647288e+05 -4.2691199361e-14
18  6.7699907360e+05  2.1767398321e-14
19  5.3229166547e+05  1.0920063665e-13
20  4.1117955309e+05  5.1154877721e-14
21  3.2300892404e+05 -8.1293207073e-14
22  2.4776028343e+05 -7.2897146960e-14
23  1.9592277937e+05 -7.5616309074e-14
24  1.4868766502e+05  1.4768011891e-13
25  1.1593159222e+05 -1.6107722797e-14
26  9.0293853943e+04  6.4507208675e-14
27  7.2676217279e+04 -6.5073838119e-14
28  6.0831977244e+04 -4.3578284293e-14
29  5.1208265726e+04 -4.8723074919e-15
30  4.5191313295e+04 -1.0135933035e-14
31  4.1664569170e+04  2.7458960129e-15
