0  8.9968838391e+04  0.0000000000e+00
1  9.2638320523e+04  0.0000000000e+00
2  6.9260266212e+04  0.0000000000e+00
3  5.4890718573e+04  0.0000000000e+00
4  4.3432544167e+04  0.0000000000e+00
5  3.4489266919e+04  0.0000000000e+00
6  2.7504667647e+04  0.0000000000e+00
7  2.1908287290e+04  0.0000000000e+00
8  1.7413239299e+04  0.0000000000e+00
9  1.3803200115e+04  0.0000000000e+00
10  1.0927211175e+04  0.0000000000e+00
11  8.6311787352e+03  0.0000000000e+00
12  6.8109381288e+03  0.0000000000e+00
13  5.3844476047e+03  0.0000000000e+00
14  4.2479035418e+03  0.0000000000e+00
15  3.3496732512e+03  0.0000000000e+00
16  2.6485477068e+03  0.0000000000e+00
17  2.0919947875e+03  0.0000000000e+00
18  1.6523252457e+03  0.0000000000e+00
19  1.3049413576e+03  0.0000000000e+00
20  1.0285407850e+03  0.0000000000e+00
21  8.1091309718e+02  0.0000000000e+00
22  6.4176171465e+02  0.0000000000e+00
23  5.0943088807e+02  0.0000000000e+00
24  4.0361306595e+02  0.0000000000e+00
25  3.1870823671e+02  0.0000000000e+00
26  2.5095714071e+02  0.0000000000e+00
27  1.9858467558e+02  0.0000000000e+00
28  1.5960621304e+02  0.0000000000e+00
29  1.3117346826e+02  0.0000000000e+00
30  1.1160186341e+02  0.0000000000e+00
31  9.9860126527e+01  0.0000000000e+00
