0  5.0911010196e+07  9.1265689075e-12
1  5.4945530214e+07 -3.4817778532e-11
2  3.2186268978e+07 -3.4186439404e-12
3  2.3722591334e+07 -6.2200608673e-12
4  1.8324863336e+07  7.4983845069e-12
5  1.3875957130e+07 -5.0312758857e-12
6  1.0985859461e+07 -5.6064924825e-12
7  8.6292872476e+06 -4.9158379769e-12
8  6.8488245705e+06  4.9698641449e-13
9  5.2406518576e+06  3.0194161140e-12
10  3.9796182794e+06 -6.0857241318e-15
11  3.0834733176e+06 -5.9267888696e-13
12  2.3471380249e+06 -6.2550293720e-13
13  1.8329526420e+06  3.1416659802e-13
14  1.3946704999e+06 -2.3478952038e-14
15  1.0619919542e+06  3.6533710753e-13
16  8.0631516008e+05 -5.6285561273e-13
17  6.2316433068e+05 -1.6690464050e-13
18  4.8922272830e+05  4.8483015309e-14
19  3.8743244436e+05 -1.2263757778e-13
20  2.9563967279e+05  2.1844545196e-13
21  2.2425374492e+05 -4.1690293772e-14
22  1.7995065414e+05  6.9213791728e-14
23  1.4240574675e+05  1.3131952948e-13
24  1.0718663305e+05 -2.2076037645e-14
25  8.5342408129e+04  8.5603343961e-15
26  6.5120530607e+04 -1.0810549432e-14
27  5.0526049542e+04 -5.6088704236e-15
28  4.0677690049e+04  2.0651978009e-14
29  3.3379439133e+04 -8.8825083117e-15
30  2.7865544844e+04 -5.8058114023e-15
31  2.4254169866e+04  1.7921291062e-14
