0  9.0477047555e+04  0.0000000000e+00
1  9.2943488043e+04  0.0000000000e+00
2  6.9182827160e+04  0.0000000000e+00
3  5.4749974160e+04  0.0000000000e+00
4  4.3162158925e+04  0.0000000000e+00
5  3.4114391488e+04  0.0000000000e+00
6  2.7095226164e+04  0.0000000000e+00
7  2.1465204387e+04  0.0000000000e+00
8  1.6881627673e+04  0.0000000000e+00
9  1.3227591222e+04  0.0000000000e+00
10  1.0342752520e+04  0.0000000000e+00
11  8.0768497442e+03  0.0000000000e+00
12  6.3000153838e+03  0.0000000000e+00
13  4.8919430750e+03  0.0000000000e+00
14  3.7984186116e+03  0.0000000000e+00
15  2.9753379767e+03  0.0000000000e+00
16  2.3393351760e+03  0.0000000000e+00
17  1.8366402981e+03  0.0000000000e+00
18  1.4456144630e+03  0.0000000000e+00
19  1.1447388958e+03  0.0000000000e+00
20  9.0720908141e+02  0.0000000000e+00
21  7.1541068947e+02  0.0000000000e+00
22  5.6082465379e+02  0.0000000000e+00
23  4.4007879641e+02  0.0000000000e+00
24  3.4666730132e+02  0.0000000000e+00
25  2.7515857172e+02  0.0000000000e+00
26  2.1991404727e+02  0.0000000000e+00
27  1.7702394341e+02  0.0000000000e+00
28  1.4522625182e+02  0.0000000000e+00
29  1.2254205806e+02  0.0000000000e+00
30  1.0711799449e+02  0.0000000000e+00
31  9.7966557936e+01  0.0000000000e+00
