0  9.8632401509e+04  0.0000000000e+00
1  1.0113287174e+05  0.0000000000e+00
2  7.6824730143e+04  0.0000000000e+00
3  6.1359066958e+04  0.0000000000e+00
4  4.8627999244e+04  0.0000000000e+00
5  3.8442241316e+04  0.0000000000e+00
6  3.0252625635e+04  0.0000000000e+00
7  2.3642636939e+04  0.0000000000e+00
8  1.8371075957e+04  0.0000000000e+00
9  1.4263422120e+04  0.0000000000e+00
10  1.1079413656e+04  0.0000000000e+00
11  8.6311692250e+03  0.0000000000e+00
12  6.7202434887e+03  0.0000000000e+00
13  5.2268690173e+03  0.0000000000e+00
14  4.0724843104e+03  0.0000000000e+00
15  3.1788783602e+03  0.0000000000e+00
16  2.4757370923e+03  0.0000000000e+00
17  1.9259727576e+03  0.0000000000e+00
18  1.5056986659e+03  0.0000000000e+00
19  1.1795140575e+03  0.0000000000e+00
20  9.2222006313e+02  0.0000000000e+00
21  7.1648505464e+02  0.0000000000e+00
22  5.5183244807e+02  0.0000000000e+00
23  4.2346699669e+02  0.0000000000e+00
24  3.2526035440e+02  0.0000000000e+00
25  2.5130986981e+02  0.0000000000e+00
26  1.9746180514e+02  0.0000000000e+00
27  1.5831782648e+02  0.0000000000e+00
28  1.2910898068e+02  0.0000000000e+00
29  1.0749960096e+02  0.0000000000e+00
30  9.2792762959e+01  0.0000000000e+00
31  8.4505562557e+01  0.0000000000e+00
