0  5.1321394884e+07  2.0859436604e-11
1  5.2800768865e+07 -2.2406617971e-12
2  3.1403441687e+07  1.3213973725e-13
3  2.3566324354e+07  5.0465094189e-12
4  1.9508766096e+07  5.1751317408e-13
5  1.5618749906e+07  1.1326435514e-13
6  1.2544048931e+07 -3.5411001595e-12
7  1.0144135679e+07  2.6600847619e-12
8  7.9636195401e+06 -4.9726552819e-12
9  6.5019533606e+06 -2.4745233773e-12
10  5.0486490756e+06  1.0230166815e-12
11  4.1049355197e+06 -9.2912331626e-13
12  3.3680115546e+06  3.8819914594e-12
13  2.6911861721e+06 -1.2047779546e-12
14  2.1049830004e+06  3.6278593661e-13
15  1.6808287674e+06 -3.4479746383e-14
16  1.3416842717e+06 -9.8992155742e-13
17  1.0693641832e+06 -8.4525745076e-14
18  8.5162963612e+05  1.7683305868e-14
19  6.7421844592e+05 -2.2158243313e-13
20  5.4422940193e+05 -1.2071827843e-13
21  4.3809466447e+05 -2.8477489709e-13
22  3.5383889110e+05  1.5073979035e-13
23  2.9267238777e+05 -1.2836042811e-13
24  2.3755735808e+05 -7.4473157624e-14
25  1.9636361609e+05  7.6839724404e-14
26  1.6232720306e+05  9.8802507194e-14
27  1.3453442007e+05  1.4860160444e-14
28  1.1490784344e+05  1.4885189768e-14
29  9.9004200174e+04 -2.1363996378e-14
30  8.9118906399e+04  5.4760556228e-15
31  8.5566982106e+04 -3.5290104001e-14
