0  6.1831609256e+07  1.5830530479e-11
1  6.2146349579e+07  4.2280913771e-11
2  3.9609223584e+07 -5.5916924550e-13
3  3.0529452095e+07  3.3823487251e-11
4  2.3675193862e+07  5.1108685334e-12
5  1.8359323757e+07  7.3647969517e-12
6  1.4619046791e+07  6.6088528752e-12
7  1.1534829184e+07  5.2964985145e-12
8  9.0031705780e+06 -2.5150592887e-15
9  7.0855649958e+06 -6.0791339349e-12
10  5.6767393361e+06  3.3549588512e-12
11  4.4084907726e+06  3.5044396416e-12
12  3.4718608740e+06  2.7277226445e-12
13  2.7107806135e+06 -1.9539302207e-12
14  2.1041251561e+06  8.3124006927e-13
15  1.6514867215e+06 -1.1274099153e-12
16  1.2567163903e+06  1.4379888034e-13
17  9.4614780967e+05 -2.1532568578e-13
18  7.2458000442e+05 -5.7848421600e-14
19  5.3883086513e+05 -3.9666214846e-13
20  4.2154639921e+05 -4.9639813979e-14
21  3.2039827154e+05  5.6166325896e-14
22  2.5371406754e+05 -3.6980746970e-13
23  1.9284256144e+05  9.7982950297e-14
24  1.5097783354e+05  5.0855349040e-15
25  1.1329509864e+05 -3.6577742252e-14
26  8.6284580326e+04 -5.8014741800e-15
27  6.8872580360e+04  1.4481078178e-14
28  5.3964731801e+04  6.5355080550e-15
29  4.2432758580e+04  1.1826263275e-14
30  3.6006067719e+04  1.7151150570e-15
31  3.2135997932e+04 -1.9775922608e-14
