0  2.5362118601e+02  1.5636997948e-15
1  1.7404367744e+04 -2.2946099248e-15
2  1.1405106507e+04  2.3085457343e-15
3  8.9899492109e+03  2.1928103288e-15
4  6.9633669721e+03  1.4700913250e-15
5  5.4494431880e+03  4.3293590352e-16
6  4.2579758780e+03 -2.9868668709e-16
7  3.3254826044e+03  2.2776313611e-16
8  2.5845240777e+03 -8.8883232914e-16
9  2.0121716336e+03 -2.3259535320e-16
10  1.5635598347e+03  6.6794964166e-16
11  1.2161395399e+03 -2.0773610086e-16
12  9.5544950299e+02  2.1982360513e-16
13  7.4599054772e+02 -1.6931023945e-17
14  5.8348949498e+02  8.1762396333e-17
15  4.5900124309e+02 -6.9426843763e-17
16  3.5932819738e+02  8.8253130398e-17
17  2.8231301178e+02  4.9550156865e-17
18  2.2132933883e+02  5.4873547180e-17
19  1.7368235112e+02 -5.4232872635e-17
20  1.3518219392e+02  3.8973203513e-17
21  1.0554766217e+02  3.3604920452e-17
22  8.2214605825e+01 -8.6078664474e-18
23  6.3894980946e+01 -5.5220195414e-18
24  4.9261423534e+01  2.0351554745e-18
25  3.7510975441e+01 -8.6556973391e-18
26  2.8234417229e+01 -1.8235560563e-18
27  2.0978080231e+01 -5.0105175204e-18
28  1.5180794090e+01 -3.3189927247e-18
29  1.0452371555e+01  2.6522719161e-19
30  6.4330444672e+00  1.8988890491e-18
31  2.9070550368e+00 -4.8302053817e-19
