0  5.8901369973e+07 -1.0338346092e-11
1  5.7289587572e+07 -3.3192525470e-11
2  3.6053179524e+07  9.0576870195e-12
3  2.7343891540e+07 -8.1968963432e-12
4  2.1147656262e+07  1.0924687774e-11
5  1.6108573134e+07  1.6165278167e-11
6  1.2824835987e+07 -1.1641429220e-11
7  9.7119751608e+06  1.5752295915e-12
8  7.3950051877e+06 -3.3854827123e-12
9  5.5478199072e+06 -2.6810097729e-12
10  4.3406024909e+06  2.7448219273e-12
11  3.3097064866e+06 -2.9124023791e-13
12  2.5996221896e+06  1.1459387145e-12
13  1.9972201950e+06 -1.1454265766e-12
14  1.5194445606e+06  4.1755596773e-13
15  1.1769095929e+06 -5.1067118116e-13
16  8.9434432622e+05 -1.6234137558e-13
17  7.3274124066e+05  4.1459940407e-13
18  5.7565841385e+05 -4.5257438747e-13
19  4.5387506539e+05 -5.0859357023e-13
20  3.5402451728e+05 -1.6903264250e-13
21  2.6762257637e+05  3.3432256072e-14
22  2.0701959792e+05 -9.1460930792e-14
23  1.6012760086e+05  3.4590667366e-14
24  1.2710827122e+05 -9.6123680741e-14
25  9.8866330020e+04  4.6551504144e-14
26  7.9288045977e+04 -5.4460021824e-15
27  6.4759152317e+04 -7.4509995980e-14
28  5.0846420266e+04  3.2748282753e-14
29  4.4063476807e+04 -3.3930673160e-15
30  3.8087870710e+04 -1.4837162266e-14
31  3.5049851304e+04 -1.8676564958e-15
