0  2.5475850695e+02  6.9857467373e-16
1  1.7074464099e+04 -4.2225994260e-15
2  1.1158801263e+04  9.9256379550e-18
3  8.7226365069e+03  3.9588367544e-15
4  6.7231026884e+03  9.2912907457e-16
5  5.2357268386e+03  1.3371997965e-15
6  4.0340289285e+03 -1.6814673117e-15
7  3.1251415947e+03  4.7987148143e-16
8  2.4050429426e+03 -1.9027986355e-16
9  1.8597295540e+03 -1.3320777883e-15
10  1.4445675099e+03 -7.3550528376e-16
11  1.1277295751e+03  1.0370408603e-15
12  8.6947441723e+02  7.8947705849e-17
13  6.6749564815e+02 -1.3435806016e-16
14  5.0521436326e+02  2.0764099495e-17
15  3.8836461307e+02  2.5927572636e-17
16  2.9567642523e+02 -6.0834647426e-17
17  2.2572772123e+02  9.0254536903e-18
18  1.7345114007e+02 -9.8808616759e-17
19  1.3408249749e+02  9.0907652245e-17
20  1.0337483522e+02  2.5025588427e-18
21  7.9558241711e+01 -3.1426603174e-17
22  6.1310888437e+01 -5.2121695953e-17
23  4.7314282661e+01  6.6928308327e-18
24  3.6462296146e+01  3.6245386846e-17
25  2.7781706126e+01  2.4196237292e-17
26  2.1236508655e+01 -4.5694251131e-18
27  1.5832146680e+01 -7.1819923598e-18
28  1.1580071148e+01  3.6808346119e-18
29  8.0046288888e+00  9.7938184526e-20
30  5.1409148606e+00 -1.3653112319e-19
31  2.5926555514e+00  7.9859325058e-19
