0 -5.5656206166e+01  4.7802177323e-15
1  1.8905811556e+04  4.0805113432e-15
2  1.2393608292e+04  1.0334259354e-15
3  9.7428457064e+03 -5.9762945342e-15
4  7.5635876233e+03  2.6311342089e-16
5  5.9000818604e+03  1.4165642426e-15
6  4.5828548004e+03 -5.9344398834e-17
7  3.5602237916e+03  9.8060607257e-17
8  2.7675814077e+03  1.8482131854e-16
9  2.1449534209e+03 -7.7349894661e-16
10  1.6623884515e+03 -1.2347792195e-16
11  1.2886959256e+03 -2.7777789055e-16
12  9.9864824578e+02 -6.3703839186e-16
13  7.7912901984e+02 -4.1227105246e-16
14  6.0680486874e+02 -3.3893112824e-16
15  4.7229887174e+02  8.8008205527e-17
16  3.6601212658e+02 -3.3404703039e-16
17  2.8514561299e+02  3.1629798437e-18
18  2.2154618153e+02 -4.9578161892e-17
19  1.7253308103e+02 -4.0602047871e-17
20  1.3433635585e+02 -8.4792127306e-17
21  1.0448698135e+02 -5.0726685629e-18
22  8.0930064032e+01 -8.7753672127e-18
23  6.2463141022e+01  3.6256292395e-17
24  4.8212594705e+01 -1.3770638140e-17
25  3.7284491067e+01 -1.3733739267e-17
26  2.8531607489e+01  4.7231615930e-18
27  2.1648855340e+01 -7.9039555984e-18
28  1.5867616321e+01 -3.4179897004e-18
29  1.1047617546e+01  5.1033735072e-18
30  6.9093784457e+00 -1.3277241448e-18
31  3.2942733814e+00  3.1197282239e-19
