0 -3.9685525868e+01  3.6495640613e-15
1  1.8692154326e+04  7.4333070352e-17
2  1.2450962706e+04  7.5916429040e-16
3  1.0005807266e+04  6.6690080311e-18
4  7.9863710654e+03 -3.4756758205e-16
5  6.3992673547e+03  2.1627694583e-15
6  5.1109367086e+03 -1.6279033040e-15
7  4.0819838719e+03 -9.5560372461e-16
8  3.2746082461e+03  9.5668432689e-16
9  2.6346546212e+03 -1.0542489699e-16
10  2.1281119760e+03 -7.8516947244e-16
11  1.7233761165e+03 -4.9523094162e-16
12  1.3934463031e+03  1.1047406039e-15
13  1.1253178429e+03 -1.2884133457e-16
14  9.0812352094e+02  5.1536967934e-16
15  7.3073811770e+02 -5.5072599923e-17
16  5.8707693182e+02  5.1116850180e-16
17  4.7138953526e+02  2.0421646721e-16
18  3.7858366594e+02 -4.6002253486e-17
19  3.0159634172e+02 -2.2048267617e-17
20  2.4193121345e+02 -1.1003381501e-17
21  1.9283085721e+02  1.8591732624e-16
22  1.5445434033e+02 -1.5537972384e-17
23  1.2322033202e+02  6.7089668104e-17
24  9.8618611941e+01 -2.0836904623e-17
25  7.8083140808e+01  1.0171595147e-17
26  6.1347087433e+01  3.9766502808e-17
27  4.7404814585e+01  2.0453516336e-17
28  3.5744514800e+01  1.7778586288e-17
29  2.5620775793e+01  5.5837470674e-18
30  1.6792224765e+01  2.9758914415e-18
31  8.4928214365e+00  6.9837866501e-19
