0  1.0835656020e+05  0.0000000000e+00
1  1.1099285841e+05  0.0000000000e+00
2  8.6084353065e+04  0.0000000000e+00
3  6.9404602518e+04  0.0000000000e+00
4  5.5429249079e+04  0.0000000000e+00
5  4.3967157886e+04  0.0000000000e+00
6  3.4824480175e+04  0.0000000000e+00
7  2.7520050006e+04  0.0000000000e+00
8  2.1755993690e+04  0.0000000000e+00
9  1.7189505977e+04  0.0000000000e+00
10  1.3646756517e+04  0.0000000000e+00
11  1.0826113583e+04  0.0000000000e+00
12  8.6018901781e+03  0.0000000000e+00
13  6.8378766505e+03  0.0000000000e+00
14  5.4094716734e+03  0.0000000000e+00
15  4.2509649629e+03  0.0000000000e+00
16  3.3356434579e+03  0.0000000000e+00
17  2.6296116334e+03  0.0000000000e+00
18  2.0693027264e+03  0.0000000000e+00
19  1.6242086269e+03  0.0000000000e+00
20  1.2779930450e+03  0.0000000000e+00
21  1.0133074867e+03  0.0000000000e+00
22  8.0501323829e+02  0.0000000000e+00
23  6.4123618790e+02  0.0000000000e+00
24  5.1309193739e+02  0.0000000000e+00
25  4.1198934629e+02  0.0000000000e+00
26  3.3314144978e+02  0.0000000000e+00
27  2.7061754186e+02  0.0000000000e+00
28  2.2259901150e+02  0.0000000000e+00
29  1.8737793904e+02  0.0000000000e+00
30  1.6267432653e+02  0.0000000000e+00
31  1.4700731702e+02  0.0000000000e+00
