0  4.6327586010e+07 -1.2673718356e-11
1  5.4771482069e+07  3.1447738443e-11
2  3.0802466513e+07  1.4867160339e-11
3  2.2697462728e+07 -3.4264895530e-12
4  1.7407576237e+07  5.9331908568e-12
5  1.3501415641e+07 -2.0907864102e-12
6  1.0691729621e+07 -7.2096246359e-13
7  8.3397318216e+06 -8.9027942791e-13
8  6.5384257483e+06 -6.0376696470e-13
9  5.1012405942e+06  1.3942968965e-12
10  4.0285216923e+06 -5.5436025211e-13
11  3.1851598261e+06 -5.7110704795e-13
12  2.5353610697e+06 -1.2161908218e-12
13  2.0039718774e+06  1.1339159796e-12
14  1.5888244759e+06  1.0644045372e-12
15  1.2362641149e+06  2.6674183498e-13
16  9.7851583504e+05 -5.8308352019e-13
17  7.7170738392e+05 -4.5108980684e-13
18  6.1988076081e+05 -2.7015060497e-13
19  4.9289019241e+05 -7.3450423369e-14
20  3.8063945772e+05  2.2861235659e-14
21  2.9971035472e+05  1.1980269940e-13
22  2.3872211774e+05  7.1857730046e-14
23  1.9475993260e+05  3.8700518403e-14
24  1.5547134462e+05 -9.2380662749e-15
25  1.2372711973e+05 -1.2241383844e-13
26  1.0005925877e+05 -1.7394785423e-14
27  8.1147195714e+04 -9.9248431576e-14
28  6.6939956180e+04 -1.9628851871e-14
29  5.5183817512e+04  2.4687148521e-14
30  4.7677464258e+04 -1.7341872651e-14
31  4.3340812451e+04 -1.2693768675e-14
