0 -1.3330221242e+02 -3.2742238571e-16
1  1.7294790381e+04 -4.2583984265e-15
2  1.1257564903e+04  7.0869522985e-15
3  8.8539149498e+03  2.1766192940e-15
4  6.8829983150e+03  2.3401063937e-16
5  5.3926552722e+03  2.6023302182e-15
6  4.2083662430e+03 -2.1839325765e-16
7  3.2960416439e+03 -7.4928944796e-16
8  2.5847704570e+03  1.0038476508e-15
9  2.0276551679e+03 -1.1893634305e-16
10  1.5924395964e+03 -2.1708056834e-16
11  1.2482946174e+03  7.9368284177e-16
12  9.8602417323e+02 -1.3282450701e-16
13  7.7636126310e+02 -5.9895817283e-19
14  6.1227510913e+02 -1.6371982200e-17
15  4.8266729740e+02  3.4967145307e-16
16  3.8089133029e+02 -4.7899289651e-17
17  3.0014213425e+02  2.8703225489e-16
18  2.3538070204e+02  1.6305934806e-16
19  1.8472949961e+02  4.2100078577e-17
20  1.4584036531e+02  7.4228355904e-17
21  1.1391199351e+02 -2.7621426773e-17
22  8.8630855243e+01  2.4666181759e-17
23  6.8669186015e+01 -5.0512809810e-18
24  5.2913034812e+01 -2.9141109759e-17
25  4.0863792954e+01 -1.3257759690e-17
26  3.0959481773e+01 -7.5304934780e-18
27  2.3176908563e+01 -1.4139520989e-17
28  1.6939794539e+01  6.5570938029e-18
29  1.1848650118e+01 -2.4109204657e-18
30  7.5907639073e+00  1.5941160067e-18
31  3.7819992867e+00  7.3458932351e-19
