0  1.1274533231e+05  0.0000000000e+00
1  1.1476320566e+05  0.0000000000e+00
2  8.9009243014e+04  0.0000000000e+00
3  7.1638210043e+04  0.0000000000e+00
4  5.7049106229e+04  0.0000000000e+00
5  4.5094984454e+04  0.0000000000e+00
6  3.5418377379e+04  0.0000000000e+00
7  2.7739560372e+04  0.0000000000e+00
8  2.1834155593e+04  0.0000000000e+00
9  1.7331466249e+04  0.0000000000e+00
10  1.3776689335e+04  0.0000000000e+00
11  1.0925187043e+04  0.0000000000e+00
12  8.5928699627e+03  0.0000000000e+00
13  6.7064462807e+03  0.0000000000e+00
14  5.1986144021e+03  0.0000000000e+00
15  4.0087391658e+03  0.0000000000e+00
16  3.0719299695e+03  0.0000000000e+00
17  2.3593626369e+03  0.0000000000e+00
18  1.8163597009e+03  0.0000000000e+00
19  1.3971743128e+03  0.0000000000e+00
20  1.0746685523e+03  0.0000000000e+00
21  8.3216096765e+02  0.0000000000e+00
22  6.4778543013e+02  0.0000000000e+00
23  5.0379362074e+02  0.0000000000e+00
24  3.9242131713e+02  0.0000000000e+00
25  3.0619299641e+02  0.0000000000e+00
26  2.3883108956e+02  0.0000000000e+00
27  1.8734843013e+02  0.0000000000e+00
28  1.4803053218e+02  0.0000000000e+00
29  1.1920827806e+02  0.0000000000e+00
30  1.0004391259e+02  0.0000000000e+00
31  8.9331877005e+01  0.0000000000e+00
