0  4.6471436567e+07  3.0175047733e-14
1  4.5653961240e+07 -3.9681147750e-11
2  2.7082569486e+07  9.6793453099e-12
3  2.0402148163e+07  2.0942761421e-12
4  1.5636887194e+07  2.5416787561e-12
5  1.2160919925e+07 -2.1666480801e-13
6  9.5297376180e+06  9.3417294731e-12
7  7.4304236893e+06 -3.2916357114e-12
8  5.8697112595e+06  9.4097144310e-13
9  4.4418490823e+06  8.2729668628e-13
10  3.3747596850e+06 -1.3647689087e-12
11  2.6208523458e+06  1.2980094396e-12
12  1.9771824883e+06 -1.5011643981e-13
13  1.5749692285e+06 -1.3406890335e-13
14  1.2096405791e+06  3.3339466964e-13
15  9.6219604734e+05 -5.7722693544e-13
16  7.5457313590e+05  5.8509406958e-13
17  5.9646026195e+05  3.6632602512e-13
18  4.8079624986e+05 -3.3402728726e-13
19  3.8571654291e+05  4.6053574167e-14
20  2.9333941589e+05 -8.3786731406e-14
21  2.3196049358e+05  5.8856398450e-14
22  1.8143335560e+05 -4.2969860835e-14
23  1.4348061639e+05 -2.7791812365e-14
24  1.1816651359e+05 -4.6431548463e-14
25  9.4278753191e+04 -1.9227880555e-14
26  7.5825028849e+04  3.5066073131e-15
27  6.0864787102e+04  1.7937644411e-14
28  4.8720292899e+04 -2.3740627427e-15
29  4.2057788625e+04  3.7479592333e-15
30  3.7113307642e+04 -1.3283529973e-15
31  3.4361863277e+04  2.2338858515e-15
