0 -3.7671759689e+02  5.7020140427e-16
1  1.7414391868e+04 -3.0498745814e-15
2  1.1255316872e+04 -2.5806226696e-15
3  8.7773082840e+03  3.5406095780e-15
4  6.7245272441e+03 -2.2600590273e-15
5  5.2025671904e+03 -2.4749091462e-15
6  4.0071716460e+03  6.4263380217e-16
7  3.0970460372e+03  3.4381887892e-16
8  2.3978271371e+03  1.0006006559e-15
9  1.8454776230e+03 -3.9377428811e-16
10  1.4211474497e+03 -6.3058405374e-16
11  1.0874426664e+03 -5.5364693941e-16
12  8.3378920311e+02 -5.9946046336e-16
13  6.3560746648e+02 -5.0993141018e-16
14  4.8653714883e+02  2.8434853688e-16
15  3.7186329793e+02 -7.8158906417e-17
16  2.8189480949e+02 -7.0656841482e-17
17  2.1529244746e+02  7.4750604656e-17
18  1.6397369316e+02  3.0059558172e-17
19  1.2547352313e+02  2.4733467939e-17
20  9.5297624056e+01 -3.5172196102e-17
21  7.2269558755e+01 -4.0790989157e-18
22  5.4279906206e+01  1.8548009842e-17
23  4.0571129331e+01 -3.4382655516e-18
24  3.0611451816e+01 -1.0530790056e-17
25  2.2860246151e+01 -1.3746285943e-17
26  1.7010114230e+01  6.0900080721e-18
27  1.2447067685e+01  2.4231495039e-18
28  8.9637261900e+00 -2.1563605953e-18
29  6.1465388321e+00 -1.8730016046e-19
30  3.8285892423e+00  9.4190063735e-19
31  1.8430550840e+00 -3.6909460677e-19
