0  4.7203063818e+07  1.0141665839e-11
1  4.9134719236e+07  2.3165607381e-11
2  2.8571177554e+07  1.5354502781e-11
3  2.1596150588e+07 -2.5020626402e-12
4  1.6524440941e+07 -8.5213113521e-13
5  1.2701284220e+07 -4.0759908515e-12
6  1.0009630046e+07 -3.6208989665e-13
7  7.9628285628e+06  3.8627959686e-12
8  6.3355463175e+06 -2.3941799511e-12
9  4.8943599569e+06  8.9096464583e-13
10  3.9541947664e+06  1.0816678896e-12
11  3.1398304235e+06 -3.3319227473e-13
12  2.4678657747e+06 -1.1711073714e-12
13  1.9973029891e+06 -5.2309299435e-13
14  1.5901230725e+06  5.9376423209e-13
15  1.3138082016e+06 -9.5117305018e-13
16  1.0524179928e+06 -9.3330884811e-14
17  8.7272645447e+05 -7.2822093501e-13
18  7.0467711495e+05  2.2167008936e-13
19  5.7731095185e+05 -9.6556606549e-14
20  4.6602263697e+05  1.6194374893e-13
21  3.7137878765e+05  1.4980789074e-13
22  2.9028128149e+05 -1.4650228704e-13
23  2.3007483560e+05 -5.3273777743e-14
24  1.8413073796e+05  4.1000591586e-14
25  1.5142091225e+05  1.0633715020e-14
26  1.2123821000e+05  1.2728266763e-14
27  9.9568827564e+04 -6.2075740493e-14
28  8.4690452812e+04 -1.0939488681e-15
29  7.3233440864e+04 -1.8138194758e-14
30  6.4498084509e+04  1.4483263730e-14
31  6.0703641775e+04 -3.3645712870e-14
