0  5.7243639963e+07 -2.3188317527e-12
1  6.2089888646e+07 -2.8948072185e-11
2  3.7491443644e+07  1.2198192854e-11
3  2.8645493093e+07  9.5452896248e-12
4  2.1629205693e+07 -6.8491994130e-13
5  1.6977534036e+07  4.9925047952e-12
6  1.3287508661e+07 -6.7252197066e-13
7  9.9537697559e+06 -1.0821116759e-12
8  7.8210702214e+06  6.5617193216e-12
9  6.1934225650e+06  4.7717769015e-13
10  4.7899306691e+06 -2.8377928886e-12
11  3.7346075524e+06 -9.4301314446e-13
12  2.8302487818e+06  4.1076466847e-13
13  2.2151756733e+06 -1.3035577038e-12
14  1.7536313355e+06 -7.4365643921e-13
15  1.4025236775e+06 -5.9538392625e-13
16  1.1042514086e+06 -9.0957071032e-13
17  8.4797670826e+05  3.5045308123e-13
18  6.4785653703e+05  4.2533367126e-13
19  4.9539347949e+05 -2.9755273748e-13
20  3.7778315541e+05 -5.9580067962e-14
21  2.9200322873e+05 -2.0795992168e-13
22  2.2876630699e+05 -1.6015863369e-13
23  1.7307230310e+05  9.6548263470e-14
24  1.3520989636e+05 -5.2753583141e-14
25  1.0395516709e+05  4.4444226774e-15
26  8.2469162912e+04  3.4823706167e-15
27  6.6576076129e+04 -2.2669623771e-14
28  5.4014012340e+04 -1.6917303572e-14
29  4.4587615987e+04  3.2380816511e-15
30  3.8288941841e+04 -2.1514956751e-14
31  3.5238041625e+04 -6.3220106478e-15
