0 -1.0481472943e+02 -5.2127885647e-15
1  1.8545937115e+04 -1.3446491337e-15
2  1.2112723993e+04 -1.8896258968e-15
3  9.4616471227e+03 -1.5009605937e-15
4  7.3575812517e+03 -3.0898554894e-16
5  5.7360224931e+03 -2.3475184614e-15
6  4.4653881800e+03  7.4665234322e-16
7  3.4953002675e+03 -1.0824954011e-16
8  2.7426017752e+03 -7.0076729792e-16
9  2.1485557454e+03  3.8687404009e-16
10  1.6866171012e+03 -8.1868058399e-16
11  1.3239815904e+03 -2.7766184703e-16
12  1.0348947867e+03  6.8877542897e-16
13  8.1185921469e+02 -4.2304912320e-16
14  6.3569265292e+02 -6.2361953709e-17
15  4.9827530345e+02  4.8881974925e-16
16  3.9026052925e+02  3.9315669522e-17
17  3.0629766164e+02 -2.7561605071e-17
18  2.3894820767e+02  1.7677450554e-16
19  1.8770372970e+02  1.1846073405e-17
20  1.4694252576e+02  4.6953683244e-18
21  1.1545671356e+02 -1.3287617602e-17
22  9.0216175537e+01 -2.6734900914e-17
23  7.0193992505e+01 -3.7249729693e-18
24  5.4507740118e+01  2.7758275533e-17
25  4.2142766448e+01 -1.4742290810e-17
26  3.2413913083e+01 -1.0538148655e-17
27  2.4538307887e+01 -2.4156320865e-18
28  1.8139246325e+01 -1.2463031028e-18
29  1.2581892233e+01 -6.6505321249e-20
30  7.8090634252e+00 -1.1561999730e-19
31  3.5409561471e+00  1.7927452329e-18
