0  4.5167536603e+07 -4.8892752972e-12
1  4.8138237776e+07 -1.2889390051e-11
2  2.7748576904e+07  1.8447871842e-11
3  2.1195165802e+07 -6.3213550086e-12
4  1.6212231146e+07  3.3618232580e-12
5  1.2318473215e+07  1.5878491019e-12
6  9.5581524662e+06  5.6708243107e-12
7  7.3190707308e+06 -9.2630656799e-13
8  5.7318946158e+06  2.3909635102e-14
9  4.4622912481e+06 -4.6018177846e-13
10  3.4435991136e+06  1.4232055256e-12
11  2.7445577161e+06  5.3004908296e-13
12  2.2319332123e+06 -2.2657613677e-13
13  1.7820408706e+06 -6.7780368737e-13
14  1.4386051668e+06 -2.8834838349e-14
15  1.1300896922e+06 -1.8166894459e-13
16  9.0533184969e+05 -3.2946476813e-13
17  7.0197545903e+05  9.4498049800e-14
18  5.5106406282e+05  1.8924577753e-14
19  4.2236373235e+05 -4.3709722895e-14
20  3.3544909799e+05  3.2075941639e-14
21  2.6458425718e+05  1.4594601704e-13
22  2.0523286949e+05  1.2882618354e-13
23  1.6406888027e+05 -5.0028595276e-14
24  1.2988710322e+05 -3.2189596168e-14
25  1.0017706552e+05  7.7516851153e-14
26  7.9414438640e+04  3.3249720796e-15
27  6.1949409185e+04 -3.0012261126e-14
28  4.9199639471e+04  1.3903450406e-14
29  4.0461855675e+04  4.3087439076e-15
30  3.4671693665e+04  6.5513551580e-15
31  3.1617449695e+04  1.4337163878e-14
