0 -1.8904959311e+02 -4.9159141046e-15
1  1.7666020722e+04 -9.2614582453e-18
2  1.1670744660e+04 -2.2891285628e-15
3  9.3231784210e+03  1.4454358900e-15
4  7.3580146979e+03 -2.9044124487e-17
5  5.8367871675e+03 -1.8375638637e-15
6  4.6144694173e+03 -3.6839156942e-16
7  3.6618639171e+03  1.9706930379e-15
8  2.9174862718e+03 -2.9142577244e-15
9  2.3219268959e+03  3.6901731501e-16
10  1.8515156401e+03  1.3380801814e-16
11  1.4708091764e+03 -9.5781082777e-16
12  1.1696706065e+03  3.6289601966e-16
13  9.3454735549e+02  4.9701564004e-17
14  7.4209842081e+02  3.9620590795e-16
15  5.8932983785e+02 -2.4612014002e-16
16  4.6733077292e+02  1.0645827718e-16
17  3.6997188268e+02  1.2769863419e-16
18  2.9316104565e+02  1.4459773558e-16
19  2.3219293065e+02  1.0691032808e-16
20  1.8409421335e+02 -8.0723510423e-17
21  1.4569434062e+02 -8.7683368392e-17
22  1.1509594037e+02 -3.5787353780e-17
23  9.0361052377e+01 -4.2919159437e-18
24  7.1000380702e+01 -6.2494884942e-18
25  5.5160651837e+01 -3.4394196340e-17
26  4.2660337105e+01 -1.3897693082e-18
27  3.2394589836e+01  1.2753139812e-17
28  2.4018598472e+01  7.3742688388e-18
29  1.7046984455e+01 -9.8786276265e-18
30  1.0826463785e+01  4.9919886746e-18
31  5.2046387247e+00 -4.5146856089e-18
