0 -2.2789172833e+02 -4.0549500064e-16
1  1.6282550806e+04 -6.7523700491e-15
2  1.0684732402e+04  3.1777682978e-15
3  8.4602932437e+03  2.1054558209e-15
4  6.6180163259e+03 -7.7597736501e-16
5  5.2085596806e+03  8.2515302744e-17
6  4.1022636176e+03  1.7220836798e-15
7  3.2416421132e+03 -7.0815480165e-16
8  2.5533417457e+03 -5.0832374165e-16
9  2.0064634456e+03 -9.2044116351e-16
10  1.5704384326e+03  8.6742293612e-16
11  1.2226567546e+03 -3.4685046278e-17
12  9.5504396103e+02  3.7550368156e-16
13  7.3956225108e+02  2.3828148537e-16
14  5.7935908653e+02 -2.5956070001e-16
15  4.5263361303e+02 -2.2976316619e-16
16  3.5066888614e+02 -7.7096938859e-18
17  2.7060544504e+02 -1.6702113291e-17
18  2.1017567251e+02  8.6095287495e-17
19  1.6129776567e+02  1.4598649904e-16
20  1.2330687425e+02  1.6206579165e-17
21  9.4488463016e+01 -9.9129854004e-18
22  7.2298744862e+01  2.2418156317e-17
23  5.5429404597e+01  1.3754120998e-17
24  4.2502932445e+01 -1.5749518863e-18
25  3.2324901754e+01 -7.5382226536e-18
26  2.4319751659e+01 -1.0884373372e-19
27  1.8039592649e+01  6.2701613920e-18
28  1.3131225933e+01  4.1027761336e-18
29  9.0473656216e+00 -1.0516708134e-18
30  5.5664992894e+00  8.5253866141e-19
31  2.4485631939e+00 -7.8869355301e-19
