0  1.5608078264e+02  4.7160765859e-15
1  1.8566403808e+04  2.8844001836e-15
2  1.2244608465e+04  4.0506386087e-15
3  9.7361292008e+03  5.1910640754e-15
4  7.6513442157e+03  2.1011619992e-15
5  6.0384403513e+03 -2.2810297632e-15
6  4.7382807966e+03 -2.4028944579e-15
7  3.7187024735e+03  1.7071585887e-15
8  2.9069125312e+03 -1.3779335051e-15
9  2.2751526929e+03 -7.0858647082e-16
10  1.7790179815e+03 -1.1589403363e-15
11  1.3946067910e+03 -2.5706814674e-17
12  1.0826355331e+03 -7.0548738902e-17
13  8.3785938958e+02  6.4073172020e-16
14  6.4586169996e+02  6.6210299674e-16
15  4.9725669289e+02  9.0620243378e-17
16  3.8305873108e+02 -5.7062153261e-16
17  2.9530732216e+02 -3.9747656325e-17
18  2.2903186644e+02 -7.6049794378e-17
19  1.7636175167e+02 -1.7085014535e-16
20  1.3628116523e+02 -1.4610524247e-17
21  1.0444706980e+02  2.2739764139e-17
22  7.9968690123e+01  4.6348266445e-17
23  6.1331356391e+01  2.4542991405e-17
24  4.6726033940e+01 -2.7498712874e-17
25  3.5614237727e+01 -4.7639250536e-18
26  2.6862770692e+01 -2.7509512544e-18
27  2.0043686006e+01  2.1336230546e-18
28  1.4610484276e+01 -5.4427160817e-19
29  1.0164668754e+01  4.4448053907e-19
30  6.4446886971e+00  2.6405193339e-18
31  3.1827185168e+00  1.5560524637e-18
