0 -2.7158921333e+02 -9.3780480953e-16
1  1.7415209534e+04  6.1630951570e-15
2  1.1312815391e+04  1.3915472304e-15
3  8.9507045454e+03  7.1471983639e-16
4  6.9878304720e+03  6.3373363987e-17
5  5.4422897683e+03 -2.1617108789e-15
6  4.2549022900e+03  7.8682256311e-16
7  3.3304984338e+03 -8.2194700773e-17
8  2.6136263876e+03  1.1165932418e-16
9  2.0293935272e+03  1.8102894028e-17
10  1.5776966029e+03 -6.6390505933e-16
11  1.2313648033e+03 -2.0598597198e-16
12  9.5855072083e+02  4.3771274582e-17
13  7.4335737519e+02 -5.7514320624e-16
14  5.7720637359e+02 -3.7455733400e-16
15  4.4581612442e+02 -1.9914653827e-16
16  3.4549424678e+02  2.9860534546e-16
17  2.6711524564e+02 -1.1960311680e-16
18  2.0641623213e+02  7.9371526725e-17
19  1.5902457164e+02  2.6831886187e-18
20  1.2236477354e+02  2.4356432398e-18
21  9.4031978018e+01 -9.7207618609e-19
22  7.2145953813e+01 -7.9026056396e-18
23  5.5344304443e+01 -5.7981522822e-18
24  4.2152334154e+01  5.6148225887e-18
25  3.2084577962e+01 -1.0985382051e-17
26  2.4254147662e+01 -4.1087450689e-18
27  1.7961702748e+01  3.5132279674e-18
28  1.3019359685e+01  5.8941846426e-18
29  9.0041512646e+00 -1.7852542852e-18
30  5.6582236832e+00  1.7035950152e-19
31  2.7142085415e+00 -8.6630294680e-19
