0  1.0617396711e+05  0.0000000000e+00
1  1.0875264475e+05  0.0000000000e+00
2  8.3428256501e+04  0.0000000000e+00
3  6.6472487304e+04  0.0000000000e+00
4  5.2350238316e+04  0.0000000000e+00
5  4.0961729769e+04  0.0000000000e+00
6  3.1833710009e+04  0.0000000000e+00
7  2.4783011097e+04  0.0000000000e+00
8  1.9323645884e+04  0.0000000000e+00
9  1.5054790857e+04  0.0000000000e+00
10  1.1677914809e+04  0.0000000000e+00
11  9.0707748540e+03  0.0000000000e+00
12  7.0639894309e+03  0.0000000000e+00
13  5.4932612513e+03  0.0000000000e+00
14  4.2723250367e+03  0.0000000000e+00
15  3.3231472887e+03  0.0000000000e+00
16  2.5853278138e+03  0.0000000000e+00
17  2.0108463274e+03  0.0000000000e+00
18  1.5656150913e+03  0.0000000000e+00
19  1.2184679709e+03  0.0000000000e+00
20  9.4628121894e+02  0.0000000000e+00
21  7.3706069432e+02  0.0000000000e+00
22  5.7683580386e+02  0.0000000000e+00
23  4.5188815109e+02  0.0000000000e+00
24  3.5435956572e+02  0.0000000000e+00
25  2.7811165926e+02  0.0000000000e+00
26  2.1905966365e+02  0.0000000000e+00
27  1.7364616933e+02  0.0000000000e+00
28  1.3971953810e+02  0.0000000000e+00
29  1.1539253643e+02  0.0000000000e+00
30  9.9063869705e+01  0.0000000000e+00
31  9.0089601565e+01  0.0000000000e+00
