0  5.7381584229e+07 -1.0386898493e-11
1  5.4603306662e+07 -2.6334114058e-11
2  3.3742279650e+07  1.4898339311e-11
3  2.5427796118e+07  1.7709717210e-12
4  1.9650899389e+07 -2.0193369820e-12
5  1.5554701328e+07 -2.3305487825e-12
6  1.2048053302e+07  1.4215350966e-12
7  9.1937580252e+06  8.3317495369e-13
8  7.1775894822e+06  2.8196769024e-12
9  5.5100214230e+06 -3.6614440059e-13
10  4.4080698237e+06  5.8580763464e-13
11  3.3668238546e+06 -2.8598581089e-12
12  2.6330560025e+06  1.3991641362e-12
13  2.0163673919e+06  3.1287072812e-13
14  1.5755917993e+06  3.9472245842e-13
15  1.2259819186e+06  9.9473148187e-14
16  9.7441860324e+05  5.7487085699e-14
17  7.5223635182e+05 -8.5459403093e-14
18  5.9012694960e+05  3.0717914836e-14
19  4.6140077949e+05 -2.2283305734e-14
20  3.5318627517e+05 -3.3311445505e-15
21  2.7132029969e+05 -4.1222896035e-14
22  2.0737672204e+05 -1.7778881773e-13
23  1.6873028568e+05  3.1228781078e-15
24  1.3111673912e+05 -4.5815783550e-14
25  1.0465759997e+05 -1.0610237889e-14
26  8.6314711073e+04 -1.1323612775e-13
27  6.6854490734e+04 -2.1944997711e-14
28  5.6397698064e+04 -3.0046306153e-14
29  4.8309412973e+04 -2.1769404717e-14
30  4.3193395043e+04  1.1685598712e-14
31  3.9810012202e+04  2.2260285324e-15
