0  5.3320941946e+07  8.1700562698e-12
1  5.9599781488e+07 -5.8025809514e-12
2  3.4416050015e+07 -7.0870914000e-12
3  2.4786889005e+07  4.9081432495e-12
4  1.8401326163e+07  1.2273139852e-12
5  1.4160311870e+07  9.4924378327e-12
6  1.0820408882e+07 -1.4465088957e-12
7  8.3013481950e+06 -3.3049360458e-12
8  6.5330547918e+06 -1.7593177128e-12
9  5.1801664544e+06  1.1736706703e-12
10  3.9678166038e+06  1.7037154972e-12
11  3.1061857122e+06  6.7360328924e-13
12  2.4036628069e+06 -6.8993276370e-13
13  1.9010375332e+06  1.0089661224e-12
14  1.4827836565e+06  1.0857131115e-13
15  1.1789484146e+06 -2.0310620584e-13
16  9.0848185904e+05 -2.2587447912e-14
17  6.8869068469e+05  3.0615531894e-13
18  5.3625033410e+05  4.7964001486e-13
19  4.1209209051e+05 -1.5819207766e-13
20  3.2288115947e+05  4.0385383068e-14
21  2.4575747000e+05 -8.4318433042e-14
22  1.8602018587e+05  1.0241591086e-13
23  1.4109825433e+05 -1.6643404255e-14
24  1.0881410421e+05 -1.1735467615e-14
25  8.3557502942e+04  9.5391959741e-15
26  6.6052502359e+04  3.5435399985e-14
27  5.2446435922e+04  2.0764430516e-14
28  4.1277487929e+04 -3.4175966664e-15
29  3.2810641130e+04  1.6273024227e-14
30  2.6872274146e+04 -1.0244948740e-14
31  2.4955197093e+04  8.4276729347e-16
