0 -1.5390238785e+02  3.5435177597e-15
1  1.9728400969e+04 -2.5864698969e-15
2  1.2814502356e+04 -9.2663170380e-16
3  9.9929355381e+03 -1.2634306384e-15
4  7.6745161675e+03 -3.0890777543e-15
5  5.9253548938e+03 -1.0353519825e-15
6  4.5499014256e+03  2.1599340155e-20
7  3.4682572217e+03  7.9923879557e-16
8  2.6322784925e+03  1.4500776305e-15
9  1.9948314819e+03 -5.0393536983e-16
10  1.5196583435e+03  1.1636900736e-15
11  1.1515911534e+03  1.9205587988e-16
12  8.7453456484e+02  3.6805000338e-16
13  6.6327933914e+02  4.8892269022e-16
14  5.0311199536e+02  3.6043957117e-16
15  3.8248469314e+02 -8.6295399029e-17
16  2.9124037318e+02  2.8177302732e-16
17  2.2260631256e+02 -4.0381607546e-17
18  1.7102758884e+02 -1.6439226028e-16
19  1.3056601224e+02  5.1144272872e-17
20  1.0061184563e+02  9.4289722455e-17
21  7.7516649515e+01  1.2216544440e-17
22  5.9608105764e+01 -1.1716477364e-17
23  4.5458445822e+01  3.1139366361e-17
24  3.4592074300e+01 -6.6928308327e-18
25  2.6151594135e+01  7.8221904492e-18
26  1.9671948331e+01 -5.2127995761e-18
27  1.4629643709e+01  6.2121925747e-19
28  1.0604822141e+01 -4.4718045659e-19
29  7.3683918603e+00  7.1521344484e-20
30  4.5963661526e+00  1.4411736202e-18
31  2.1625549330e+00 -3.0281427864e-20
