0  4.6707703932e+07 -2.0094874177e-12
1  4.9027087840e+07 -1.1981959181e-11
2  3.0654987904e+07  4.7931424110e-12
3  2.2839525461e+07 -1.8352996410e-11
4  1.7797789115e+07 -2.0175814643e-12
5  1.3889551274e+07  1.5317769562e-12
6  1.0680543065e+07  1.1614870310e-11
7  8.7110135924e+06  9.9338897975e-13
8  7.0182749011e+06  2.1546221266e-12
9  5.6091910067e+06 -1.5809845359e-12
10  4.3536420404e+06  2.2970773859e-13
11  3.4492495157e+06  8.6927526779e-13
12  2.7396890331e+06 -5.5597410271e-13
13  2.1218814577e+06  5.2459391366e-13
14  1.6639633164e+06 -8.1936081307e-13
15  1.3064326288e+06  1.9002514083e-13
16  1.0312462137e+06 -1.3669570117e-13
17  8.0692843991e+05 -2.2177291086e-13
18  6.4810710634e+05 -1.0915574086e-14
19  5.1062015846e+05 -1.3528189490e-13
20  4.0277971413e+05 -2.3233560983e-14
21  3.1914356924e+05 -1.3323694618e-13
22  2.5533986019e+05  8.6808403968e-14
23  1.9600775607e+05  1.0477487702e-13
24  1.5506880232e+05 -8.9177568690e-15
25  1.2545342383e+05  4.7623293879e-14
26  1.0055056967e+05  3.9189272050e-14
27  8.1767375685e+04 -7.7131867950e-15
28  6.7132231782e+04  1.6275823235e-14
29  5.7313541027e+04 -1.3869891085e-14
30  5.0689127717e+04 -2.9948920813e-14
31  4.5817208491e+04 -3.0637765414e-14
