0  1.0116893321e+05  0.0000000000e+00
1  1.0327719974e+05  0.0000000000e+00
2  7.8612785428e+04  0.0000000000e+00
3  6.2909714242e+04  0.0000000000e+00
4  4.9885400647e+04  0.0000000000e+00
5  3.9373488124e+04  0.0000000000e+00
6  3.1040977708e+04  0.0000000000e+00
7  2.4430916757e+04  0.0000000000e+00
8  1.9243189174e+04  0.0000000000e+00
9  1.5188053318e+04  0.0000000000e+00
10  1.1941908406e+04  0.0000000000e+00
11  9.3856977641e+03  0.0000000000e+00
12  7.3857527693e+03  0.0000000000e+00
13  5.8048119590e+03  0.0000000000e+00
14  4.5482020785e+03  0.0000000000e+00
15  3.5523395492e+03  0.0000000000e+00
16  2.7764459626e+03  0.0000000000e+00
17  2.1805301860e+03  0.0000000000e+00
18  1.7272246551e+03  0.0000000000e+00
19  1.3787681336e+03  0.0000000000e+00
20  1.1063488046e+03  0.0000000000e+00
21  8.8687756133e+02  0.0000000000e+00
22  7.0994405608e+02  0.0000000000e+00
23  5.7057533457e+02  0.0000000000e+00
24  4.5981599437e+02  0.0000000000e+00
25  3.7300569008e+02  0.0000000000e+00
26  3.0592505411e+02  0.0000000000e+00
27  2.5381917773e+02  0.0000000000e+00
28  2.1233077054e+02  0.0000000000e+00
29  1.8059264340e+02  0.0000000000e+00
30  1.5877880313e+02  0.0000000000e+00
31  1.4633720486e+02  0.0000000000e+00
