0  6.3542894717e+07 -6.0734936608e-12
1  6.8374515869e+07 -5.9181911346e-12
2  4.3130516403e+07 -1.3487744181e-11
3  3.3098544825e+07 -1.7239138066e-11
4  2.5342303561e+07  1.5637722328e-11
5  1.9349047304e+07  3.5767341340e-12
6  1.5196424334e+07  2.6329529063e-12
7  1.1583944452e+07  5.4607216754e-13
8  9.1004842010e+06  5.1110348432e-12
9  7.2389210291e+06 -5.4876214132e-12
10  5.6875563356e+06 -1.5357730718e-12
11  4.5622204411e+06  2.9260085139e-12
12  3.5728547898e+06  5.1392370364e-13
13  2.8569221855e+06  1.1045277019e-12
14  2.3012429206e+06 -1.1640706912e-12
15  1.8185129536e+06  7.1733120549e-13
16  1.4496094803e+06  1.6694854382e-13
17  1.1673452021e+06  3.8515063009e-13
18  9.3309602275e+05  1.9600865891e-13
19  7.4040960230e+05 -9.8089436539e-14
20  5.7164879358e+05  1.2744236437e-15
21  4.3986840618e+05 -5.2910820385e-15
22  3.4993483411e+05  6.1707934966e-14
23  2.8009397341e+05  1.1237972338e-13
24  2.1942951514e+05  1.6641340515e-13
25  1.7308803281e+05 -1.3794774092e-14
26  1.4091589374e+05  3.8122758859e-14
27  1.1334515128e+05 -1.1401825457e-13
28  9.3632089756e+04 -3.5375528955e-14
29  7.6748527688e+04 -1.4096010911e-14
30  6.6045940248e+04 -3.6476967060e-15
31  6.0827627314e+04 -7.9992486909e-15
