0  1.2781359927e+02  1.4164616457e-15
1  2.0365161937e+04 -4.4233055769e-16
2  1.3367732823e+04 -4.1245754794e-15
3  1.0580036165e+04 -8.8594411619e-15
4  8.2070882305e+03  6.6725401585e-16
5  6.3570218679e+03 -3.4733009519e-17
6  4.8972551325e+03  2.0314596579e-15
7  3.7795658194e+03 -4.3214562178e-18
8  2.9148689358e+03 -2.0550585253e-15
9  2.2481847676e+03  1.4865445165e-15
10  1.7171751221e+03  1.0972651146e-15
11  1.3147572879e+03 -4.5492974927e-16
12  1.0116380950e+03 -5.6741074834e-16
13  7.7912337329e+02  1.5421674761e-16
14  5.9806269251e+02  1.5914139716e-16
15  4.5747429045e+02 -1.5821940180e-16
16  3.5354377692e+02  4.6012947277e-17
17  2.7331928724e+02  1.0786064611e-17
18  2.1179526991e+02  1.0094403976e-16
19  1.6335151834e+02 -1.1332054108e-16
20  1.2600693984e+02  1.3920922961e-16
21  9.7527062802e+01 -6.5099352436e-17
22  7.5006029347e+01  4.3185127783e-17
23  5.7680380413e+01 -1.5463486425e-17
24  4.4143270412e+01  3.0429658630e-18
25  3.3720365705e+01 -2.0059857773e-18
26  2.5774605191e+01  7.7450575115e-18
27  1.9315991159e+01  2.2859301664e-19
28  1.4102267326e+01 -3.4612942598e-18
29  9.7609312714e+00  1.4706609547e-19
30  6.1288781246e+00  1.0149572290e-18
31  2.9611372621e+00  6.8408498403e-19
