0  8.8075716020e+00 -3.8421068263e-15
1  1.7450632447e+04 -3.6665845531e-15
2  1.1409746644e+04  4.2377248934e-16
3  8.9204713681e+03 -1.2453374852e-16
4  6.9397299542e+03 -1.6760472803e-15
5  5.3764396639e+03  4.2376370137e-16
6  4.1591205362e+03  1.4966776775e-15
7  3.2172644594e+03 -2.7102767323e-15
8  2.4916958572e+03 -7.2706364753e-16
9  1.9282362104e+03  4.0492272401e-16
10  1.4975763011e+03 -2.5064885461e-16
11  1.1606542385e+03  1.6843996604e-15
12  9.0016179288e+02  6.4636787743e-16
13  6.9704198623e+02 -5.2503432527e-16
14  5.3869613512e+02  2.8925269882e-16
15  4.1587571891e+02  4.6582555758e-16
16  3.1920427210e+02  2.1419790346e-16
17  2.4439543199e+02 -1.2392896700e-16
18  1.8735870739e+02  2.1104725853e-17
19  1.4338705866e+02 -1.2951451401e-16
20  1.0913884553e+02  6.7993915480e-18
21  8.2824853616e+01 -3.0619605769e-17
22  6.2837043230e+01 -5.2706625143e-18
23  4.7440358270e+01  4.2957170041e-17
24  3.5913167389e+01  1.9645023387e-17
25  2.7091526067e+01 -5.1553336846e-18
26  2.0310199399e+01  9.0526646238e-18
27  1.5061336724e+01 -2.4992765900e-18
28  1.0987698797e+01 -1.6876072683e-18
29  7.6929863738e+00 -1.2994014806e-18
30  4.9529403325e+00  3.1064933341e-19
31  2.5372798155e+00  1.5786576554e-19
