0 -4.3472897770e+01 -7.9449350524e-16
1  1.8484033717e+04 -1.7170403927e-15
2  1.2257167295e+04  5.2894369996e-16
3  9.8317855191e+03 -3.4828495543e-15
4  7.8049520368e+03 -1.0844274832e-15
5  6.2342022609e+03  2.8820714782e-15
6  4.9663776404e+03  1.9866581795e-15
7  3.9675706430e+03 -1.0174326828e-16
8  3.1665659685e+03 -4.0761406532e-16
9  2.5213937424e+03 -1.6656438363e-16
10  2.0038475446e+03 -8.9461205845e-16
11  1.5844156615e+03 -5.2103439746e-16
12  1.2613971512e+03 -5.5295337824e-16
13  9.9132496835e+02  7.9218078766e-16
14  7.8242566004e+02  2.4290512059e-16
15  6.1714405973e+02  6.9674304439e-16
16  4.8505535576e+02  6.2901513696e-17
17  3.8037055985e+02 -2.8575207047e-16
18  2.9888563493e+02 -8.6318586556e-17
19  2.3549578232e+02  6.5007343482e-17
20  1.8573099220e+02 -4.3674501068e-17
21  1.4630677345e+02 -4.9900193230e-17
22  1.1465662277e+02  6.3448802859e-17
23  8.9733554566e+01  6.7304179198e-18
24  6.9654312440e+01  1.4677598668e-17
25  5.3763396572e+01  2.4512074702e-18
26  4.1282485545e+01  2.3242054677e-17
27  3.1093502288e+01 -1.7940157823e-18
28  2.2681654860e+01  2.0762895120e-19
29  1.5645511565e+01  1.1142718421e-18
30  9.5647554126e+00 -6.9202591791e-19
31  4.1825218128e+00 -8.2458657415e-19
