0  4.8842882701e+07 -1.9775946030e-11
1  4.9887201584e+07  1.7181367735e-11
2  3.0135774729e+07  8.0348138290e-12
3  2.3010448387e+07  1.4455279132e-11
4  1.7140029509e+07  9.3758143222e-13
5  1.3065539798e+07  4.2918724620e-12
6  1.0009509875e+07 -2.4731777353e-12
7  7.7287258126e+06 -3.9163838615e-12
8  6.0030696882e+06  1.3379147982e-12
9  4.8799419856e+06  2.8910723019e-12
10  3.7850817234e+06 -3.8881417287e-13
11  2.9558212957e+06  8.1706087445e-13
12  2.3101396332e+06  1.4619888257e-12
13  1.8126095249e+06 -8.5583143949e-13
14  1.3992727894e+06 -1.1965808550e-13
15  1.0514149983e+06 -2.7881622741e-13
16  8.1452916322e+05  3.6284416965e-13
17  6.1701722413e+05  4.1571942077e-13
18  4.7170317697e+05 -1.0992682107e-13
19  3.5493114303e+05 -4.8258050565e-14
20  2.7667829496e+05  3.4480192155e-14
21  2.1612629851e+05  9.0825101835e-14
22  1.6412017101e+05 -8.3906008222e-15
23  1.2574849693e+05 -2.4446219274e-14
24  9.6460233110e+04  3.1846044927e-14
25  7.5881467426e+04  1.0280396717e-14
26  6.1533431113e+04  5.2503603349e-14
27  5.0302576431e+04  7.4707645982e-15
28  4.1321969353e+04  3.0791551888e-14
29  3.4345078628e+04  4.7012433524e-15
30  2.9447189200e+04 -1.1592809779e-14
31  2.8007762032e+04 -7.4600991158e-15
