0  5.7026796570e+07  1.0611949984e-11
1  5.3521098707e+07 -1.7559489250e-11
2  3.4053517528e+07 -2.9956251677e-12
3  2.4935264140e+07  6.2958572751e-12
4  1.9441105548e+07 -6.0620356939e-12
5  1.5180611132e+07  2.0629031521e-12
6  1.1839092149e+07 -1.1660017390e-11
7  9.1879876582e+06  1.1717102561e-12
8  7.3070230123e+06  2.3884734611e-12
9  5.7051336964e+06  1.7831494872e-12
10  4.3196352467e+06 -1.4760655974e-12
11  3.4077805374e+06 -1.0905323484e-12
12  2.6562774696e+06 -7.0215937332e-13
13  2.1030764838e+06 -7.9043450328e-13
14  1.6424503395e+06 -4.2902382860e-13
15  1.3067342561e+06  6.6221682528e-13
16  1.0301859423e+06  9.0467732575e-13
17  8.1922338004e+05  6.9559304865e-14
18  6.3558088245e+05 -3.4087768694e-13
19  5.0585122488e+05 -4.0984968117e-13
20  4.0630402910e+05 -1.3473444530e-13
21  3.1774621227e+05 -1.7451499027e-13
22  2.5328236134e+05  1.2173065076e-13
23  2.0149694899e+05 -5.7418974377e-14
24  1.5751303520e+05  9.4728877574e-14
25  1.2735739399e+05 -7.6895023855e-14
26  1.0777752332e+05  4.9166119140e-14
27  9.0683905026e+04 -7.5307663595e-14
28  7.5445744005e+04  5.7420914443e-14
29  6.4847875222e+04  5.2198840745e-15
30  5.7101804497e+04 -2.6024750192e-14
31  5.3000363781e+04  4.7757359652e-15
