0  4.8452089393e+07 -5.7113607755e-12
1  5.1120449420e+07 -3.4920158011e-11
2  3.1024538616e+07 -1.3267285569e-11
3  2.2503333517e+07 -1.5486859628e-11
4  1.7628667775e+07  4.1382839865e-12
5  1.3641904445e+07  1.6028922758e-12
6  1.0460733382e+07 -6.9035501158e-12
7  8.1864554823e+06  5.2391739344e-13
8  6.6036581934e+06 -5.6153178436e-13
9  5.0184445617e+06  2.3417102156e-13
10  3.9342584033e+06  2.5623322437e-12
11  3.0428681671e+06  2.6246966276e-12
12  2.4527451345e+06 -8.3339503306e-13
13  1.9099249237e+06  1.7283286565e-14
14  1.4921634390e+06 -1.7968141548e-14
15  1.1556765497e+06  1.0372023568e-12
16  9.0695973837e+05  4.2207624365e-15
17  7.0132029005e+05  1.4766951398e-13
18  5.4304795106e+05  1.3689703292e-13
19  4.2003296792e+05  3.4112338504e-13
20  3.2850768574e+05  7.7834052351e-14
21  2.6269142816e+05 -3.5161480238e-14
22  2.0795101700e+05  6.7095327055e-14
23  1.6194356660e+05 -5.8770969728e-14
24  1.2754459382e+05  3.2720295130e-14
25  1.0199335074e+05  3.7445272140e-14
26  7.9699574790e+04 -5.8769981109e-14
27  6.4455893866e+04 -2.2171033613e-14
28  5.2775557867e+04 -1.1114068559e-14
29  4.3051024202e+04  4.3895021000e-15
30  3.6504567517e+04  2.0078263052e-14
31  3.3125418240e+04  3.1141912656e-15
