0  9.8810918563e+04  0.0000000000e+00
1  1.0104408226e+05  0.0000000000e+00
2  7.6494760461e+04  0.0000000000e+00
3  6.0520639661e+04  0.0000000000e+00
4  4.7413367146e+04  0.0000000000e+00
5  3.7138639066e+04  0.0000000000e+00
6  2.8974620102e+04  0.0000000000e+00
7  2.2424354661e+04  0.0000000000e+00
8  1.7321127955e+04  0.0000000000e+00
9  1.3351527017e+04  0.0000000000e+00
10  1.0295367583e+04  0.0000000000e+00
11  7.9356728873e+03  0.0000000000e+00
12  6.1284061401e+03  0.0000000000e+00
13  4.7323595824e+03  0.0000000000e+00
14  3.6751177845e+03  0.0000000000e+00
15  2.8657331250e+03  0.0000000000e+00
16  2.2274755252e+03  0.0000000000e+00
17  1.7247122495e+03  0.0000000000e+00
18  1.3323720907e+03  0.0000000000e+00
19  1.0269690798e+03  0.0000000000e+00
20  7.9330199939e+02  0.0000000000e+00
21  6.1168018435e+02  0.0000000000e+00
22  4.6998937289e+02  0.0000000000e+00
23  3.6104454189e+02  0.0000000000e+00
24  2.7814870747e+02  0.0000000000e+00
25  2.1575778680e+02  0.0000000000e+00
26  1.6848742978e+02  0.0000000000e+00
27  1.3318364695e+02  0.0000000000e+00
28  1.0710948779e+02  0.0000000000e+00
29  8.8410691988e+01  0.0000000000e+00
30  7.5806379752e+01  0.0000000000e+00
31  6.8412689911e+01  0.0000000000e+00
