0  1.0030386229e+05  0.0000000000e+00
1  1.0279146668e+05  0.0000000000e+00
2  7.8924611107e+04  0.0000000000e+00
3  6.3837097532e+04  0.0000000000e+00
4  5.1298436296e+04  0.0000000000e+00
5  4.1166428151e+04  0.0000000000e+00
6  3.2945917303e+04  0.0000000000e+00
7  2.6303318244e+04  0.0000000000e+00
8  2.0846551378e+04  0.0000000000e+00
9  1.6455850259e+04  0.0000000000e+00
10  1.3000285843e+04  0.0000000000e+00
11  1.0298301328e+04  0.0000000000e+00
12  8.1736609352e+03  0.0000000000e+00
13  6.4984385624e+03  0.0000000000e+00
14  5.1651169780e+03  0.0000000000e+00
15  4.1061062859e+03  0.0000000000e+00
16  3.2796220110e+03  0.0000000000e+00
17  2.6248193176e+03  0.0000000000e+00
18  2.1025697167e+03  0.0000000000e+00
19  1.6801788383e+03  0.0000000000e+00
20  1.3452898260e+03  0.0000000000e+00
21  1.0826250577e+03  0.0000000000e+00
22  8.7182057089e+02  0.0000000000e+00
23  6.9986814891e+02  0.0000000000e+00
24  5.6215577952e+02  0.0000000000e+00
25  4.5140824009e+02  0.0000000000e+00
26  3.6372461101e+02  0.0000000000e+00
27  2.9800159925e+02  0.0000000000e+00
28  2.4806516154e+02  0.0000000000e+00
29  2.1027227325e+02  0.0000000000e+00
30  1.8389148846e+02  0.0000000000e+00
31  1.6787737392e+02  0.0000000000e+00
