0 -2.0365990024e+02 -2.0222592920e-15
1  1.7629385356e+04 -2.3021058487e-15
2  1.1337828442e+04 -7.8685421038e-15
3  8.7700621900e+03 -1.8346655287e-15
4  6.7285309724e+03 -2.2466558956e-16
5  5.1740461798e+03 -2.7673403097e-15
6  3.9601225678e+03  1.5998677840e-15
7  3.0393567898e+03 -2.5734756174e-16
8  2.3314951410e+03 -7.6386511150e-16
9  1.7868412735e+03  6.9833432813e-16
10  1.3637833743e+03  7.4963284041e-16
11  1.0439044629e+03 -5.3937988702e-16
12  7.9918684286e+02  1.8419133779e-16
13  6.1241774619e+02  2.8911431481e-16
14  4.6970925098e+02  4.7752445901e-16
15  3.6183534413e+02 -2.8841763022e-17
16  2.7895229269e+02 -1.2351339146e-16
17  2.1739889316e+02 -1.1012015943e-16
18  1.6835325752e+02 -4.7073306796e-17
19  1.2956499526e+02 -1.7983303564e-18
20  1.0049880401e+02 -3.9263153479e-18
21  7.7169255024e+01 -3.1145824987e-17
22  5.9707618697e+01 -9.6870393617e-18
23  4.6088316724e+01 -1.8128093258e-17
24  3.5494487601e+01  4.5079093453e-18
25  2.7204804879e+01  3.1724560248e-18
26  2.0696250394e+01 -2.5719096652e-18
27  1.5448452188e+01 -1.4796606797e-19
28  1.1263628675e+01  1.3366709303e-18
29  7.8047769347e+00  2.9461394092e-18
30  4.9183206167e+00 -5.8911141482e-19
31  2.4000581861e+00  1.0383565142e-18
