0  1.0827955873e+02  1.7470016421e-15
1  1.7574332249e+04  5.7583208755e-15
2  1.1341049363e+04  1.5610358033e-15
3  8.8292562867e+03 -2.7384081788e-15
4  6.8014648907e+03  5.6939439363e-16
5  5.2378289269e+03  1.6367241992e-15
6  4.0492537746e+03  7.1910979640e-17
7  3.1481689447e+03  6.4591370896e-16
8  2.4328018595e+03 -4.8435292100e-16
9  1.8825790567e+03 -1.1999514482e-15
10  1.4317102659e+03  1.3875506378e-15
11  1.0900342242e+03  9.3480345416e-16
12  8.2653594275e+02  4.2512340101e-16
13  6.2625235390e+02 -4.3633737608e-16
14  4.7311240651e+02  3.8468064827e-16
15  3.6019903933e+02 -1.7567701554e-16
16  2.7395297910e+02 -1.1135582169e-16
17  2.0874902169e+02  4.8154934782e-17
18  1.5790858261e+02  1.0278186303e-16
19  1.1857630803e+02  5.1968965325e-17
20  9.0110025955e+01  2.8625584332e-17
21  6.8426550139e+01  3.3174998291e-17
22  5.2002977827e+01 -1.1074744027e-17
23  3.9510850921e+01 -2.6930221418e-17
24  2.9970490981e+01 -3.5867080756e-18
25  2.2497397860e+01 -1.0558689204e-17
26  1.6738486367e+01 -8.8776993806e-18
27  1.2373640999e+01  1.3577938144e-18
28  8.9749472023e+00  2.1551694552e-19
29  6.2181641572e+00 -1.8740603958e-20
30  3.9758154632e+00  8.1828676661e-19
31  2.0411856855e+00 -8.7456151804e-20
