0  9.7461533429e+04  0.0000000000e+00
1  9.9639902249e+04  0.0000000000e+00
2  7.5027128767e+04  0.0000000000e+00
3  5.8965296749e+04  0.0000000000e+00
4  4.5775007967e+04  0.0000000000e+00
5  3.5386765710e+04  0.0000000000e+00
6  2.7329211392e+04  0.0000000000e+00
7  2.1129464216e+04  0.0000000000e+00
8  1.6358913491e+04  0.0000000000e+00
9  1.2677413749e+04  0.0000000000e+00
10  9.8418930954e+03  0.0000000000e+00
11  7.6350494460e+03  0.0000000000e+00
12  5.9080356108e+03  0.0000000000e+00
13  4.5735507139e+03  0.0000000000e+00
14  3.5363557942e+03  0.0000000000e+00
15  2.7223996913e+03  0.0000000000e+00
16  2.0783596712e+03  0.0000000000e+00
17  1.5859765261e+03  0.0000000000e+00
18  1.2139022510e+03  0.0000000000e+00
19  9.2658940048e+02  0.0000000000e+00
20  7.0531279870e+02  0.0000000000e+00
21  5.3702267710e+02  0.0000000000e+00
22  4.0925245119e+02  0.0000000000e+00
23  3.1240240136e+02  0.0000000000e+00
24  2.3993007796e+02  0.0000000000e+00
25  1.8553385186e+02  0.0000000000e+00
26  1.4383376788e+02  0.0000000000e+00
27  1.1187026621e+02  0.0000000000e+00
28  8.7876406123e+01  0.0000000000e+00
29  7.0485825523e+01  0.0000000000e+00
30  5.9034046830e+01  0.0000000000e+00
31  5.2543543358e+01  0.0000000000e+00
