0  1.0025663455e+05  0.0000000000e+00
1  1.0183265434e+05  0.0000000000e+00
2  7.6652850469e+04  0.0000000000e+00
3  6.0637608009e+04  0.0000000000e+00
4  4.7831425881e+04  0.0000000000e+00
5  3.7560983254e+04  0.0000000000e+00
6  2.9434666462e+04  0.0000000000e+00
7  2.3124407048e+04  0.0000000000e+00
8  1.8158856125e+04  0.0000000000e+00
9  1.4238594547e+04  0.0000000000e+00
10  1.1122018665e+04  0.0000000000e+00
11  8.6387092864e+03  0.0000000000e+00
12  6.7283046708e+03  0.0000000000e+00
13  5.2652346684e+03  0.0000000000e+00
14  4.1438029690e+03  0.0000000000e+00
15  3.2742380126e+03  0.0000000000e+00
16  2.5890924887e+03  0.0000000000e+00
17  2.0520653213e+03  0.0000000000e+00
18  1.6295426166e+03  0.0000000000e+00
19  1.2973869537e+03  0.0000000000e+00
20  1.0385095726e+03  0.0000000000e+00
21  8.3502790809e+02  0.0000000000e+00
22  6.7344341023e+02  0.0000000000e+00
23  5.4621754788e+02  0.0000000000e+00
24  4.4504240541e+02  0.0000000000e+00
25  3.6405444714e+02  0.0000000000e+00
26  3.0024543013e+02  0.0000000000e+00
27  2.5147148785e+02  0.0000000000e+00
28  2.1440496970e+02  0.0000000000e+00
29  1.8614171361e+02  0.0000000000e+00
30  1.6698314635e+02  0.0000000000e+00
31  1.5590855603e+02  0.0000000000e+00
