0 -3.8197271565e+02  4.9875406929e-15
1  1.6628882189e+04 -2.3290445669e-15
2  1.0851997245e+04  1.0359160005e-15
3  8.5284901360e+03  5.4136967329e-16
4  6.6073843877e+03 -1.7596475263e-15
5  5.1499374392e+03 -6.3791618269e-16
6  3.9861638752e+03  2.4315866932e-15
7  3.0808537341e+03 -9.0342437748e-16
8  2.3788408003e+03 -2.9708600658e-16
9  1.8377461896e+03  2.5791390914e-16
10  1.4173586711e+03  7.1494080611e-16
11  1.0859535030e+03 -4.5428314549e-16
12  8.3156116886e+02  2.5643435434e-16
13  6.3884604045e+02  1.6084350987e-16
14  4.9107562599e+02  7.1660575524e-18
15  3.8003799947e+02  2.9934440817e-16
16  2.9196736870e+02 -1.1385930697e-16
17  2.2433230252e+02  1.1153735143e-16
18  1.7359687494e+02  8.8029685754e-17
19  1.3462325465e+02 -1.5946030507e-17
20  1.0465028889e+02  7.6564366894e-18
21  8.1411655147e+01  8.3098696686e-18
22  6.3389199809e+01 -1.7534111404e-18
23  4.9062723086e+01  6.3017133693e-18
24  3.7939223853e+01 -5.9535828280e-19
25  2.9145551698e+01 -7.4499856433e-19
26  2.2199402927e+01  7.5730039440e-18
27  1.6568194279e+01  5.4141287197e-18
28  1.1971318771e+01  1.4005689783e-18
29  8.1486389648e+00 -3.1446098167e-20
30  4.8895225559e+00 -8.1341632716e-20
31  1.8593117834e+00 -2.4331021410e-18
