0  1.0402036533e+05  0.0000000000e+00
1  1.0559470779e+05  0.0000000000e+00
2  7.9452735128e+04  0.0000000000e+00
3  6.2307146147e+04  0.0000000000e+00
4  4.8358247102e+04  0.0000000000e+00
5  3.7367655936e+04  0.0000000000e+00
6  2.8877636538e+04  0.0000000000e+00
7  2.2454195936e+04  0.0000000000e+00
8  1.7525309327e+04  0.0000000000e+00
9  1.3646784487e+04  0.0000000000e+00
10  1.0637569911e+04  0.0000000000e+00
11  8.2856161044e+03  0.0000000000e+00
12  6.4479350684e+03  0.0000000000e+00
13  5.0140005143e+03  0.0000000000e+00
14  3.8959306217e+03  0.0000000000e+00
15  3.0278253267e+03  0.0000000000e+00
16  2.3548080796e+03  0.0000000000e+00
17  1.8209898454e+03  0.0000000000e+00
18  1.4000384606e+03  0.0000000000e+00
19  1.0717525180e+03  0.0000000000e+00
20  8.1129915863e+02  0.0000000000e+00
21  6.1089894700e+02  0.0000000000e+00
22  4.6224122558e+02  0.0000000000e+00
23  3.5028783356e+02  0.0000000000e+00
24  2.6538375488e+02  0.0000000000e+00
25  2.0134900686e+02  0.0000000000e+00
26  1.5414043605e+02  0.0000000000e+00
27  1.1927200688e+02  0.0000000000e+00
28  9.3971989635e+01  0.0000000000e+00
29  7.6126842240e+01  0.0000000000e+00
30  6.4071736611e+01  0.0000000000e+00
31  5.7365521309e+01  0.0000000000e+00
