0  1.6210246209e+02  1.1612187491e-15
1  1.6232611285e+04  2.7443103044e-15
2  1.0703798226e+04 -5.0663791315e-15
3  8.4824507787e+03 -2.6376118934e-16
4  6.6920439559e+03  2.2108978704e-15
5  5.2979442454e+03  1.8648790351e-15
6  4.2175488650e+03  1.3025261852e-15
7  3.3509481057e+03  5.4195243196e-16
8  2.6540769515e+03  1.3015786730e-15
9  2.1096003328e+03 -1.0184011591e-15
10  1.6685704466e+03  1.7327213018e-16
11  1.3196373951e+03 -4.3222947804e-16
12  1.0401873525e+03  2.8076288759e-16
13  8.1647207970e+02  4.5666701384e-16
14  6.4138961535e+02 -4.0117460321e-16
15  5.0373373988e+02 -1.4749818815e-16
16  3.9794862554e+02 -4.7937035556e-17
17  3.1293213805e+02 -5.0828858978e-17
18  2.4745001469e+02 -6.2516325463e-17
19  1.9486966239e+02  9.0479635909e-17
20  1.5335071514e+02 -5.9003176905e-17
21  1.1989973509e+02 -6.8637726694e-18
22  9.4333898153e+01  2.7400086476e-17
23  7.3081474587e+01 -2.9967602157e-17
24  5.6488407772e+01 -1.0549689479e-17
25  4.3042922565e+01  1.1905471590e-17
26  3.2416571381e+01  5.5307016291e-18
27  2.4121800121e+01  9.9309319110e-18
28  1.7598402977e+01 -7.6260758521e-18
29  1.2260524690e+01 -6.9396879973e-18
30  7.8621129551e+00 -6.2087515034e-19
31  3.9293831933e+00  6.7233240188e-19
