0  8.7611277898e+01 -8.3956359897e-16
1  1.8551337922e+04 -1.3674152088e-15
2  1.2244212075e+04 -6.7731655550e-16
3  9.6856970678e+03 -6.8700428308e-16
4  7.6401431824e+03  1.6441997944e-15
5  6.0296280971e+03  3.3196976679e-15
6  4.7677408643e+03  8.2617952549e-16
7  3.7260249975e+03 -1.0290933619e-15
8  2.9183679013e+03 -3.3326373667e-16
9  2.2953911872e+03 -2.8522140433e-16
10  1.8041768347e+03 -2.8741680785e-16
11  1.4262388913e+03  5.0117923050e-16
12  1.1280450401e+03 -1.1165074797e-15
13  8.9754195393e+02  5.7636251017e-16
14  7.1722793084e+02  1.5102343340e-16
15  5.7465406917e+02 -5.0950847604e-16
16  4.5965411011e+02  3.0304938323e-16
17  3.6777894658e+02  2.1148295111e-17
18  2.9684594648e+02  1.0292720859e-16
19  2.3874154456e+02  3.9091761656e-17
20  1.9187308518e+02  1.1519235154e-16
21  1.5306992827e+02  4.7117372361e-17
22  1.2236951525e+02  5.0681157608e-18
23  9.7518298662e+01  4.9846618396e-17
24  7.7001549819e+01 -2.3256560116e-17
25  6.1199589172e+01  1.1696783848e-17
26  4.6984356714e+01 -5.0447164756e-18
27  3.6125916661e+01 -7.6041324049e-18
28  2.6550877035e+01  1.0456833492e-17
29  1.8618850248e+01  7.2951771373e-18
30  1.1397229404e+01  2.8144787255e-18
31  4.8433934447e+00  1.5293709258e-18
