0  1.1278418510e+05  0.0000000000e+00
1  1.1466898901e+05  0.0000000000e+00
2  8.8783234610e+04  0.0000000000e+00
3  7.1312754635e+04  0.0000000000e+00
4  5.6795901857e+04  0.0000000000e+00
5  4.4885778924e+04  0.0000000000e+00
6  3.5124136059e+04  0.0000000000e+00
7  2.7300085156e+04  0.0000000000e+00
8  2.1202067784e+04  0.0000000000e+00
9  1.6515564140e+04  0.0000000000e+00
10  1.2959657335e+04  0.0000000000e+00
11  1.0188389945e+04  0.0000000000e+00
12  8.0037605248e+03  0.0000000000e+00
13  6.3201634223e+03  0.0000000000e+00
14  4.9998635083e+03  0.0000000000e+00
15  3.9486046042e+03  0.0000000000e+00
16  3.1131225810e+03  0.0000000000e+00
17  2.4484519163e+03  0.0000000000e+00
18  1.9321050419e+03  0.0000000000e+00
19  1.5352980217e+03  0.0000000000e+00
20  1.2238269944e+03  0.0000000000e+00
21  9.7328930576e+02  0.0000000000e+00
22  7.7484396115e+02  0.0000000000e+00
23  6.1844454287e+02  0.0000000000e+00
24  4.9413069758e+02  0.0000000000e+00
25  3.9499663759e+02  0.0000000000e+00
26  3.1795758022e+02  0.0000000000e+00
27  2.6137947740e+02  0.0000000000e+00
28  2.2118794324e+02  0.0000000000e+00
29  1.9235843472e+02  0.0000000000e+00
30  1.7192275035e+02  0.0000000000e+00
31  1.5929766164e+02  0.0000000000e+00
