0  1.0744842862e+05  0.0000000000e+00
1  1.0833212879e+05  0.0000000000e+00
2  8.2221177295e+04  0.0000000000e+00
3  6.4896384719e+04  0.0000000000e+00
4  5.0814693194e+04  0.0000000000e+00
5  3.9697405321e+04  0.0000000000e+00
6  3.0962174459e+04  0.0000000000e+00
7  2.4188080838e+04  0.0000000000e+00
8  1.8867942218e+04  0.0000000000e+00
9  1.4734518991e+04  0.0000000000e+00
10  1.1539110345e+04  0.0000000000e+00
11  9.0382087061e+03  0.0000000000e+00
12  7.0783360010e+03  0.0000000000e+00
13  5.5354331896e+03  0.0000000000e+00
14  4.3238097930e+03  0.0000000000e+00
15  3.3883454582e+03  0.0000000000e+00
16  2.6534264182e+03  0.0000000000e+00
17  2.0725602550e+03  0.0000000000e+00
18  1.6161621572e+03  0.0000000000e+00
19  1.2588539116e+03  0.0000000000e+00
20  9.7744352224e+02  0.0000000000e+00
21  7.5743402554e+02  0.0000000000e+00
22  5.8633137142e+02  0.0000000000e+00
23  4.5497536502e+02  0.0000000000e+00
24  3.5388155339e+02  0.0000000000e+00
25  2.7823178767e+02  0.0000000000e+00
26  2.2159261893e+02  0.0000000000e+00
27  1.7909902658e+02  0.0000000000e+00
28  1.4746590935e+02  0.0000000000e+00
29  1.2440970457e+02  0.0000000000e+00
30  1.0848694214e+02  0.0000000000e+00
31  9.9443054549e+01  0.0000000000e+00
