0  4.8224916806e+07 -1.6008934144e-11
1  4.8588242840e+07  1.9621562506e-11
2  2.9496882330e+07  2.2453910950e-11
3  2.1936692572e+07  2.1901026718e-11
4  1.6955940829e+07 -6.7430739494e-12
5  1.2542113507e+07 -2.1038728828e-13
6  9.6961028103e+06 -9.3992076149e-13
7  7.6449819366e+06  1.3064378191e-12
8  5.9610395843e+06  2.8863943966e-14
9  4.5330850316e+06 -2.0295150377e-12
10  3.5436966461e+06  2.3922188039e-12
11  2.7121317409e+06  8.5921185771e-13
12  2.0187647760e+06 -3.6984647924e-13
13  1.5201293245e+06  3.3248119509e-13
14  1.2081621430e+06 -1.1628191897e-13
15  9.3890695082e+05  2.9231178352e-13
16  7.4811049364e+05 -3.7732805036e-14
17  5.9719875110e+05 -1.3981674815e-13
18  4.7374513739e+05  2.0805621076e-13
19  3.6231322361e+05  4.4775082654e-14
20  2.8655589940e+05  1.7002541604e-14
21  2.2293643177e+05  5.4555700951e-14
22  1.7334264817e+05  1.3218887381e-13
23  1.3658546355e+05  5.3450193753e-14
24  1.0403086719e+05  7.3221994913e-14
25  8.0871753660e+04  1.1227248645e-14
26  6.4646473788e+04  3.3963648434e-15
27  5.0495910656e+04 -1.8053717353e-14
28  4.3299996895e+04  7.1955895125e-15
29  3.7034303466e+04 -3.3204390497e-14
30  3.0810186867e+04 -2.1913068105e-14
31  2.8438695821e+04  2.0135097010e-14
