0  9.3313754945e+04  0.0000000000e+00
1  9.5592631073e+04  0.0000000000e+00
2  7.1183690014e+04  0.0000000000e+00
3  5.5909567230e+04  0.0000000000e+00
4  4.3807433802e+04  0.0000000000e+00
5  3.4339003847e+04  0.0000000000e+00
6  2.6894204168e+04  0.0000000000e+00
7  2.1074065929e+04  0.0000000000e+00
8  1.6477619248e+04  0.0000000000e+00
9  1.2855751141e+04  0.0000000000e+00
10  9.9875004043e+03  0.0000000000e+00
11  7.7262332645e+03  0.0000000000e+00
12  5.9787850837e+03  0.0000000000e+00
13  4.6405656895e+03  0.0000000000e+00
14  3.6065398330e+03  0.0000000000e+00
15  2.8064849958e+03  0.0000000000e+00
16  2.1687677351e+03  0.0000000000e+00
17  1.6667981263e+03  0.0000000000e+00
18  1.2822203417e+03  0.0000000000e+00
19  9.8764721799e+02  0.0000000000e+00
20  7.6079178914e+02  0.0000000000e+00
21  5.8806478357e+02  0.0000000000e+00
22  4.5485551070e+02  0.0000000000e+00
23  3.5147418561e+02  0.0000000000e+00
24  2.7095326081e+02  0.0000000000e+00
25  2.0838760375e+02  0.0000000000e+00
26  1.6078393024e+02  0.0000000000e+00
27  1.2537362880e+02  0.0000000000e+00
28  9.9860273520e+01  0.0000000000e+00
29  8.1843582169e+01  0.0000000000e+00
30  6.9581645404e+01  0.0000000000e+00
31  6.2735482587e+01  0.0000000000e+00
