0  5.1305648754e+07 -1.1452074042e-11
1  5.4423257398e+07 -2.0115101412e-11
2  3.3289867242e+07 -6.8723014626e-12
3  2.4658494383e+07 -6.9708760285e-12
4  1.8844347176e+07  1.0551886127e-11
5  1.4187726417e+07  9.2711894482e-12
6  1.0933623362e+07 -1.6198713378e-12
7  8.4380775725e+06  9.8677510415e-14
8  6.6076367359e+06  3.5874558127e-12
9  5.2156180832e+06 -2.9401102505e-12
10  4.0012556181e+06 -1.3232125212e-13
11  3.1284924430e+06  1.9466081333e-12
12  2.4986860775e+06 -1.8332846538e-12
13  2.0054878753e+06 -5.9285902781e-13
14  1.5760164504e+06  2.6184826715e-13
15  1.2277601393e+06  2.9761378989e-13
16  9.5402496338e+05  3.4828250229e-13
17  7.3829915853e+05  3.8572492888e-13
18  5.9167524184e+05  6.3719389114e-14
19  4.6734206381e+05  1.1890941086e-13
20  3.6154135643e+05  2.1454005904e-14
21  2.8296105998e+05  1.3815769315e-13
22  2.1730302862e+05  1.2332079920e-13
23  1.7364638524e+05 -1.4210324070e-13
24  1.3490304635e+05  4.3712731056e-14
25  1.0606436162e+05  3.6337789951e-15
26  8.1634861476e+04 -1.0557707979e-14
27  6.5298606745e+04  5.9923561185e-15
28  5.3098582432e+04  2.0840974023e-14
29  4.3632941607e+04  2.3796725044e-14
30  3.7099114732e+04 -4.4847533538e-15
31  3.4843050251e+04  6.3276373454e-15
