0  6.1523151948e+07  1.0415815124e-11
1  5.7911982213e+07 -5.1631538719e-12
2  3.7517045542e+07 -6.2178188751e-12
3  2.8467182974e+07  1.9386638096e-12
4  2.2644396850e+07 -4.1220214435e-12
5  1.7254341370e+07 -3.2091438881e-13
6  1.3230412829e+07 -2.0426717123e-12
7  1.0095353699e+07  4.3871439359e-12
8  7.6341859196e+06  4.6903446005e-12
9  5.7809702328e+06  2.8323282273e-12
10  4.4569309196e+06  1.3266601856e-12
11  3.4314551137e+06  2.2638179252e-12
12  2.6179431450e+06  3.9705377826e-13
13  1.9971836428e+06 -1.7164111908e-14
14  1.5328796657e+06  2.8184709656e-13
15  1.1462656132e+06 -8.9890717895e-13
16  8.7871607462e+05 -3.2513178056e-13
17  6.7025183057e+05 -1.3359510560e-13
18  5.2652937866e+05 -1.5479594402e-13
19  4.1323981794e+05  3.6065906065e-14
20  3.1591827373e+05 -6.4044690696e-14
21  2.5043272072e+05  1.8205164744e-13
22  1.9497940944e+05  1.0632560837e-13
23  1.5235696804e+05  3.0099524081e-14
24  1.1916935266e+05  5.7675806737e-14
25  9.1943151457e+04 -2.3598143682e-14
26  7.2328758137e+04 -6.2857395151e-14
27  5.8423042494e+04  3.5203017712e-15
28  4.7473212555e+04  8.4324269319e-16
29  3.8952934141e+04  1.1997146760e-15
30  3.3682194543e+04  2.6950437788e-14
31  3.1243276235e+04  7.4684866296e-16
