0  9.3592279606e+04  0.0000000000e+00
1  9.5624790979e+04  0.0000000000e+00
2  7.1211188288e+04  0.0000000000e+00
3  5.5920324161e+04  0.0000000000e+00
4  4.3644081139e+04  0.0000000000e+00
5  3.4107593796e+04  0.0000000000e+00
6  2.6689537757e+04  0.0000000000e+00
7  2.0832734715e+04  0.0000000000e+00
8  1.6176810567e+04  0.0000000000e+00
9  1.2555279509e+04  0.0000000000e+00
10  9.7427683045e+03  0.0000000000e+00
11  7.5422988833e+03  0.0000000000e+00
12  5.8002448476e+03  0.0000000000e+00
13  4.4577013639e+03  0.0000000000e+00
14  3.4398153956e+03  0.0000000000e+00
15  2.6585388154e+03  0.0000000000e+00
16  2.0610509696e+03  0.0000000000e+00
17  1.5975049261e+03  0.0000000000e+00
18  1.2299436074e+03  0.0000000000e+00
19  9.3577769616e+02  0.0000000000e+00
20  7.0954759100e+02  0.0000000000e+00
21  5.3930050350e+02  0.0000000000e+00
22  4.0999775075e+02  0.0000000000e+00
23  3.1070951483e+02  0.0000000000e+00
24  2.3567836965e+02  0.0000000000e+00
25  1.8031390017e+02  0.0000000000e+00
26  1.3997017417e+02  0.0000000000e+00
27  1.1064092965e+02  0.0000000000e+00
28  8.8906901748e+01  0.0000000000e+00
29  7.3428876307e+01  0.0000000000e+00
30  6.3655620861e+01  0.0000000000e+00
31  5.8571557818e+01  0.0000000000e+00
