0  5.0621673676e+07  3.4375345737e-12
1  5.3433656675e+07  6.5391197756e-12
2  3.2947301081e+07  5.5702585664e-12
3  2.5082634431e+07 -1.1337854109e-12
4  1.9137086114e+07  1.6691581855e-12
5  1.4899672232e+07  3.4966151088e-12
6  1.1523937065e+07  3.5232183629e-12
7  9.1095740623e+06 -8.2374625549e-13
8  7.1497476077e+06  6.3200776329e-13
9  5.4423858529e+06 -1.3376322211e-12
10  4.1935310188e+06 -1.2583774421e-12
11  3.2353604695e+06 -1.0038913059e-12
12  2.6050390942e+06 -4.3074540910e-13
13  2.0971314207e+06  3.1054031296e-12
14  1.6693201051e+06 -4.3015179862e-13
15  1.3348669578e+06 -3.0758221646e-13
16  1.0630708709e+06  7.9422027242e-13
17  8.3510074797e+05  1.0662031305e-13
18  6.5538074523e+05 -2.9166331634e-14
19  5.2537936199e+05 -1.8868236752e-14
20  4.2831204163e+05 -2.5378587333e-13
21  3.3947716149e+05  2.2269817829e-13
22  2.7041424149e+05  1.3728748078e-13
23  2.0923322546e+05  2.2414952085e-13
24  1.6401827533e+05 -1.4620692680e-13
25  1.2862597808e+05 -1.6901863898e-13
26  1.0146267989e+05 -7.3016303010e-14
27  8.2226011668e+04  5.5485565660e-14
28  6.5910425385e+04 -3.6991605685e-14
29  5.4184892559e+04  1.0093415670e-14
30  4.7266880288e+04  1.2348214170e-14
31  4.2770162107e+04  5.4050699141e-15
