0  2.0347858218e+02  2.4788342968e-15
1  1.8961053212e+04 -1.0336952919e-15
2  1.2715524353e+04 -1.7022017518e-15
3  1.0267686581e+04  1.9970208865e-15
4  8.1973872676e+03 -3.0357559186e-15
5  6.5808027436e+03 -2.5167261040e-15
6  5.2694085161e+03 -2.1993409528e-15
7  4.2217248523e+03  1.8745120761e-15
8  3.3750406140e+03 -1.7774649703e-15
9  2.7128661754e+03 -1.4874758292e-15
10  2.1733037401e+03  3.8911973619e-16
11  1.7478074592e+03  1.0137502071e-17
12  1.4048346880e+03  9.0903575899e-17
13  1.1253627575e+03 -3.9518164659e-16
14  8.9973134107e+02  6.4141104063e-16
15  7.1894118179e+02  6.5293534739e-17
16  5.7495859662e+02 -1.1687350018e-16
17  4.6035008550e+02  3.0841538989e-16
18  3.6951769981e+02  7.3932847285e-17
19  2.9607733045e+02  1.1764726478e-16
20  2.3811670634e+02  1.4795071550e-16
21  1.9158490499e+02 -3.7759140602e-17
22  1.5314758407e+02  8.4583968959e-17
23  1.2209360347e+02 -1.1500801600e-17
24  9.6519300359e+01 -4.6203741449e-17
25  7.5848705951e+01 -1.9660905255e-17
26  5.9212828869e+01 -2.2735846612e-17
27  4.5657624645e+01 -1.0759647771e-17
28  3.4108058677e+01 -5.9114429389e-18
29  2.4296615808e+01  5.5395954750e-19
30  1.5685691606e+01  1.2370916195e-18
31  7.9187503089e+00  5.2591216904e-18
