0  4.5133773049e+07 -8.2817278165e-13
1  5.0709563205e+07  3.8965573207e-11
2  2.8996083143e+07 -1.1718335291e-11
3  2.2007340683e+07 -2.0530859142e-12
4  1.7216230334e+07  1.7351569334e-11
5  1.3169922929e+07  3.5337907953e-12
6  1.0314332756e+07 -3.1303519480e-12
7  7.8969593741e+06 -4.6378669768e-12
8  6.4946805554e+06  3.3471702900e-12
9  5.1257851986e+06 -1.3507302011e-12
10  3.9033276365e+06 -1.3396570790e-12
11  2.9978645276e+06 -2.7463622413e-12
12  2.3317293489e+06 -1.3521042343e-12
13  1.8246591563e+06  1.3549481817e-13
14  1.4077152934e+06 -3.0205361703e-13
15  1.0763679036e+06  3.1832479879e-13
16  8.1613627547e+05 -6.0291962777e-13
17  6.1362726188e+05 -9.7590674073e-14
18  4.8971075400e+05 -1.8325549394e-13
19  3.8141567701e+05 -1.6126419345e-13
20  2.8799009189e+05  1.3868259814e-13
21  2.2497461999e+05 -1.7932649206e-13
22  1.7344148827e+05 -1.1482212913e-13
23  1.3540829816e+05  4.2784593910e-15
24  1.0407234726e+05  6.2433148002e-14
25  7.8637534257e+04  1.2677100918e-14
26  5.9805530241e+04  8.4862309949e-15
27  4.5864646405e+04  5.2490341644e-15
28  3.7072176481e+04  2.4010037156e-14
29  3.0750796835e+04  2.5506007277e-14
30  2.5699683960e+04  9.8804750508e-15
31  2.2639296661e+04 -1.4718680924e-16
