0 -4.4272216116e+01  9.9615712102e-16
1  1.6711576947e+04 -5.8820466605e-15
2  1.0918138354e+04 -1.4903280009e-15
3  8.6092323008e+03 -1.7303365865e-15
4  6.6971766803e+03 -3.0624920900e-16
5  5.2387483524e+03  6.6037388485e-16
6  4.0918230017e+03  4.5959817136e-16
7  3.2192836847e+03  1.1033686223e-15
8  2.5490381951e+03 -1.3930262558e-15
9  2.0151619925e+03  9.6182348754e-16
10  1.5936473521e+03 -1.2195950819e-15
11  1.2578840604e+03 -1.0425526096e-15
12  9.9354897815e+02  1.4960242975e-16
13  7.8523873651e+02  4.1402578709e-16
14  6.2156368190e+02  7.5581967493e-17
15  4.8695023087e+02  2.9353513859e-16
16  3.8126697440e+02 -2.5098066654e-16
17  3.0082324787e+02 -1.9201760458e-16
18  2.3605381357e+02 -3.0357184374e-17
19  1.8525368941e+02  6.4609555634e-17
20  1.4456644325e+02 -2.7359481834e-17
21  1.1303466836e+02  2.6229063426e-17
22  8.9134252206e+01  2.5584259595e-17
23  6.9980644922e+01 -8.6921250498e-17
24  5.5148756206e+01  1.3023766839e-17
25  4.3084888723e+01 -1.8955273871e-18
26  3.3210795388e+01 -5.8198972061e-18
27  2.5306288874e+01  1.3557556414e-17
28  1.8629012010e+01 -2.0725837428e-18
29  1.2967789441e+01  2.3830974186e-18
30  8.0860106310e+00  9.3909484071e-19
31  3.6658054617e+00 -1.5908337541e-19
