0 -1.4053975774e+02  3.8119101017e-15
1  1.7173561749e+04  8.1354740551e-16
2  1.1358259737e+04  2.6392119386e-15
3  9.0729857898e+03 -7.2062471482e-16
4  7.1476454698e+03 -2.0555393223e-15
5  5.6701386255e+03  5.1078797225e-16
6  4.4900847656e+03  1.4575340616e-15
7  3.5702025062e+03  2.1936156454e-15
8  2.8387548370e+03  9.6660784726e-16
9  2.2460351932e+03 -3.8324005699e-17
10  1.7796489852e+03 -2.2488686633e-15
11  1.4143029462e+03 -4.5849152281e-17
12  1.1239323159e+03  1.3619458641e-16
13  8.8961060326e+02 -3.0928666915e-17
14  7.0622935549e+02 -7.3856296682e-17
15  5.5725889129e+02  9.7136891358e-17
16  4.4182213237e+02  1.1647370063e-16
17  3.4927387454e+02  1.6430268655e-16
18  2.7673698663e+02  2.9471643191e-16
19  2.1980300062e+02 -1.6496390164e-17
20  1.7315041666e+02  9.5151975525e-18
21  1.3591983877e+02  4.4192885232e-18
22  1.0695576271e+02 -8.1680445895e-18
23  8.3602063684e+01  8.9722176696e-17
24  6.4769051840e+01  4.1630822325e-17
25  4.9713292916e+01 -1.2244178890e-17
26  3.7984449697e+01 -3.5944372512e-18
27  2.8585878004e+01  2.0895244018e-18
28  2.1072704167e+01 -2.1648044549e-18
29  1.4720798322e+01  3.6200070583e-19
30  9.3160726707e+00 -2.5888503242e-18
31  4.4907697149e+00  9.1246624243e-19
