0 -1.7568842278e+02  2.6334591026e-15
1  1.7943451074e+04  6.2093661317e-15
2  1.1777863048e+04 -2.7937770285e-15
3  9.3527026850e+03  3.2163333903e-15
4  7.3148222004e+03  2.0639688354e-15
5  5.7960011103e+03  1.8674933494e-15
6  4.5909053785e+03 -1.8896951417e-15
7  3.6325238256e+03 -5.5445442650e-16
8  2.8693735466e+03 -1.8055874170e-15
9  2.2765898971e+03  2.1655201978e-16
10  1.8097645919e+03  1.7410031665e-16
11  1.4414249113e+03 -8.3014946303e-17
12  1.1452611432e+03  1.2368485210e-15
13  9.0928831872e+02 -1.0290190348e-16
14  7.2656259654e+02 -9.3566223969e-17
15  5.7732407258e+02 -3.5627232789e-16
16  4.5962992282e+02 -9.5458495573e-18
17  3.6648924055e+02 -3.1533766077e-17
18  2.9187629933e+02 -7.6279022669e-18
19  2.3289792292e+02 -4.0780613004e-17
20  1.8531352168e+02  1.0174305653e-16
21  1.4699331270e+02 -9.1470002713e-17
22  1.1673582804e+02  2.3674041480e-17
23  9.2751654216e+01  2.5118550293e-17
24  7.3287933473e+01 -4.0868069156e-17
25  5.7366753737e+01  5.9629001904e-18
26  4.4575553586e+01  1.0524066732e-17
27  3.4079302689e+01  8.7396859498e-18
28  2.5218206279e+01  5.3106848210e-18
29  1.7724504373e+01 -3.5492798072e-18
30  1.1204338017e+01 -2.6217787300e-18
31  5.3162597355e+00  1.1329065670e-20
