0 -6.4061607399e+01  3.5216949088e-15
1  1.7818830467e+04 -3.0475986038e-15
2  1.1587804016e+04 -5.2051212224e-16
3  9.1542725898e+03  1.4361479620e-15
4  7.1229077480e+03  1.0921272245e-15
5  5.6122445976e+03 -2.6481165842e-15
6  4.4040935915e+03  5.0693407822e-16
7  3.4494124938e+03 -3.0073138227e-15
8  2.6789904336e+03  8.7578791587e-16
9  2.0953185191e+03 -1.1426046111e-15
10  1.6407419137e+03 -1.4411206806e-16
11  1.2836915107e+03  2.7655435145e-16
12  9.9902311921e+02  1.6255996920e-16
13  7.7686276488e+02  2.2401882697e-16
14  6.0265877778e+02 -1.2285900557e-16
15  4.6723418481e+02  1.1581783243e-16
16  3.6228009762e+02  1.4836396170e-16
17  2.8060121364e+02 -5.3722230882e-17
18  2.1663442436e+02 -8.0805249102e-17
19  1.6715382517e+02 -9.6795960597e-17
20  1.2898258875e+02  2.1243003982e-17
21  9.9717588122e+01  2.9603589748e-17
22  7.7036239644e+01 -8.5241054768e-17
23  5.9671056619e+01 -5.3447778972e-19
24  4.5949665802e+01 -7.9225109139e-18
25  3.5147368358e+01 -2.3416437585e-17
26  2.6853793428e+01 -3.0179783911e-18
27  2.0194299663e+01 -2.2926534904e-18
28  1.4825630425e+01  6.4718611126e-19
29  1.0464736486e+01 -2.4866769749e-18
30  6.6327792139e+00 -1.0090279984e-18
31  3.3125196044e+00 -2.8142669673e-19
