0  1.0483132537e+05  0.0000000000e+00
1  1.0665985352e+05  0.0000000000e+00
2  8.1475827349e+04  0.0000000000e+00
3  6.5090249247e+04  0.0000000000e+00
4  5.1546181123e+04  0.0000000000e+00
5  4.0493173295e+04  0.0000000000e+00
6  3.1560798518e+04  0.0000000000e+00
7  2.4568231909e+04  0.0000000000e+00
8  1.9142759366e+04  0.0000000000e+00
9  1.4902726137e+04  0.0000000000e+00
10  1.1546454351e+04  0.0000000000e+00
11  8.9733809674e+03  0.0000000000e+00
12  6.9754238021e+03  0.0000000000e+00
13  5.4351671841e+03  0.0000000000e+00
14  4.2401298646e+03  0.0000000000e+00
15  3.2947885411e+03  0.0000000000e+00
16  2.5432103541e+03  0.0000000000e+00
17  1.9579108718e+03  0.0000000000e+00
18  1.5061175094e+03  0.0000000000e+00
19  1.1660662751e+03  0.0000000000e+00
20  9.0706630887e+02  0.0000000000e+00
21  7.0399303111e+02  0.0000000000e+00
22  5.4527749733e+02  0.0000000000e+00
23  4.2384294575e+02  0.0000000000e+00
24  3.2986589824e+02  0.0000000000e+00
25  2.5607107906e+02  0.0000000000e+00
26  1.9991221288e+02  0.0000000000e+00
27  1.5838047915e+02  0.0000000000e+00
28  1.2799160125e+02  0.0000000000e+00
29  1.0666625826e+02  0.0000000000e+00
30  9.2928499525e+01  0.0000000000e+00
31  8.5570969829e+01  0.0000000000e+00
