0  5.2394477655e+07 -1.2595320636e-12
1  5.6192662971e+07 -5.9983427282e-11
2  3.3854357556e+07 -1.5441033214e-12
3  2.6417070882e+07  4.5592564433e-12
4  1.9922302391e+07  3.2847985295e-12
5  1.5166813857e+07  1.7594128032e-11
6  1.1552246636e+07  2.4388920824e-12
7  9.4940209173e+06  1.9650294983e-12
8  7.3721677508e+06  2.2916150494e-12
9  5.9444111837e+06  2.8488253917e-12
10  4.7185373145e+06 -5.4641033683e-13
11  3.6460297232e+06 -3.6155280605e-13
12  2.9039401122e+06 -8.3477864907e-13
13  2.2513605966e+06  1.1287156056e-12
14  1.7337326389e+06 -9.0879041770e-13
15  1.3732404114e+06 -5.9467124640e-13
16  1.0785561578e+06 -2.9629638021e-13
17  8.5267690258e+05  5.0594885931e-13
18  6.7291727891e+05 -3.3358566107e-13
19  5.4058060262e+05  2.0680983285e-13
20  4.1636215901e+05  1.6801758198e-13
21  3.1998145742e+05  4.4091395108e-14
22  2.5300556276e+05  1.3629270235e-13
23  1.9643090669e+05  1.3643129948e-14
24  1.5346185422e+05 -2.0542704263e-14
25  1.2158963222e+05 -7.2584140030e-14
26  9.6804849907e+04  9.1085941256e-14
27  7.8332575129e+04 -6.8668125674e-14
28  6.3462377575e+04 -9.6132160795e-15
29  5.3489780777e+04 -3.9404207475e-14
30  4.6533835888e+04 -1.1142025904e-14
31  4.1275619116e+04  3.7014809159e-15
