0  9.3084658891e+04  0.0000000000e+00
1  9.6123923358e+04  0.0000000000e+00
2  7.2747277570e+04  0.0000000000e+00
3  5.8016064653e+04  0.0000000000e+00
4  4.5948369263e+04  0.0000000000e+00
5  3.6416585913e+04  0.0000000000e+00
6  2.8863370423e+04  0.0000000000e+00
7  2.2830365168e+04  0.0000000000e+00
8  1.8075533703e+04  0.0000000000e+00
9  1.4322525696e+04  0.0000000000e+00
10  1.1355668178e+04  0.0000000000e+00
11  9.0116997100e+03  0.0000000000e+00
12  7.1470151206e+03  0.0000000000e+00
13  5.6617476709e+03  0.0000000000e+00
14  4.4777667926e+03  0.0000000000e+00
15  3.5253202421e+03  0.0000000000e+00
16  2.7794733008e+03  0.0000000000e+00
17  2.1978053382e+03  0.0000000000e+00
18  1.7385423065e+03  0.0000000000e+00
19  1.3777309940e+03  0.0000000000e+00
20  1.0921361042e+03  0.0000000000e+00
21  8.6766995535e+02  0.0000000000e+00
22  6.9239677609e+02  0.0000000000e+00
23  5.5501188980e+02  0.0000000000e+00
24  4.4671577947e+02  0.0000000000e+00
25  3.6130433462e+02  0.0000000000e+00
26  2.9417591206e+02  0.0000000000e+00
27  2.4295687130e+02  0.0000000000e+00
28  2.0408475457e+02  0.0000000000e+00
29  1.7472693445e+02  0.0000000000e+00
30  1.5429613076e+02  0.0000000000e+00
31  1.4263750125e+02  0.0000000000e+00
