0  1.0544734653e+05  0.0000000000e+00
1  1.0743942355e+05  0.0000000000e+00
2  8.1682225113e+04  0.0000000000e+00
3  6.4465303534e+04  0.0000000000e+00
4  5.0405369355e+04  0.0000000000e+00
5  3.9470206065e+04  0.0000000000e+00
6  3.0972713135e+04  0.0000000000e+00
7  2.4336570444e+04  0.0000000000e+00
8  1.9132939533e+04  0.0000000000e+00
9  1.5016365691e+04  0.0000000000e+00
10  1.1840635406e+04  0.0000000000e+00
11  9.3890304335e+03  0.0000000000e+00
12  7.4768771776e+03  0.0000000000e+00
13  5.9857975773e+03  0.0000000000e+00
14  4.7680962475e+03  0.0000000000e+00
15  3.8013592993e+03  0.0000000000e+00
16  3.0096980841e+03  0.0000000000e+00
17  2.3665223938e+03  0.0000000000e+00
18  1.8520370363e+03  0.0000000000e+00
19  1.4497625097e+03  0.0000000000e+00
20  1.1333034122e+03  0.0000000000e+00
21  8.8239157559e+02  0.0000000000e+00
22  6.8866991148e+02  0.0000000000e+00
23  5.3897574237e+02  0.0000000000e+00
24  4.2334908519e+02  0.0000000000e+00
25  3.3422308102e+02  0.0000000000e+00
26  2.6519517920e+02  0.0000000000e+00
27  2.1373001527e+02  0.0000000000e+00
28  1.7599728914e+02  0.0000000000e+00
29  1.4869267387e+02  0.0000000000e+00
30  1.3062326093e+02  0.0000000000e+00
31  1.2064575236e+02  0.0000000000e+00
