0  9.7881163153e+04  0.0000000000e+00
1  1.0012553979e+05  0.0000000000e+00
2  7.5438854495e+04  0.0000000000e+00
3  5.9791048864e+04  0.0000000000e+00
4  4.7213280637e+04  0.0000000000e+00
5  3.7399133261e+04  0.0000000000e+00
6  2.9611497540e+04  0.0000000000e+00
7  2.3438542867e+04  0.0000000000e+00
8  1.8496819440e+04  0.0000000000e+00
9  1.4600461794e+04  0.0000000000e+00
10  1.1565726186e+04  0.0000000000e+00
11  9.1882388675e+03  0.0000000000e+00
12  7.3014448209e+03  0.0000000000e+00
13  5.7663757964e+03  0.0000000000e+00
14  4.5222490052e+03  0.0000000000e+00
15  3.5391449316e+03  0.0000000000e+00
16  2.7634456224e+03  0.0000000000e+00
17  2.1484267552e+03  0.0000000000e+00
18  1.6639650151e+03  0.0000000000e+00
19  1.2879665813e+03  0.0000000000e+00
20  9.9575265122e+02  0.0000000000e+00
21  7.6966439703e+02  0.0000000000e+00
22  5.9234190390e+02  0.0000000000e+00
23  4.5381317150e+02  0.0000000000e+00
24  3.4696841393e+02  0.0000000000e+00
25  2.6593387744e+02  0.0000000000e+00
26  2.0539852635e+02  0.0000000000e+00
27  1.6018956976e+02  0.0000000000e+00
28  1.2669214211e+02  0.0000000000e+00
29  1.0246890344e+02  0.0000000000e+00
30  8.6506141260e+01  0.0000000000e+00
31  7.7786810929e+01  0.0000000000e+00
