0  1.2836047032e+02 -1.1091825505e-15
1  1.7025919960e+04 -7.6853670997e-16
2  1.1309741201e+04 -7.1971436616e-16
3  9.0951421739e+03 -1.5185776085e-16
4  7.2483991282e+03 -9.2937683171e-16
5  5.7803986075e+03 -2.8216828466e-15
6  4.6270201365e+03 -2.5112733294e-15
7  3.6897822089e+03  4.6446024635e-16
8  2.9374647986e+03  3.5452998112e-16
9  2.3331397236e+03  2.2655976699e-16
10  1.8603069671e+03  1.0037732178e-16
11  1.4863710459e+03 -4.4380844490e-16
12  1.1877177693e+03  3.4584159360e-16
13  9.4852937275e+02 -6.2283200820e-16
14  7.5490062110e+02 -4.0863148424e-16
15  6.0031787621e+02  2.4846260964e-16
16  4.7907443513e+02  1.1843669949e-16
17  3.8161977292e+02  3.8575296551e-16
18  3.0457345935e+02  6.0057415287e-17
19  2.4241853193e+02 -1.5988276275e-18
20  1.9296495233e+02  1.2421049957e-16
21  1.5299876861e+02 -5.1914014063e-17
22  1.2075811367e+02 -3.9331021994e-17
23  9.5150561741e+01  8.6827229841e-18
24  7.4874454937e+01  7.0392673082e-18
25  5.8540818265e+01 -1.3723521932e-17
26  4.5409542841e+01 -1.0289465076e-19
27  3.4810843584e+01  1.5380874242e-17
28  2.6066449231e+01 -3.3807202507e-19
29  1.8569744469e+01 -2.8439131204e-19
30  1.2120097895e+01 -3.2595945393e-18
31  6.3503214161e+00  8.6736173799e-19
