0  1.2410876518e+02 -2.7772728033e-16
1  2.0115160685e+04 -3.5806937181e-15
2  1.3363897945e+04  2.8587662667e-15
3  1.0606085341e+04 -2.6331147837e-15
4  8.3606610967e+03  3.2777299382e-15
5  6.6106318458e+03 -2.0710370607e-15
6  5.2810697201e+03 -2.1024369955e-15
7  4.1823370851e+03 -3.9494435825e-16
8  3.3337346077e+03  8.8722466060e-16
9  2.6617078045e+03  1.5081106106e-15
10  2.0979836188e+03  1.2107827761e-16
11  1.6726299270e+03 -7.3039989855e-16
12  1.3365503431e+03 -1.4441483999e-15
13  1.0674505987e+03 -3.8875170037e-16
14  8.5105128400e+02 -2.1104514095e-16
15  6.8419396327e+02 -2.4670575743e-16
16  5.4360881621e+02  6.3299153313e-16
17  4.3017470976e+02 -1.3485039806e-16
18  3.3887273706e+02  8.2753424881e-17
19  2.6716813750e+02 -1.3278935514e-17
20  2.1195999708e+02 -3.5666439827e-17
21  1.6791718511e+02 -1.1391608465e-16
22  1.3182039741e+02 -1.3816039106e-16
23  1.0320467730e+02 -2.0324132053e-17
24  7.9683636995e+01 -9.8230410893e-18
25  6.0827793512e+01 -1.4555308286e-17
26  4.6439361687e+01  2.4708903983e-17
27  3.5232620101e+01 -1.0736566123e-17
28  2.6074086958e+01  4.7069620879e-18
29  1.8660004242e+01  2.0546637020e-18
30  1.2302014667e+01  2.6484602678e-18
31  6.5674227267e+00 -4.6288762381e-18
