0  4.0324589718e+01 -2.0006308350e-15
1  1.8518233749e+04  2.4257930937e-15
2  1.2065169526e+04  3.6049192840e-16
3  9.4227530425e+03 -4.6729607031e-15
4  7.2939571085e+03 -3.2245972555e-16
5  5.6941735701e+03 -1.8306888149e-15
6  4.3937468454e+03  4.5200408423e-16
7  3.4092487054e+03 -1.9768156567e-15
8  2.6465496723e+03 -3.7465654274e-16
9  2.0561859404e+03 -6.5427493000e-16
10  1.5955152218e+03 -2.5728879883e-16
11  1.2379085197e+03  4.6948410464e-16
12  9.5886561157e+02 -5.1407845702e-16
13  7.3814360276e+02 -4.5680054065e-16
14  5.6677447293e+02  1.6889064051e-16
15  4.3433908063e+02 -1.5571906642e-16
16  3.3681679667e+02  1.8994565611e-16
17  2.6054925021e+02 -3.0175839914e-17
18  2.0140755007e+02  1.2020744833e-16
19  1.5484970221e+02 -3.2341729629e-17
20  1.1867016537e+02 -6.2961216284e-18
21  9.1096998375e+01  3.5460822579e-17
22  7.0084664830e+01  3.4861176191e-17
23  5.3694026671e+01  2.0217207378e-17
24  4.0937595339e+01  1.9124812809e-18
25  3.1132219039e+01 -3.9722668853e-18
26  2.3456371630e+01 -1.3168397714e-17
27  1.7477943700e+01  1.2143276090e-18
28  1.2671161329e+01  3.1100402845e-18
29  8.8798499317e+00  5.9506711523e-19
30  5.6569698442e+00 -1.1346800422e-18
31  2.9227704153e+00 -2.6903883987e-19
