0  4.8213017045e+07  4.2912002246e-12
1  5.5095861783e+07  1.1398472224e-11
2  3.2213738892e+07 -4.4657982280e-13
3  2.3647731443e+07  5.8834118084e-12
4  1.8305673159e+07 -9.3505569374e-12
5  1.4498484619e+07  3.4542132727e-12
6  1.1448370775e+07 -2.6221440931e-12
7  9.2119083734e+06  5.2001054830e-13
8  7.1693263809e+06  1.2860540415e-12
9  5.6196423810e+06 -2.4680736344e-12
10  4.4141715434e+06 -3.3902604251e-13
11  3.4810684455e+06  1.3935397114e-13
12  2.7272719887e+06 -6.9295754900e-13
13  2.2059523922e+06  5.1321599854e-13
14  1.7183421863e+06  2.9835941075e-13
15  1.3342291498e+06 -2.3097528217e-13
16  1.0499662132e+06  3.5086817381e-13
17  8.2717900256e+05 -4.8202668428e-13
18  6.7361509106e+05  3.2005190558e-13
19  5.3145145265e+05  7.9762498737e-15
20  4.2329737166e+05  1.2102837534e-14
21  3.4049689395e+05 -1.0537571611e-13
22  2.7150783141e+05  5.3900030633e-14
23  2.1114670078e+05 -6.0444213627e-14
24  1.6783014638e+05 -5.2178634014e-14
25  1.3394108810e+05 -1.4151708404e-14
26  1.0653162489e+05 -4.1545923349e-14
27  8.6266595497e+04  2.9548215671e-14
28  7.0857335792e+04 -2.8095684100e-14
29  5.9585126450e+04  4.9713412860e-14
30  5.2907180583e+04  1.0766256203e-14
31  4.9044293836e+04  2.1503625129e-14
