0 -1.2634408226e+02 -2.6565697613e-15
1  1.5725668274e+04  2.6731987121e-15
2  1.0146718124e+04  2.4825269370e-15
3  7.9400383096e+03  7.8132129588e-16
4  6.1826830570e+03 -1.0900272181e-15
5  4.7990008829e+03 -8.1171432033e-16
6  3.7426794995e+03  9.8362484505e-16
7  2.9027803916e+03  8.2422489108e-16
8  2.2586994354e+03  5.8891596196e-16
9  1.7475968291e+03 -8.6928026761e-17
10  1.3574259001e+03  1.1111974302e-15
11  1.0537025151e+03 -2.6818979522e-16
12  8.2229210240e+02 -6.2434825012e-16
13  6.4259559724e+02  2.8886089315e-16
14  5.0042885774e+02  1.8593664917e-16
15  3.9088516020e+02 -7.1603930196e-17
16  3.0242788737e+02  1.0486267887e-16
17  2.3360762916e+02 -1.2219180830e-16
18  1.8048696992e+02  1.0063810205e-18
19  1.3950806183e+02  7.8262879711e-17
20  1.0750388726e+02  1.0442645690e-17
21  8.2857871583e+01  7.1004442628e-17
22  6.3692735718e+01 -2.1286467360e-17
23  4.8567028086e+01  1.5928348694e-17
24  3.6744280682e+01  1.2423061660e-17
25  2.7887946434e+01 -6.4412620474e-18
26  2.0838382488e+01 -1.2956480659e-17
27  1.5464714391e+01 -5.2918912775e-18
28  1.1285656593e+01 -3.6877696941e-19
29  7.8325352562e+00  9.1723080276e-19
30  4.9124094231e+00 -1.3148598319e-18
31  2.3830219005e+00 -1.1630291761e-18
