0  1.0101837568e+05  0.0000000000e+00
1  1.0321061801e+05  0.0000000000e+00
2  7.8009357646e+04  0.0000000000e+00
3  6.1964303028e+04  0.0000000000e+00
4  4.8929633844e+04  0.0000000000e+00
5  3.8682952875e+04  0.0000000000e+00
6  3.0627910967e+04  0.0000000000e+00
7  2.4246961981e+04  0.0000000000e+00
8  1.9204380472e+04  0.0000000000e+00
9  1.5231674148e+04  0.0000000000e+00
10  1.2053509731e+04  0.0000000000e+00
11  9.4793059094e+03  0.0000000000e+00
12  7.4719467013e+03  0.0000000000e+00
13  5.9244037478e+03  0.0000000000e+00
14  4.6957592566e+03  0.0000000000e+00
15  3.6940389527e+03  0.0000000000e+00
16  2.8893821731e+03  0.0000000000e+00
17  2.2665225179e+03  0.0000000000e+00
18  1.7896492165e+03  0.0000000000e+00
19  1.4227026452e+03  0.0000000000e+00
20  1.1341300618e+03  0.0000000000e+00
21  9.0383131738e+02  0.0000000000e+00
22  7.2319973583e+02  0.0000000000e+00
23  5.8051308687e+02  0.0000000000e+00
24  4.6524902061e+02  0.0000000000e+00
25  3.7380360430e+02  0.0000000000e+00
26  3.0526128113e+02  0.0000000000e+00
27  2.5467314226e+02  0.0000000000e+00
28  2.1702731492e+02  0.0000000000e+00
29  1.8997359524e+02  0.0000000000e+00
30  1.7205708826e+02  0.0000000000e+00
31  1.6186382680e+02  0.0000000000e+00
