0  4.9643940143e+07 -1.2213394253e-11
1  5.3882106784e+07  4.6275073976e-12
2  3.0391769829e+07  5.7105718748e-12
3  2.2742360291e+07 -2.9208894355e-12
4  1.7745612654e+07 -2.8549408315e-12
5  1.3538980166e+07  1.2452676212e-12
6  1.0365662356e+07  3.1437140993e-12
7  7.9834795546e+06  3.2707768862e-12
8  6.0683994971e+06  2.5849486743e-12
9  4.5893972032e+06  4.4649623032e-12
10  3.5705474404e+06 -9.1891460764e-13
11  2.7626078988e+06 -6.7960971913e-13
12  2.1668998061e+06  7.2545961832e-13
13  1.6754696741e+06  1.8937629217e-13
14  1.3140259051e+06  7.0141117108e-13
15  1.0377193434e+06  7.2510439291e-13
16  8.0131066295e+05 -1.4960013704e-13
17  6.2140524678e+05 -2.8002637038e-13
18  4.6642062685e+05  2.8914773023e-14
19  3.5518143102e+05 -3.3369699189e-13
20  2.7379290670e+05 -1.5624686957e-14
21  2.0747289587e+05 -1.1254852700e-13
22  1.5976434314e+05  2.9892189623e-15
23  1.2039315930e+05 -5.2513190350e-14
24  9.4187083851e+04 -4.6621499781e-14
25  7.3433456399e+04 -4.7233575081e-14
26  5.6935822174e+04 -2.4805284488e-15
27  4.4513797121e+04 -1.6955587598e-14
28  3.5530865799e+04 -1.1603148008e-14
29  2.8626140439e+04 -6.2943506413e-15
30  2.5075277658e+04 -5.9560909004e-15
31  2.2108996186e+04  2.4365685638e-15
