0  3.1627128712e+02  8.2524143650e-16
1  1.8671883259e+04 -1.8936522679e-16
2  1.2371480168e+04  2.3176841610e-15
3  9.8352056576e+03  6.6997256809e-16
4  7.6830328307e+03 -9.2793359344e-16
5  6.0060872651e+03  3.7696243112e-16
6  4.6977940768e+03 -7.6964579373e-16
7  3.6503573162e+03 -1.4700206408e-15
8  2.8315855556e+03  4.4656921644e-16
9  2.1850199867e+03 -5.7806801101e-16
10  1.6727539969e+03 -1.9426584178e-16
11  1.2755540845e+03  5.8976892414e-17
12  9.6862490331e+02  2.0256263538e-16
13  7.2982616831e+02  2.6260181299e-16
14  5.5072437451e+02 -4.9796092881e-16
15  4.1641828923e+02 -1.6190545096e-16
16  3.1071825747e+02  2.1764723338e-16
17  2.3333699208e+02 -3.3956007667e-16
18  1.7632593076e+02 -1.9016376710e-16
19  1.3477615938e+02  2.2895618202e-17
20  1.0250152987e+02 -9.5829469534e-18
21  7.7382330080e+01  1.7035844273e-17
22  5.8107875796e+01  2.8575119697e-17
23  4.3553684493e+01  1.2614861683e-17
24  3.2421820518e+01 -2.6995469425e-18
25  2.4570254888e+01 -5.5310457362e-18
26  1.8483083632e+01 -6.4122511690e-18
27  1.3773789166e+01 -2.4008090099e-20
28  1.0087119391e+01  1.4842928912e-18
29  6.9411990028e+00  6.5915045164e-19
30  4.3394392881e+00  7.7240140367e-19
31  2.0114618936e+00 -6.9546698925e-19
