0  5.2580018179e+07 -1.9360404588e-12
1  5.6835174606e+07 -4.2316321642e-11
2  3.4306892487e+07  8.2051745254e-12
3  2.5885407801e+07 -1.6964836308e-11
4  2.0080793923e+07 -2.7657136294e-12
5  1.5830722782e+07 -4.5717821480e-12
6  1.2664657062e+07 -6.6750232570e-12
7  1.0010607462e+07  3.0818412786e-12
8  7.9269987657e+06 -3.2304317682e-12
9  6.2826954598e+06 -4.5316387729e-12
10  5.1614551909e+06 -3.4179271353e-12
11  4.0598637292e+06 -2.2906038020e-12
12  3.1824753548e+06  6.2211166267e-13
13  2.4942130641e+06 -2.2295470746e-13
14  2.0322237308e+06 -2.2586841003e-13
15  1.6046125356e+06 -1.6341687859e-13
16  1.3181395911e+06  6.9765335215e-13
17  1.0491487080e+06 -4.4411435607e-13
18  8.2549443289e+05  1.5478026703e-13
19  6.4945550924e+05  2.7861814377e-13
20  5.0660863203e+05 -1.6104690667e-13
21  4.2472753942e+05  2.0932790057e-13
22  3.4756856123e+05  3.3465730351e-13
23  2.9171461431e+05 -1.4584289785e-13
24  2.3713026475e+05 -4.7936359978e-14
25  1.9335182822e+05 -1.1451393059e-13
26  1.5875180307e+05  8.4109073326e-14
27  1.3424100641e+05 -1.3745586252e-13
28  1.1308475763e+05 -5.5010802029e-15
29  9.7763128418e+04 -3.7470822607e-14
30  8.9508439341e+04 -1.7607629370e-14
31  8.6082183119e+04 -1.0890432586e-15
