0 -7.7900108750e+01  2.9345490339e-15
1  1.9788713085e+04 -9.6807924937e-16
2  1.3013022769e+04 -2.1731256007e-15
3  1.0293323248e+04  1.4999975173e-15
4  8.0660136609e+03  3.5260778807e-15
5  6.3695431967e+03 -1.0601312431e-15
6  5.0083396890e+03  1.0105547753e-16
7  3.9453280671e+03 -1.1951905936e-15
8  3.1069057316e+03 -4.5918153703e-16
9  2.4535035859e+03  1.1304557830e-15
10  1.9336825579e+03  4.4020026983e-16
11  1.5216922769e+03  2.4363949816e-16
12  1.1909130584e+03 -6.3049405649e-16
13  9.3645088840e+02  2.2121747725e-16
14  7.3284539784e+02 -1.4167494252e-16
15  5.7288072218e+02 -2.0908563611e-16
16  4.4933978192e+02 -5.0447757679e-16
17  3.5328019273e+02  1.4934347589e-16
18  2.7885267783e+02  2.4274693719e-17
19  2.2010569701e+02 -9.7435470472e-17
20  1.7415000924e+02 -7.9203933315e-18
21  1.3783460230e+02  6.9023232564e-17
22  1.0941163660e+02  9.7100680700e-18
23  8.6442409351e+01  1.1965505050e-17
24  6.7879364674e+01 -1.6035710120e-17
25  5.2989036635e+01  2.0095644915e-17
26  4.1126085878e+01  2.4559720306e-18
27  3.1333211142e+01 -1.2546675531e-18
28  2.3225150736e+01  1.2474677731e-18
29  1.6450672147e+01  1.8053448480e-18
30  1.0482302745e+01  9.5386497773e-19
31  5.2171374154e+00  2.1970975861e-18
