0 -3.3435421260e+02 -3.9551970538e-16
1  1.6626448307e+04  1.2978719509e-15
2  1.0814540710e+04 -3.4899410200e-15
3  8.5237549678e+03 -1.0063117755e-15
4  6.6226949615e+03  1.2809132925e-15
5  5.2100323733e+03  2.0486658617e-15
6  4.0883741814e+03  9.9400671613e-16
7  3.2078527675e+03 -2.2745862777e-16
8  2.5462304767e+03  5.7032782394e-16
9  2.0293355573e+03 -5.8351707984e-16
10  1.6162833750e+03 -7.1160180223e-16
11  1.2816018036e+03  1.0595524549e-16
12  1.0162128059e+03 -9.0296451799e-17
13  8.0855938215e+02 -2.2476707470e-16
14  6.3958248203e+02 -4.1848763902e-16
15  5.0473149362e+02  1.0469311346e-16
16  3.9827484160e+02 -2.2866713202e-17
17  3.1426010695e+02  2.2740065895e-16
18  2.4691012619e+02 -3.0822448984e-16
19  1.9389516165e+02 -1.7527493959e-17
20  1.5190642226e+02  3.4283658540e-19
21  1.1868866732e+02 -5.1979182660e-17
22  9.2918041142e+01  5.3798450612e-17
23  7.2975155802e+01 -6.1164249121e-18
24  5.7115768082e+01 -1.4662140317e-18
25  4.4468999356e+01 -8.3732383210e-18
26  3.4358572772e+01 -6.3300889731e-18
27  2.6066905151e+01  1.6907889358e-17
28  1.9212187583e+01  1.3995101871e-18
29  1.3496228719e+01 -1.5985364599e-18
30  8.6843376307e+00 -7.4994179568e-19
31  4.2690930984e+00 -9.0420767119e-19
