0  4.9965364964e+07 -1.5983965217e-11
1  5.2048308231e+07 -6.7226072730e-12
2  3.2410032416e+07 -7.0995362639e-12
3  2.3930188117e+07  1.9728746621e-12
4  1.8758636469e+07  5.8165222012e-12
5  1.4739375491e+07  3.9595429888e-12
6  1.1829654313e+07 -2.2024791424e-12
7  9.5061812898e+06  1.0666326668e-12
8  7.5220166792e+06  3.6078532043e-12
9  5.9860354972e+06 -2.2085575592e-12
10  4.7112023988e+06  8.6325432468e-14
11  3.6735211959e+06 -5.7448162824e-13
12  2.8951581688e+06 -5.4075724602e-13
13  2.2492867543e+06 -1.2256851661e-12
14  1.8011620326e+06 -6.1215817582e-13
15  1.3967803601e+06 -1.2186759751e-14
16  1.1124780253e+06 -4.6268679160e-13
17  8.5670363857e+05  5.5612397139e-14
18  6.9373632834e+05  3.7073636084e-13
19  5.4290372836e+05 -1.7467300911e-13
20  4.2937425109e+05 -5.4701644318e-14
21  3.3216479282e+05 -1.7147533157e-13
22  2.6277937002e+05  9.2638406131e-15
23  2.0364331353e+05 -5.0516489928e-15
24  1.5702097981e+05  6.2631420413e-14
25  1.2551412019e+05 -4.6836658272e-14
26  9.8726416937e+04  4.1096994805e-14
27  8.0828123786e+04 -1.0879510099e-14
28  6.5953774335e+04 -7.2148983782e-14
29  5.7480491397e+04 -2.1570276701e-14
30  5.1592174076e+04 -8.0958408276e-15
31  4.8472797312e+04  6.9501630857e-14
