0  4.8861717869e+07  1.8600857865e-11
1  5.0394003296e+07  1.1646168118e-11
2  3.1363692021e+07  9.3199731667e-12
3  2.3488789336e+07  3.7924609893e-12
4  1.7964430850e+07 -3.3825912531e-12
5  1.4427982642e+07  1.4614933349e-12
6  1.1323639275e+07 -2.2275924183e-12
7  8.9878428386e+06 -1.0099478869e-12
8  7.1820154453e+06 -1.0305217852e-12
9  5.6741370173e+06 -3.1120754262e-12
10  4.4860983015e+06  1.3523057535e-12
11  3.6460717342e+06 -8.9292460104e-13
12  2.9549871149e+06  1.7817722857e-13
13  2.2794431864e+06  1.9795227873e-12
14  1.8407059091e+06  1.0932174795e-13
15  1.5323428577e+06  2.2992941837e-14
16  1.2714186596e+06 -4.7267083723e-13
17  1.0509618279e+06 -5.8375789288e-13
18  8.7388725592e+05  2.1994396206e-13
19  7.0341956433e+05 -4.9386338228e-14
20  5.7763675456e+05 -1.9887343486e-14
21  4.7818869704e+05  2.4684368104e-13
22  3.8530532126e+05 -7.7012427775e-14
23  3.1501380522e+05  3.7986487110e-14
24  2.6389444413e+05 -8.6528992028e-14
25  2.1806644465e+05  6.9839991885e-14
26  1.8373626448e+05  1.0800169916e-14
27  1.5644784009e+05  1.3523099789e-13
28  1.3400947013e+05 -6.7919421526e-14
29  1.1893930727e+05 -3.9248387193e-14
30  1.0867287072e+05  1.4589124307e-14
31  1.0411848442e+05  4.7013484101e-14
