0 -1.6823602316e+02 -1.7236343589e-16
1  1.9440455043e+04  5.3128024034e-18
2  1.2779470415e+04  2.1146639161e-15
3  1.0032739437e+04  1.0201588584e-15
4  7.8046444970e+03  8.7597299257e-16
5  6.1051663139e+03  5.7538630470e-16
6  4.7775107046e+03  2.0807910156e-15
7  3.7474465763e+03 -2.6204032544e-15
8  2.9411425124e+03  1.0032546218e-15
9  2.3070750880e+03 -4.9895862774e-16
10  1.8046508638e+03 -3.8507515387e-16
11  1.4154128470e+03  1.3693714843e-15
12  1.1100723140e+03  4.8130953162e-17
13  8.7242190501e+02 -1.5754320481e-16
14  6.8778053058e+02 -1.5335849147e-16
15  5.4025490822e+02 -8.8517060570e-17
16  4.2434443505e+02  2.6392133150e-16
17  3.3409476174e+02  2.4742954708e-16
18  2.6154152092e+02 -1.4103543264e-16
19  2.0514811549e+02 -6.1250911180e-17
20  1.6157045441e+02  1.3640803871e-17
21  1.2709136447e+02  1.5750577654e-18
22  9.9725397080e+01  4.0738578994e-17
23  7.7979529306e+01 -3.9185438206e-17
24  6.0531717742e+01 -1.4750072925e-17
25  4.6933254025e+01  2.5854436635e-17
26  3.5979884950e+01 -1.2111909401e-17
27  2.7139814057e+01 -4.4536462971e-18
28  1.9820097237e+01 -7.9276989907e-18
29  1.3741766409e+01 -2.2950093008e-18
30  8.5516363803e+00 -3.1068109714e-18
31  3.9866531401e+00  2.0421964358e-18
