0  9.7516389382e+04  0.0000000000e+00
1  1.0057370670e+05  0.0000000000e+00
2  7.6460053121e+04  0.0000000000e+00
3  6.0656764934e+04  0.0000000000e+00
4  4.7566617951e+04  0.0000000000e+00
5  3.7319915492e+04  0.0000000000e+00
6  2.9374414040e+04  0.0000000000e+00
7  2.3214239590e+04  0.0000000000e+00
8  1.8434250551e+04  0.0000000000e+00
9  1.4673110243e+04  0.0000000000e+00
10  1.1685423615e+04  0.0000000000e+00
11  9.3274715553e+03  0.0000000000e+00
12  7.4438790026e+03  0.0000000000e+00
13  5.9241082890e+03  0.0000000000e+00
14  4.6792418900e+03  0.0000000000e+00
15  3.6816545659e+03  0.0000000000e+00
16  2.8969128568e+03  0.0000000000e+00
17  2.2814907108e+03  0.0000000000e+00
18  1.7916389037e+03  0.0000000000e+00
19  1.4053140516e+03  0.0000000000e+00
20  1.1007638977e+03  0.0000000000e+00
21  8.5888158157e+02  0.0000000000e+00
22  6.6931775128e+02  0.0000000000e+00
23  5.2320597981e+02  0.0000000000e+00
24  4.0908199885e+02  0.0000000000e+00
25  3.2208627292e+02  0.0000000000e+00
26  2.5617722696e+02  0.0000000000e+00
27  2.0679139707e+02  0.0000000000e+00
28  1.6929237472e+02  0.0000000000e+00
29  1.4203077403e+02  0.0000000000e+00
30  1.2358638435e+02  0.0000000000e+00
31  1.1266572256e+02  0.0000000000e+00
