0  8.6654571491e+01  3.6345855541e-15
1  2.0053851464e+04 -4.5953438978e-15
2  1.3210740417e+04  4.1684697855e-15
3  1.0448290983e+04 -3.8631775120e-16
4  8.1474298117e+03  5.3387046709e-16
5  6.3494912861e+03 -7.1723044204e-16
6  4.9463037204e+03 -6.0666511386e-16
7  3.8095642982e+03  1.2660813221e-16
8  2.9408508740e+03 -5.3358141710e-16
9  2.2673086458e+03  1.3815192073e-16
10  1.7359479265e+03 -2.2428881872e-16
11  1.3279796746e+03 -5.9087821966e-16
12  1.0145591121e+03  3.4577706028e-16
13  7.7789984537e+02  4.5079982837e-16
14  5.9322045934e+02 -1.4154719936e-16
15  4.5273055182e+02 -3.7614668545e-17
16  3.4725866095e+02  1.7010030943e-16
17  2.6487290135e+02  9.1593907751e-17
18  2.0379986988e+02 -9.2121609277e-17
19  1.5667281413e+02 -7.1161673119e-17
20  1.1990101714e+02 -6.2122455143e-17
21  9.1264010784e+01 -1.4115009973e-17
22  6.9595658275e+01  2.3896811145e-17
23  5.2679109688e+01  8.2988053007e-18
24  3.9988927221e+01 -1.3999654673e-17
25  3.0208033954e+01  2.9975966608e-18
26  2.2667851881e+01  4.7675514134e-18
27  1.6782070807e+01  2.1486578894e-18
28  1.2186742664e+01 -6.0838141437e-19
29  8.3977147326e+00  2.8687947132e-19
30  5.1648271156e+00 -4.3992773698e-19
31  2.2945432554e+00 -1.1085543697e-19
