0 -6.8866928963e+01 -3.1449143250e-15
1  1.7037039198e+04 -3.3263089718e-15
2  1.1194263813e+04 -2.2652646801e-15
3  8.8615938782e+03 -4.7555555210e-15
4  6.9188401454e+03 -7.4062072749e-17
5  5.4538075172e+03  2.7887656639e-15
6  4.2824142874e+03 -2.6824022015e-15
7  3.3501796496e+03 -1.4768172431e-15
8  2.6300615320e+03  4.1571265320e-16
9  2.0588980927e+03  8.4576737415e-16
10  1.6151284274e+03  4.5843196581e-16
11  1.2584087704e+03  4.4193891083e-17
12  9.8345263602e+02 -7.3830208067e-16
13  7.6767428762e+02  4.0961301013e-16
14  6.0361327735e+02  2.0209777311e-16
15  4.7664414135e+02  1.9558269016e-16
16  3.7354559199e+02  2.2003141937e-16
17  2.9161472109e+02 -1.7045209281e-16
18  2.2884046105e+02  3.1341775471e-16
19  1.8031973121e+02 -4.9758368151e-17
20  1.4106779514e+02  1.4996294815e-17
21  1.0955262785e+02  7.4934331396e-17
22  8.5773646344e+01  4.9617284226e-17
23  6.6719272584e+01  1.2684847781e-18
24  5.1776461223e+01 -3.5466857688e-19
25  4.0039115986e+01  6.6831428934e-18
26  3.0479589104e+01  7.2611370008e-18
27  2.2967450462e+01  2.1458256230e-18
28  1.7006321845e+01 -4.0704697676e-18
29  1.1988945692e+01 -3.6912637050e-18
30  7.5570930914e+00 -2.3915975266e-18
31  3.6002084285e+00 -1.0845198098e-18
