0  1.8726699805e+02 -9.2328687657e-16
1  1.7936852098e+04 -2.2099661341e-16
2  1.1672082316e+04  1.7991367317e-15
3  9.1735689419e+03  1.0666016749e-15
4  7.1046906814e+03 -1.4985584612e-15
5  5.5054575342e+03  2.3151540736e-15
6  4.2779954417e+03 -5.2314724174e-16
7  3.3186498428e+03 -4.7992569154e-17
8  2.5748809333e+03  4.7363138971e-16
9  1.9942654672e+03 -1.8730095455e-15
10  1.5520759672e+03 -3.9346385054e-16
11  1.2079604815e+03 -4.0545984877e-16
12  9.3741333727e+02 -7.9587554537e-16
13  7.2437925221e+02  4.6344475973e-16
14  5.6382533485e+02  1.5388788707e-16
15  4.3761448806e+02  3.6282444537e-17
16  3.3856232645e+02  2.6289605106e-16
17  2.6176993462e+02  1.0524003205e-16
18  2.0285008235e+02  3.6284085664e-17
19  1.5696896585e+02 -7.8668476144e-17
20  1.2175225608e+02 -1.1563977023e-16
21  9.4419215302e+01  1.9267246693e-17
22  7.3368053127e+01  2.7737682045e-17
23  5.7019593693e+01  5.7986816778e-18
24  4.4318768041e+01  6.7415352272e-18
25  3.4235781050e+01 -3.5549972796e-18
26  2.6320566729e+01  4.8149058491e-18
27  1.9940184153e+01 -2.4249494489e-18
28  1.4877657000e+01  1.4711374107e-18
29  1.0471908286e+01  1.8269441881e-18
30  6.6822796783e+00 -9.6985272461e-20
31  3.2286979373e+00  1.1669996431e-18
