0  9.8857717994e+04  0.0000000000e+00
1  1.0035129366e+05  0.0000000000e+00
2  7.4791569817e+04  0.0000000000e+00
3  5.7986563026e+04  0.0000000000e+00
4  4.4631973084e+04  0.0000000000e+00
5  3.4475250279e+04  0.0000000000e+00
6  2.6547585144e+04  0.0000000000e+00
7  2.0427633611e+04  0.0000000000e+00
8  1.5722647015e+04  0.0000000000e+00
9  1.2133045195e+04  0.0000000000e+00
10  9.4208951625e+03  0.0000000000e+00
11  7.3428744732e+03  0.0000000000e+00
12  5.7160786596e+03  0.0000000000e+00
13  4.4324833366e+03  0.0000000000e+00
14  3.4173790743e+03  0.0000000000e+00
15  2.6250444183e+03  0.0000000000e+00
16  2.0213501036e+03  0.0000000000e+00
17  1.5556572645e+03  0.0000000000e+00
18  1.1998623118e+03  0.0000000000e+00
19  9.3236740035e+02  0.0000000000e+00
20  7.2606294242e+02  0.0000000000e+00
21  5.6730975513e+02  0.0000000000e+00
22  4.4483067947e+02  0.0000000000e+00
23  3.4722565983e+02  0.0000000000e+00
24  2.6844232136e+02  0.0000000000e+00
25  2.0728988851e+02  0.0000000000e+00
26  1.6132201196e+02  0.0000000000e+00
27  1.2723988082e+02  0.0000000000e+00
28  1.0284386920e+02  0.0000000000e+00
29  8.6285480549e+01  0.0000000000e+00
30  7.5353430786e+01  0.0000000000e+00
31  6.9086925456e+01  0.0000000000e+00
