0  4.9612980018e+07  5.2844959362e-12
1  5.3624274195e+07 -2.6053903722e-11
2  3.0326886512e+07  3.0544497160e-12
3  2.3248505607e+07  2.0817356380e-12
4  1.7862803994e+07 -1.7952539091e-11
5  1.3472910361e+07  4.7964054502e-12
6  1.0346891593e+07 -3.6363480047e-12
7  7.9451979555e+06 -9.5896221863e-13
8  6.1458513398e+06  3.1824134791e-12
9  4.7709904569e+06 -8.2432843898e-13
10  3.7769733878e+06  2.6614720730e-12
11  2.9912900664e+06  8.6576292709e-13
12  2.3851810431e+06  7.3895626713e-13
13  1.8567640467e+06  8.6056900273e-13
14  1.4260857415e+06  2.7658749515e-13
15  1.1386623015e+06 -5.3182775183e-13
16  8.8120236207e+05  6.7288089316e-13
17  6.8605894957e+05  3.3469082433e-13
18  5.3454346200e+05 -3.7236166057e-13
19  4.1122104471e+05 -3.8954397345e-14
20  3.1027001822e+05 -2.3385466540e-14
21  2.3636897151e+05  8.2063031104e-14
22  1.8943797749e+05  2.1536086703e-13
23  1.4496484864e+05 -5.4222722267e-14
24  1.1345425757e+05 -5.7516815801e-14
25  9.1366806063e+04 -1.4931600539e-14
26  7.2340820951e+04  5.5916440972e-14
27  5.8617025799e+04  2.0658874170e-14
28  4.8856371750e+04  1.6044868763e-15
29  4.1013792328e+04 -1.1365790907e-14
30  3.5322484940e+04  1.5116288072e-14
31  3.2432642195e+04  9.9289424374e-15
