0  6.6547332502e+01 -5.9793241593e-16
1  1.7068491175e+04  8.5908199093e-17
2  1.1234441452e+04 -1.7420581460e-15
3  8.8608886081e+03  1.7895585890e-15
4  6.9035580459e+03 -3.2422060117e-16
5  5.4090296233e+03 -1.5706663231e-15
6  4.2026097910e+03  5.8848397516e-16
7  3.2628161182e+03  4.7394849767e-16
8  2.5303971837e+03  3.0036508288e-16
9  1.9680188995e+03  6.1479345378e-17
10  1.5246690758e+03 -2.3546817131e-16
11  1.1859499319e+03 -1.4533137199e-16
12  9.2435263236e+02  3.5179459409e-16
13  7.1722674305e+02  1.3973756641e-16
14  5.5859294033e+02 -1.4355726148e-16
15  4.3238804264e+02 -1.2239731967e-16
16  3.3480019422e+02  4.6298905600e-16
17  2.5989987340e+02  2.3685317606e-16
18  2.0199103283e+02 -1.2902646421e-16
19  1.5600580324e+02 -1.1031100655e-16
20  1.2028394833e+02  7.5672229442e-17
21  9.2198645543e+01 -4.8882271386e-18
22  7.0466849399e+01 -4.3789485791e-18
23  5.3844669612e+01  2.8629793027e-17
24  4.1093402453e+01 -1.4103336800e-17
25  3.1211411980e+01 -6.6808664923e-18
26  2.3746704544e+01 -3.7546323574e-18
27  1.7649766420e+01  3.4207425575e-18
28  1.2712370221e+01  2.2432344119e-18
29  8.6891438583e+00  2.6258021365e-19
30  5.2816480712e+00  1.9458464381e-18
31  2.2139574973e+00 -1.2841019480e-18
