0  1.0019266539e+05  0.0000000000e+00
1  1.0285210560e+05  0.0000000000e+00
2  7.8174731294e+04  0.0000000000e+00
3  6.2232964865e+04  0.0000000000e+00
4  4.9160146855e+04  0.0000000000e+00
5  3.8760578702e+04  0.0000000000e+00
6  3.0647676012e+04  0.0000000000e+00
7  2.4265214247e+04  0.0000000000e+00
8  1.9214810130e+04  0.0000000000e+00
9  1.5213301720e+04  0.0000000000e+00
10  1.2041391206e+04  0.0000000000e+00
11  9.5753375306e+03  0.0000000000e+00
12  7.6605801845e+03  0.0000000000e+00
13  6.1607494789e+03  0.0000000000e+00
14  4.9635246119e+03  0.0000000000e+00
15  3.9982396136e+03  0.0000000000e+00
16  3.2214072306e+03  0.0000000000e+00
17  2.5907488828e+03  0.0000000000e+00
18  2.0863425796e+03  0.0000000000e+00
19  1.6756873000e+03  0.0000000000e+00
20  1.3426411871e+03  0.0000000000e+00
21  1.0775522009e+03  0.0000000000e+00
22  8.6161118574e+02  0.0000000000e+00
23  6.8907416740e+02  0.0000000000e+00
24  5.5601312341e+02  0.0000000000e+00
25  4.5343223960e+02  0.0000000000e+00
26  3.7454645277e+02  0.0000000000e+00
27  3.1420027395e+02  0.0000000000e+00
28  2.6789817741e+02  0.0000000000e+00
29  2.3461155545e+02  0.0000000000e+00
30  2.1265877878e+02  0.0000000000e+00
31  2.0080619831e+02  0.0000000000e+00
