0 -3.6513839163e+02 -6.5818605169e-15
1  1.7627932152e+04 -2.5834996170e-15
2  1.1480478654e+04 -2.0821371627e-15
3  8.9714377657e+03  2.0805369587e-15
4  6.9854188774e+03 -2.0595999983e-15
5  5.4415082487e+03  3.1988765706e-16
6  4.2500857526e+03 -2.8041929927e-15
7  3.3251336085e+03  2.2917013195e-15
8  2.6116360925e+03  9.5509052852e-16
9  2.0522544013e+03 -3.9292622284e-16
10  1.6097031167e+03 -5.0241044582e-16
11  1.2606089050e+03  1.1060024183e-15
12  9.8671431609e+02 -4.5747534797e-16
13  7.7373858711e+02  1.4247311225e-16
14  6.0676524778e+02 -9.5362780850e-17
15  4.7521241500e+02 -2.1611632721e-16
16  3.7390277021e+02  4.7891242838e-17
17  2.9344503460e+02 -5.3438143972e-17
18  2.3065795947e+02 -1.2328458668e-17
19  1.8223583664e+02 -5.0375325774e-17
20  1.4455500336e+02 -1.0702578926e-17
21  1.1444225960e+02 -3.0601182802e-18
22  9.0242659180e+01  2.5378139421e-17
23  7.1328718632e+01  1.8326087209e-17
24  5.6415346655e+01 -1.3334072065e-17
25  4.4373112778e+01 -5.4335045984e-18
26  3.4798851796e+01  1.9219892257e-17
27  2.6902579011e+01  9.8138825456e-18
28  2.0186836336e+01  9.4273178843e-18
29  1.4466023722e+01 -2.4241024159e-19
30  9.4646967478e+00  2.2062561298e-18
31  4.7178170475e+00  3.5733408369e-18
