0  9.8529032945e+04  0.0000000000e+00
1  1.0161884754e+05  0.0000000000e+00
2  7.7553955465e+04  0.0000000000e+00
3  6.2115386827e+04  0.0000000000e+00
4  4.9534793153e+04  0.0000000000e+00
5  3.9659086225e+04  0.0000000000e+00
6  3.1925596126e+04  0.0000000000e+00
7  2.5768245407e+04  0.0000000000e+00
8  2.0908674445e+04  0.0000000000e+00
9  1.7003640069e+04  0.0000000000e+00
10  1.3814767826e+04  0.0000000000e+00
11  1.1222478178e+04  0.0000000000e+00
12  9.1339060323e+03  0.0000000000e+00
13  7.4682518734e+03  0.0000000000e+00
14  6.1459481655e+03  0.0000000000e+00
15  5.0659315486e+03  0.0000000000e+00
16  4.1683857174e+03  0.0000000000e+00
17  3.4199523426e+03  0.0000000000e+00
18  2.7901478543e+03  0.0000000000e+00
19  2.2590789193e+03  0.0000000000e+00
20  1.8133358349e+03  0.0000000000e+00
21  1.4529758214e+03  0.0000000000e+00
22  1.1682392549e+03  0.0000000000e+00
23  9.4024342590e+02  0.0000000000e+00
24  7.5849010065e+02  0.0000000000e+00
25  6.1236267132e+02  0.0000000000e+00
26  4.9437923681e+02  0.0000000000e+00
27  4.0611678366e+02  0.0000000000e+00
28  3.4133321078e+02  0.0000000000e+00
29  2.9284891994e+02  0.0000000000e+00
30  2.5829083815e+02  0.0000000000e+00
31  2.3645941317e+02  0.0000000000e+00
