0  5.6971205118e+07 -1.2641700411e-11
1  6.0721127214e+07 -2.0711050852e-11
2  3.5986647583e+07 -3.7651798051e-12
3  2.7049406938e+07  5.8327231113e-13
4  2.1335526563e+07 -2.7867979713e-12
5  1.6741998863e+07 -2.1672886241e-12
6  1.3090687851e+07  5.6429786942e-13
7  1.0284892466e+07 -7.7271446301e-12
8  8.2326418545e+06  4.7404051499e-12
9  6.4317730837e+06  2.3502683307e-12
10  5.0346570994e+06  4.3600971190e-12
11  3.9402818309e+06 -1.9165659667e-12
12  3.0432511877e+06  8.3247972730e-13
13  2.3504416622e+06 -7.1738365608e-13
14  1.8245644068e+06  2.0066878775e-12
15  1.4581267266e+06 -1.0122204627e-13
16  1.1771130441e+06 -7.7305252452e-14
17  9.1845944599e+05  3.9432015730e-13
18  7.0637023607e+05  2.0006207190e-13
19  5.4720211227e+05  2.6577941807e-13
20  4.1648404622e+05 -4.3515643228e-14
21  3.2069144786e+05  4.6811165120e-14
22  2.4854850845e+05  1.0881039044e-13
23  1.9282325551e+05 -8.5508898021e-14
24  1.5159386230e+05 -1.3349453016e-13
25  1.1896340880e+05  8.3812098208e-15
26  9.1267313733e+04  8.1213110918e-15
27  7.1489453255e+04 -6.8906426059e-16
28  5.5809917470e+04  1.2714193409e-14
29  4.4850245709e+04  2.0921229334e-15
30  3.8863582139e+04 -2.7045200979e-15
31  3.5880209852e+04 -1.9164312354e-15
