0  1.0041790629e+05  0.0000000000e+00
1  1.0214705888e+05  0.0000000000e+00
2  7.6813259880e+04  0.0000000000e+00
3  6.0717610518e+04  0.0000000000e+00
4  4.7871629125e+04  0.0000000000e+00
5  3.7616984924e+04  0.0000000000e+00
6  2.9454954648e+04  0.0000000000e+00
7  2.3008028763e+04  0.0000000000e+00
8  1.7984140338e+04  0.0000000000e+00
9  1.4094209133e+04  0.0000000000e+00
10  1.1038979868e+04  0.0000000000e+00
11  8.6411457946e+03  0.0000000000e+00
12  6.7564530569e+03  0.0000000000e+00
13  5.2690357735e+03  0.0000000000e+00
14  4.1021396018e+03  0.0000000000e+00
15  3.1815457864e+03  0.0000000000e+00
16  2.4574642573e+03  0.0000000000e+00
17  1.9032786150e+03  0.0000000000e+00
18  1.4801502073e+03  0.0000000000e+00
19  1.1503358101e+03  0.0000000000e+00
20  8.9344578349e+02  0.0000000000e+00
21  6.9438607662e+02  0.0000000000e+00
22  5.3808988053e+02  0.0000000000e+00
23  4.1602357246e+02  0.0000000000e+00
24  3.2232748869e+02  0.0000000000e+00
25  2.5040730414e+02  0.0000000000e+00
26  1.9610544316e+02  0.0000000000e+00
27  1.5492894215e+02  0.0000000000e+00
28  1.2375698586e+02  0.0000000000e+00
29  1.0114554511e+02  0.0000000000e+00
30  8.5720142241e+01  0.0000000000e+00
31  7.6903781197e+01  0.0000000000e+00
