0  5.1970782456e+07 -1.7319881917e-11
1  5.3758327426e+07 -2.8951828438e-11
2  3.0955603114e+07  1.5483524406e-11
3  2.2918533250e+07 -8.7030410675e-12
4  1.7414160128e+07  6.2352357650e-12
5  1.3577819336e+07  3.2890160157e-12
6  1.0683523265e+07 -1.0616132398e-12
7  8.0327298455e+06 -6.1387807535e-12
8  6.2873052462e+06  6.2020624549e-13
9  4.8470517188e+06 -1.1693271027e-12
10  3.8226325822e+06  2.1307516740e-12
11  2.9216313437e+06 -2.6244948294e-13
12  2.2537132357e+06 -5.9550727123e-13
13  1.7482826175e+06  3.7982608113e-14
14  1.3911333531e+06 -7.9852548078e-13
15  1.0968530917e+06 -1.1032279756e-12
16  8.5864820097e+05  7.7240780398e-13
17  6.5913568482e+05 -1.8384255889e-13
18  5.0884029360e+05 -2.8485306244e-13
19  3.9159839603e+05  1.7511686711e-13
20  3.1119326571e+05 -1.2534227502e-13
21  2.4410803647e+05  1.5247366334e-14
22  1.9656658973e+05  9.0307619457e-14
23  1.4992546269e+05  1.8121608207e-14
24  1.1717639851e+05 -1.2297544630e-13
25  9.3266055502e+04 -3.8374967488e-14
26  7.4464985979e+04  9.1619300330e-14
27  6.1635335613e+04  2.0805529375e-14
28  5.0956406675e+04  1.0670571533e-14
29  4.2848260949e+04  6.7541976667e-15
30  3.7038190402e+04 -1.2160343129e-14
31  3.3622661673e+04  1.7424104384e-14
