0  1.0196526023e+05  0.0000000000e+00
1  1.0450029454e+05  0.0000000000e+00
2  7.9741514029e+04  0.0000000000e+00
3  6.3777581702e+04  0.0000000000e+00
4  5.0689905404e+04  0.0000000000e+00
5  4.0114593946e+04  0.0000000000e+00
6  3.1607684766e+04  0.0000000000e+00
7  2.4815892433e+04  0.0000000000e+00
8  1.9509868862e+04  0.0000000000e+00
9  1.5340781462e+04  0.0000000000e+00
10  1.2061515432e+04  0.0000000000e+00
11  9.4573042148e+03  0.0000000000e+00
12  7.4163704436e+03  0.0000000000e+00
13  5.8242021862e+03  0.0000000000e+00
14  4.5774433730e+03  0.0000000000e+00
15  3.5934565485e+03  0.0000000000e+00
16  2.8089252520e+03  0.0000000000e+00
17  2.1914793199e+03  0.0000000000e+00
18  1.7181387100e+03  0.0000000000e+00
19  1.3488811607e+03  0.0000000000e+00
20  1.0586341756e+03  0.0000000000e+00
21  8.3083596880e+02  0.0000000000e+00
22  6.5314321352e+02  0.0000000000e+00
23  5.1439635235e+02  0.0000000000e+00
24  4.0630289449e+02  0.0000000000e+00
25  3.2428771992e+02  0.0000000000e+00
26  2.6258207533e+02  0.0000000000e+00
27  2.1478310637e+02  0.0000000000e+00
28  1.7850925448e+02  0.0000000000e+00
29  1.5296115551e+02  0.0000000000e+00
30  1.3579068427e+02  0.0000000000e+00
31  1.2610497840e+02  0.0000000000e+00
