0  1.0704798497e+05  0.0000000000e+00
1  1.0868679866e+05  0.0000000000e+00
2  8.2686411107e+04  0.0000000000e+00
3  6.5279571616e+04  0.0000000000e+00
4  5.0996689047e+04  0.0000000000e+00
5  3.9681535471e+04  0.0000000000e+00
6  3.0732677262e+04  0.0000000000e+00
7  2.3705324986e+04  0.0000000000e+00
8  1.8202441128e+04  0.0000000000e+00
9  1.3851015742e+04  0.0000000000e+00
10  1.0495394469e+04  0.0000000000e+00
11  7.9514062374e+03  0.0000000000e+00
12  6.0289185645e+03  0.0000000000e+00
13  4.5724940949e+03  0.0000000000e+00
14  3.4677331110e+03  0.0000000000e+00
15  2.6287699168e+03  0.0000000000e+00
16  1.9903144432e+03  0.0000000000e+00
17  1.5141563968e+03  0.0000000000e+00
18  1.1544938889e+03  0.0000000000e+00
19  8.8168681990e+02  0.0000000000e+00
20  6.7559996139e+02  0.0000000000e+00
21  5.2130421807e+02  0.0000000000e+00
22  4.0512310329e+02  0.0000000000e+00
23  3.1361046120e+02  0.0000000000e+00
24  2.4194820106e+02  0.0000000000e+00
25  1.8705050705e+02  0.0000000000e+00
26  1.4547021914e+02  0.0000000000e+00
27  1.1418979068e+02  0.0000000000e+00
28  9.0881188570e+01  0.0000000000e+00
29  7.4539856583e+01  0.0000000000e+00
30  6.3808602728e+01  0.0000000000e+00
31  5.7768456098e+01  0.0000000000e+00
