0 -9.6913033730e+01  9.9070794632e-16
1  1.8091809080e+04  2.6011200199e-15
2  1.2059280905e+04 -1.2912682703e-15
3  9.6459509191e+03  2.5868589497e-15
4  7.6679810002e+03  7.9757469346e-17
5  6.1268741832e+03  5.2712622136e-15
6  4.8742623581e+03  3.0667781826e-15
7  3.9012276982e+03  1.5014980361e-15
8  3.0966361446e+03  8.1266035025e-17
9  2.4634367510e+03  1.3676667246e-15
10  1.9665869184e+03  6.7397262825e-16
11  1.5735675408e+03  2.0007511137e-16
12  1.2581243637e+03 -1.4932682640e-16
13  1.0053598960e+03 -4.5270311141e-17
14  8.0450469981e+02  3.8268567392e-16
15  6.4478610635e+02  1.8651155955e-16
16  5.1805169134e+02  7.9190645486e-17
17  4.1550532394e+02 -1.7939067268e-16
18  3.3306198595e+02 -3.8181280647e-17
19  2.6596114132e+02 -5.5672511008e-17
20  2.1153339755e+02  9.1610848410e-18
21  1.6787008023e+02 -3.9601331383e-17
22  1.3374221033e+02 -5.5610677603e-17
23  1.0624443365e+02  7.6248529483e-17
24  8.4420125260e+01  4.5880810137e-17
25  6.6715934674e+01  4.7948417562e-18
26  5.2104151873e+01 -1.6007334516e-17
27  4.0044237512e+01  1.9524109434e-18
28  2.9944642176e+01 -8.3483567281e-18
29  2.1026618711e+01  7.1710868106e-18
30  1.3298309463e+01 -2.5578277425e-18
31  5.9944877884e+00  7.5857094383e-18
