0  9.9372542130e+04  0.0000000000e+00
1  1.0174510206e+05  0.0000000000e+00
2  7.7242122474e+04  0.0000000000e+00
3  6.1531887723e+04  0.0000000000e+00
4  4.8629708191e+04  0.0000000000e+00
5  3.8096425943e+04  0.0000000000e+00
6  2.9732462141e+04  0.0000000000e+00
7  2.3253481908e+04  0.0000000000e+00
8  1.8250943610e+04  0.0000000000e+00
9  1.4352593854e+04  0.0000000000e+00
10  1.1346332549e+04  0.0000000000e+00
11  8.9773876509e+03  0.0000000000e+00
12  7.0766497968e+03  0.0000000000e+00
13  5.5633537668e+03  0.0000000000e+00
14  4.3915317460e+03  0.0000000000e+00
15  3.4758007422e+03  0.0000000000e+00
16  2.7406834413e+03  0.0000000000e+00
17  2.1618912397e+03  0.0000000000e+00
18  1.7096708211e+03  0.0000000000e+00
19  1.3535731253e+03  0.0000000000e+00
20  1.0712271317e+03  0.0000000000e+00
21  8.4969257203e+02  0.0000000000e+00
22  6.7618960328e+02  0.0000000000e+00
23  5.4181570276e+02  0.0000000000e+00
24  4.3671424476e+02  0.0000000000e+00
25  3.5462507563e+02  0.0000000000e+00
26  2.8967733498e+02  0.0000000000e+00
27  2.3782719379e+02  0.0000000000e+00
28  1.9900878159e+02  0.0000000000e+00
29  1.7107685773e+02  0.0000000000e+00
30  1.5151116259e+02  0.0000000000e+00
31  1.3964110649e+02  0.0000000000e+00
