0  1.1277864795e+05  0.0000000000e+00
1  1.1453896888e+05  0.0000000000e+00
2  8.8481792651e+04  0.0000000000e+00
3  7.0990923392e+04  0.0000000000e+00
4  5.6456463172e+04  0.0000000000e+00
5  4.4378298562e+04  0.0000000000e+00
6  3.4542458182e+04  0.0000000000e+00
7  2.6753139557e+04  0.0000000000e+00
8  2.0617929971e+04  0.0000000000e+00
9  1.5858677023e+04  0.0000000000e+00
10  1.2184395831e+04  0.0000000000e+00
11  9.3465804615e+03  0.0000000000e+00
12  7.1689341843e+03  0.0000000000e+00
13  5.5079842051e+03  0.0000000000e+00
14  4.2189811536e+03  0.0000000000e+00
15  3.2137000886e+03  0.0000000000e+00
16  2.4579355137e+03  0.0000000000e+00
17  1.8891132649e+03  0.0000000000e+00
18  1.4542496855e+03  0.0000000000e+00
19  1.1237085198e+03  0.0000000000e+00
20  8.7194375343e+02  0.0000000000e+00
21  6.7843432113e+02  0.0000000000e+00
22  5.2884016802e+02  0.0000000000e+00
23  4.1188890789e+02  0.0000000000e+00
24  3.1932695476e+02  0.0000000000e+00
25  2.4835664435e+02  0.0000000000e+00
26  1.9513851682e+02  0.0000000000e+00
27  1.5552255779e+02  0.0000000000e+00
28  1.2616292706e+02  0.0000000000e+00
29  1.0503106990e+02  0.0000000000e+00
30  9.0771339639e+01  0.0000000000e+00
31  8.2743278915e+01  0.0000000000e+00
