0 -1.7358005383e+02  1.0318258902e-16
1  1.8747867416e+04  4.7636404505e-15
2  1.2495243942e+04 -6.1174921736e-16
3  1.0037470909e+04 -5.5818624191e-17
4  7.9814391102e+03 -2.1943803044e-15
5  6.4079587328e+03 -2.6789513363e-16
6  5.1271160092e+03  1.0754317816e-15
7  4.1181285219e+03  2.5088327098e-16
8  3.2917573650e+03  1.5068737307e-16
9  2.6308465990e+03 -3.7732437888e-16
10  2.1129681079e+03 -5.2751687296e-16
11  1.6947766576e+03  2.3455189342e-17
12  1.3549656437e+03  1.2550415182e-15
13  1.0824872052e+03  5.3338998765e-16
14  8.6555460055e+02  2.4842989299e-16
15  6.9107000863e+02  1.2541275696e-16
16  5.5002376337e+02 -5.1104144686e-16
17  4.3944527784e+02  8.4306036273e-17
18  3.4994661294e+02  6.9765762821e-17
19  2.7897205626e+02  1.3055996442e-16
20  2.2186945768e+02  8.1163544039e-17
21  1.7550952457e+02 -2.4059759109e-17
22  1.3936170088e+02  6.3962634221e-17
23  1.0984595916e+02 -2.0033070356e-17
24  8.5949220332e+01  3.3864059594e-17
25  6.6726031118e+01  1.7656401786e-18
26  5.1464935631e+01  6.7593229191e-18
27  3.9119715069e+01  9.1143921498e-18
28  2.8883264211e+01  7.2578018085e-18
29  2.0368157383e+01  5.1065498808e-18
30  1.2953282830e+01  2.1438403895e-18
31  6.4297371193e+00  3.8050837573e-18
