0  5.0369859003e+07 -1.2001425175e-11
1  5.1808743691e+07  6.8048229774e-12
2  3.2036558741e+07  9.3451320227e-12
3  2.3663455982e+07  1.2827933757e-11
4  1.8113013916e+07 -6.3826519242e-14
5  1.3917745066e+07  1.1721649262e-11
6  1.1063786815e+07 -1.5680906558e-12
7  8.6262354945e+06 -2.9166171539e-12
8  6.6662372025e+06 -4.4349173733e-14
9  5.2053371091e+06  1.4840522470e-12
10  4.0791365112e+06 -3.6341657018e-12
11  3.1258777227e+06  1.6308921909e-12
12  2.4213013624e+06  6.9288293055e-13
13  1.8831988668e+06  2.1623665041e-12
14  1.4996625009e+06 -6.8210519020e-13
15  1.1681251109e+06  2.9547332296e-13
16  9.1081188145e+05 -5.4043815667e-13
17  7.0726095021e+05  1.0399203496e-13
18  5.4843499391e+05  2.6180834644e-13
19  4.2572579238e+05 -9.5218634401e-14
20  3.4134256526e+05  3.2198078154e-14
21  2.6363810815e+05  4.9101575843e-14
22  2.0868700678e+05  1.0155037885e-13
23  1.6399898452e+05  1.1424388490e-13
24  1.3126563422e+05 -6.8846562839e-14
25  1.0361657393e+05 -4.8890619253e-14
26  8.1653866925e+04  2.6652984229e-14
27  6.5533848866e+04 -4.8191187614e-14
28  5.3131717451e+04  3.2094725399e-14
29  4.4147066528e+04 -5.8316992049e-15
30  3.7737444357e+04  5.0320673554e-15
31  3.4505384007e+04 -3.1601059734e-15
