0  5.1397823817e+01 -4.8177579679e-15
1  1.8721288005e+04  8.1103912919e-16
2  1.2337226511e+04 -1.7354107440e-15
3  9.7393723385e+03 -2.5629111048e-15
4  7.5728747237e+03 -1.9328207654e-15
5  5.9069374677e+03  2.3242488781e-15
6  4.6531473800e+03 -5.6281908862e-16
7  3.6507805266e+03 -1.2560520285e-15
8  2.8726872421e+03  2.0714455423e-16
9  2.2553301583e+03  9.6782513949e-17
10  1.7828004673e+03  6.3639851140e-16
11  1.4115729017e+03 -4.7264247874e-16
12  1.1154454821e+03  1.7150617237e-17
13  8.7965096125e+02 -9.6574884998e-17
14  6.8949292013e+02  4.9767621986e-16
15  5.4229379416e+02 -5.3665042923e-17
16  4.2650177513e+02 -3.8088424660e-17
17  3.3566749357e+02  3.4626622180e-16
18  2.6244367365e+02  2.2109571627e-17
19  2.0497081876e+02  2.1529777574e-17
20  1.5949491802e+02  4.5628182561e-17
21  1.2349669801e+02 -1.6941082462e-17
22  9.5182249625e+01  2.5341108199e-18
23  7.3269496783e+01  4.7970016902e-17
24  5.6113410949e+01  3.8318182347e-17
25  4.3020381630e+01 -2.3490552968e-17
26  3.2600621413e+01  1.3634054077e-17
27  2.4320982468e+01  6.0159456288e-18
28  1.7713838741e+01 -4.6458698366e-18
29  1.2393100920e+01  9.1648964893e-19
30  7.9356565392e+00  2.2562840132e-19
31  3.8881195065e+00  8.8303184751e-20
