0  5.2841770646e+07  5.0353283765e-13
1  5.3774596825e+07  6.7656014798e-11
2  3.1590117384e+07  2.1939439384e-11
3  2.2664358114e+07 -3.1333144498e-12
4  1.6418663546e+07 -1.5358992495e-11
5  1.2637762048e+07  9.6611029991e-13
6  9.7621443127e+06 -2.1683921426e-12
7  7.7988212541e+06  3.4100882749e-12
8  6.1722970632e+06  1.8069120682e-12
9  4.8708318159e+06  3.9976213031e-12
10  3.6433238191e+06  2.0293148940e-13
11  2.6371744184e+06  2.7356030171e-12
12  2.0175506071e+06  8.3075858037e-14
13  1.5707513957e+06  3.1368976315e-13
14  1.1735935826e+06  1.1027822277e-13
15  8.9047065064e+05 -3.6578393820e-13
16  6.7176519783e+05  1.0972295654e-13
17  4.9964880389e+05  7.9285313640e-14
18  3.7825266837e+05  2.7848149277e-14
19  2.8139887547e+05  5.7061686754e-14
20  2.1044563691e+05  6.2420986973e-14
21  1.6369399962e+05  2.4836568708e-14
22  1.2783199229e+05  5.0842336964e-14
23  9.7570621751e+04 -2.4281191855e-14
24  7.5139528815e+04 -3.6032014791e-14
25  5.7754351059e+04  1.1929394087e-14
26  4.4113357520e+04  1.6449919313e-14
27  3.3297013207e+04  6.5778770351e-15
28  2.5673194668e+04 -1.0106166794e-14
29  2.1240394358e+04  1.1803697566e-14
30  1.8162393868e+04  3.1638917756e-15
31  1.6739849988e+04 -1.6957938263e-14
