0  5.5129070817e+07 -9.6430808040e-12
1  5.6661530891e+07  9.6847573688e-12
2  3.4177218815e+07  9.5627335001e-13
3  2.5432209412e+07 -7.1689345823e-12
4  1.9361322040e+07 -2.0248372469e-12
5  1.5098790232e+07 -1.7688123842e-11
6  1.2111838577e+07 -1.8897600085e-12
7  9.4717296744e+06  1.4627172159e-12
8  7.2036534025e+06 -4.0309083452e-12
9  5.5955123351e+06 -3.7960549903e-12
10  4.3587167637e+06 -7.9717255723e-14
11  3.3773442713e+06  2.3575837579e-12
12  2.6479871119e+06  2.2251266554e-13
13  2.0717899152e+06  6.5187418158e-13
14  1.6279434779e+06  2.1630009081e-13
15  1.2775412312e+06 -4.4754856284e-13
16  9.9837026928e+05  9.5430152100e-14
17  7.6931928321e+05 -8.8104177878e-13
18  6.1304222210e+05 -1.2902837612e-13
19  4.8153069321e+05  5.2395765194e-13
20  3.7911782870e+05 -1.2669153842e-13
21  3.0321693282e+05 -1.5860147325e-13
22  2.4142414471e+05  2.8458198352e-14
23  1.9442850102e+05 -3.8580825375e-14
24  1.5028922871e+05 -8.6885498213e-14
25  1.1963862156e+05  7.5919011545e-14
26  9.0398198750e+04 -2.3086227626e-14
27  7.2125670833e+04 -3.5641413973e-15
28  5.6754452888e+04 -2.3024344051e-14
29  4.6991481524e+04 -3.8561235295e-14
30  4.1031231752e+04 -3.3921073845e-16
31  3.8255394932e+04  7.8726427690e-15
