0  1.0221031529e+05  0.0000000000e+00
1  1.0457313074e+05  0.0000000000e+00
2  8.0188756573e+04  0.0000000000e+00
3  6.4526310736e+04  0.0000000000e+00
4  5.1367559143e+04  0.0000000000e+00
5  4.0654774377e+04  0.0000000000e+00
6  3.2049479102e+04  0.0000000000e+00
7  2.5230396849e+04  0.0000000000e+00
8  1.9851341557e+04  0.0000000000e+00
9  1.5675247002e+04  0.0000000000e+00
10  1.2382998955e+04  0.0000000000e+00
11  9.7465856357e+03  0.0000000000e+00
12  7.6252614170e+03  0.0000000000e+00
13  5.9703659047e+03  0.0000000000e+00
14  4.6911152509e+03  0.0000000000e+00
15  3.6933422241e+03  0.0000000000e+00
16  2.9024459044e+03  0.0000000000e+00
17  2.2807973016e+03  0.0000000000e+00
18  1.7971641429e+03  0.0000000000e+00
19  1.4250999715e+03  0.0000000000e+00
20  1.1339448207e+03  0.0000000000e+00
21  9.0493296610e+02  0.0000000000e+00
22  7.2377297221e+02  0.0000000000e+00
23  5.7939288966e+02  0.0000000000e+00
24  4.6528408736e+02  0.0000000000e+00
25  3.7645040547e+02  0.0000000000e+00
26  3.0764645086e+02  0.0000000000e+00
27  2.5499857592e+02  0.0000000000e+00
28  2.1497521345e+02  0.0000000000e+00
29  1.8527824675e+02  0.0000000000e+00
30  1.6462578773e+02  0.0000000000e+00
31  1.5272749158e+02  0.0000000000e+00
