0  1.1110675496e+05  0.0000000000e+00
1  1.1271999231e+05  0.0000000000e+00
2  8.6611987300e+04  0.0000000000e+00
3  6.9216506368e+04  0.0000000000e+00
4  5.4837442626e+04  0.0000000000e+00
5  4.3191805348e+04  0.0000000000e+00
6  3.3820735049e+04  0.0000000000e+00
7  2.6358167380e+04  0.0000000000e+00
8  2.0445300287e+04  0.0000000000e+00
9  1.5816082778e+04  0.0000000000e+00
10  1.2226054179e+04  0.0000000000e+00
11  9.4742755758e+03  0.0000000000e+00
12  7.3638261165e+03  0.0000000000e+00
13  5.7245276505e+03  0.0000000000e+00
14  4.4372090718e+03  0.0000000000e+00
15  3.4312449096e+03  0.0000000000e+00
16  2.6440705486e+03  0.0000000000e+00
17  2.0341274178e+03  0.0000000000e+00
18  1.5659602650e+03  0.0000000000e+00
19  1.2046539799e+03  0.0000000000e+00
20  9.2379818317e+02  0.0000000000e+00
21  7.0962413866e+02  0.0000000000e+00
22  5.4845907044e+02  0.0000000000e+00
23  4.2304179485e+02  0.0000000000e+00
24  3.2475085443e+02  0.0000000000e+00
25  2.4872508425e+02  0.0000000000e+00
26  1.9111356907e+02  0.0000000000e+00
27  1.4844422758e+02  0.0000000000e+00
28  1.1730860994e+02  0.0000000000e+00
29  9.5371197907e+01  0.0000000000e+00
30  8.0422097557e+01  0.0000000000e+00
31  7.1382003345e+01  0.0000000000e+00
