0 -2.0340751868e+02 -5.4026667758e-16
1  1.7901838187e+04  2.2381096508e-15
2  1.1775986999e+04  1.7664324720e-15
3  9.3491634001e+03 -1.2432510313e-15
4  7.3558393618e+03 -7.8799496259e-16
5  5.8475835391e+03 -9.2937841989e-16
6  4.6427363389e+03 -1.2611225795e-15
7  3.6797632926e+03  4.9012396823e-16
8  2.9151346966e+03 -1.9207163470e-15
9  2.3010707796e+03  8.5235379647e-16
10  1.8085352153e+03 -6.7150230959e-17
11  1.4226455579e+03 -8.7306555198e-16
12  1.1161300219e+03 -4.7872555173e-16
13  8.6965237606e+02 -1.5042087533e-16
14  6.8000545494e+02 -3.1894861516e-16
15  5.3102557936e+02  5.8236490327e-16
16  4.1832506652e+02  1.1296772538e-17
17  3.2846350187e+02  7.0608242967e-17
18  2.5824754887e+02  2.6974799174e-16
19  2.0317285071e+02  6.3566858076e-17
20  1.6016164808e+02 -5.6920190539e-17
21  1.2548475070e+02  1.1467343798e-17
22  9.8314626109e+01  3.1762359093e-17
23  7.6966265985e+01  2.8697264495e-17
24  5.9926903523e+01 -1.5777576829e-18
25  4.6020837628e+01  2.3472712337e-17
26  3.4780090257e+01 -9.0927928097e-18
27  2.5943281340e+01 -7.0646782966e-18
28  1.8878741766e+01 -1.0118867346e-18
29  1.2917669731e+01  1.8492582123e-18
30  7.8034529724e+00  2.1998504431e-18
31  3.2057611219e+00  1.7957098482e-19
