0  4.0310424795e+02 -1.4614617004e-15
1  1.9331993269e+04  5.9234801241e-15
2  1.2823296791e+04  1.7900711498e-15
3  1.0106840846e+04 -1.7453749153e-16
4  7.8518824695e+03 -3.1331452257e-15
5  6.1606684459e+03 -2.5982235908e-15
6  4.8450602736e+03  2.3854156154e-15
7  3.8299476640e+03 -1.5325917686e-16
8  3.0159001118e+03  1.1253112225e-15
9  2.3732157363e+03 -2.6402991054e-16
10  1.8521968904e+03  6.9124834166e-16
11  1.4444440393e+03  5.8555726457e-16
12  1.1281779826e+03  6.9542897865e-16
13  8.8677927563e+02 -4.5256080987e-16
14  6.9091333719e+02 -2.8735222159e-16
15  5.3856986852e+02  9.2305521306e-17
16  4.1923030545e+02  1.3714035163e-16
17  3.2762332077e+02 -9.8106002929e-17
18  2.5469735721e+02  1.4689435292e-16
19  1.9899454979e+02  7.1919979365e-17
20  1.5616289078e+02 -2.5037182190e-17
21  1.2242924062e+02 -8.2296238848e-17
22  9.5560388205e+01 -7.6322962504e-18
23  7.4845526997e+01 -1.6598245876e-17
24  5.8300545154e+01  1.5367295246e-17
25  4.5127280893e+01 -1.7835866891e-18
26  3.4632402684e+01  1.7499277174e-17
27  2.6371034716e+01 -8.8573705899e-18
28  1.9633195676e+01 -2.6254844991e-18
29  1.4121832500e+01 -2.0578665454e-18
30  9.4082164798e+00 -2.2578722000e-18
31  5.2012165499e+00 -4.5760954975e-19
