0  5.3317050274e+07  3.0828174560e-11
1  5.5321348248e+07  1.0717378707e-11
2  3.2633487156e+07 -1.8716537163e-11
3  2.3874359516e+07 -1.2218201324e-11
4  1.8842982269e+07  1.4574043702e-11
5  1.4520939361e+07 -6.8733564478e-12
6  1.1235811264e+07  7.8159240764e-13
7  8.7502952062e+06  2.4330200838e-12
8  6.8174933704e+06 -1.3352261090e-12
9  5.2917043297e+06  5.1562552164e-12
10  4.1778348686e+06  3.5626207753e-13
11  3.2661271073e+06  1.6877636511e-12
12  2.4531386079e+06  7.4861293888e-13
13  1.9435843455e+06 -4.0646162969e-13
14  1.5126987241e+06  7.4312458106e-13
15  1.2088373988e+06  1.6376175091e-13
16  9.4156358844e+05  2.0508048459e-13
17  7.3834216017e+05 -1.9331588540e-15
18  5.8025848515e+05  2.0388138229e-13
19  4.5495329951e+05 -7.1217882564e-14
20  3.5324638155e+05 -9.5583012407e-15
21  2.7226037439e+05  1.0828676810e-14
22  2.0800004534e+05  3.0614340486e-14
23  1.6522565323e+05  1.1074417669e-13
24  1.2736480890e+05 -3.9047037975e-14
25  1.0298515193e+05 -2.7568216904e-14
26  8.0213165660e+04 -5.9681183167e-14
27  6.5452944521e+04 -6.7179827813e-15
28  5.3759988072e+04  3.0340459688e-14
29  4.5143226905e+04 -2.1364142260e-14
30  3.8892913498e+04 -1.1240196412e-14
31  3.6382736248e+04  2.2717014476e-14
