0  5.4715186841e+07 -6.7468782910e-12
1  6.1126799108e+07  4.0734853972e-11
2  3.6852701987e+07 -2.4150156831e-12
3  2.7564589955e+07  1.3872605618e-11
4  2.0782032092e+07 -5.8935698217e-12
5  1.6083640319e+07  3.0826059008e-12
6  1.2402358257e+07  1.8092394762e-12
7  9.6484856360e+06  1.8523767073e-12
8  7.5045051199e+06  1.4633641835e-12
9  6.0014554351e+06  2.2315665920e-12
10  4.8101061335e+06 -3.1304584864e-12
11  3.8339740291e+06 -1.1772108763e-12
12  3.0947197104e+06 -2.3728300549e-12
13  2.4747190253e+06 -4.3426406621e-13
14  2.0263921055e+06  5.7338752628e-13
15  1.6140859078e+06  2.4157504972e-13
16  1.2985767087e+06  8.2397215718e-13
17  1.0496429318e+06  1.0735810600e-13
18  8.2076757421e+05  3.2191126348e-13
19  6.7233206322e+05  3.2353467534e-13
20  5.3975989507e+05  3.8297800574e-13
21  4.2908180270e+05 -1.5430056053e-13
22  3.4850490636e+05  1.0888642389e-13
23  2.7258597868e+05  7.4022278760e-14
24  2.2038614940e+05 -6.7953496642e-14
25  1.7283775478e+05  3.8933279515e-14
26  1.3709033649e+05  5.4407619846e-14
27  1.1073623668e+05  8.8855799121e-14
28  8.9929403627e+04 -7.2544216650e-14
29  7.7009467675e+04  5.1427474076e-14
30  6.6072538252e+04  3.5860607599e-14
31  6.0148730449e+04 -2.8759149145e-14
