0  1.0184008811e+05  0.0000000000e+00
1  1.0386106242e+05  0.0000000000e+00
2  7.8842918315e+04  0.0000000000e+00
3  6.2718991517e+04  0.0000000000e+00
4  4.9684321474e+04  0.0000000000e+00
5  3.9273074325e+04  0.0000000000e+00
6  3.1004829423e+04  0.0000000000e+00
7  2.4488349026e+04  0.0000000000e+00
8  1.9270181284e+04  0.0000000000e+00
9  1.5106014855e+04  0.0000000000e+00
10  1.1875420685e+04  0.0000000000e+00
11  9.3148106644e+03  0.0000000000e+00
12  7.2740003668e+03  0.0000000000e+00
13  5.6951554540e+03  0.0000000000e+00
14  4.4670808150e+03  0.0000000000e+00
15  3.5031333993e+03  0.0000000000e+00
16  2.7355155753e+03  0.0000000000e+00
17  2.1204270154e+03  0.0000000000e+00
18  1.6381511762e+03  0.0000000000e+00
19  1.2666630331e+03  0.0000000000e+00
20  9.7950149708e+02  0.0000000000e+00
21  7.5587086984e+02  0.0000000000e+00
22  5.7986848525e+02  0.0000000000e+00
23  4.4509682981e+02  0.0000000000e+00
24  3.4338770997e+02  0.0000000000e+00
25  2.6646489508e+02  0.0000000000e+00
26  2.0888953152e+02  0.0000000000e+00
27  1.6633115897e+02  0.0000000000e+00
28  1.3507305535e+02  0.0000000000e+00
29  1.1322937618e+02  0.0000000000e+00
30  9.8530873370e+01  0.0000000000e+00
31  8.9328024942e+01  0.0000000000e+00
