0  9.4454607358e+04  0.0000000000e+00
1  9.7931591320e+04  0.0000000000e+00
2  7.4547181607e+04  0.0000000000e+00
3  5.9840852954e+04  0.0000000000e+00
4  4.7723952100e+04  0.0000000000e+00
5  3.7827142665e+04  0.0000000000e+00
6  2.9898774205e+04  0.0000000000e+00
7  2.3573618589e+04  0.0000000000e+00
8  1.8505657016e+04  0.0000000000e+00
9  1.4485998117e+04  0.0000000000e+00
10  1.1386452251e+04  0.0000000000e+00
11  8.9678838755e+03  0.0000000000e+00
12  7.0631771174e+03  0.0000000000e+00
13  5.5315337577e+03  0.0000000000e+00
14  4.3173275395e+03  0.0000000000e+00
15  3.3685320258e+03  0.0000000000e+00
16  2.6407577816e+03  0.0000000000e+00
17  2.0693100315e+03  0.0000000000e+00
18  1.6177863982e+03  0.0000000000e+00
19  1.2657733946e+03  0.0000000000e+00
20  9.9112990221e+02  0.0000000000e+00
21  7.7374435119e+02  0.0000000000e+00
22  6.0515216912e+02  0.0000000000e+00
23  4.7366792912e+02  0.0000000000e+00
24  3.6680196373e+02  0.0000000000e+00
25  2.8190158408e+02  0.0000000000e+00
26  2.1723467786e+02  0.0000000000e+00
27  1.6880299098e+02  0.0000000000e+00
28  1.3362918853e+02  0.0000000000e+00
29  1.0940402718e+02  0.0000000000e+00
30  9.3506479232e+01  0.0000000000e+00
31  8.4367922191e+01  0.0000000000e+00
