0  1.0546535837e+05  0.0000000000e+00
1  1.0836085028e+05  0.0000000000e+00
2  8.3935360382e+04  0.0000000000e+00
3  6.7936162760e+04  0.0000000000e+00
4  5.4402430265e+04  0.0000000000e+00
5  4.3154900572e+04  0.0000000000e+00
6  3.3990122028e+04  0.0000000000e+00
7  2.6779138493e+04  0.0000000000e+00
8  2.1110764454e+04  0.0000000000e+00
9  1.6683069741e+04  0.0000000000e+00
10  1.3228140738e+04  0.0000000000e+00
11  1.0501724434e+04  0.0000000000e+00
12  8.3356348930e+03  0.0000000000e+00
13  6.6239879440e+03  0.0000000000e+00
14  5.2404075906e+03  0.0000000000e+00
15  4.1174568702e+03  0.0000000000e+00
16  3.2245773495e+03  0.0000000000e+00
17  2.5181382603e+03  0.0000000000e+00
18  1.9746349492e+03  0.0000000000e+00
19  1.5587839883e+03  0.0000000000e+00
20  1.2316430174e+03  0.0000000000e+00
21  9.7433067131e+02  0.0000000000e+00
22  7.7171450713e+02  0.0000000000e+00
23  6.1228263017e+02  0.0000000000e+00
24  4.8411017572e+02  0.0000000000e+00
25  3.8404419443e+02  0.0000000000e+00
26  3.0659669338e+02  0.0000000000e+00
27  2.4699250431e+02  0.0000000000e+00
28  2.0264395263e+02  0.0000000000e+00
29  1.7017943537e+02  0.0000000000e+00
30  1.4715891128e+02  0.0000000000e+00
31  1.3291533350e+02  0.0000000000e+00
