0  1.1138073146e+05  0.0000000000e+00
1  1.1211694872e+05  0.0000000000e+00
2  8.5641387814e+04  0.0000000000e+00
3  6.7812576264e+04  0.0000000000e+00
4  5.2923718084e+04  0.0000000000e+00
5  4.1084154522e+04  0.0000000000e+00
6  3.1854044992e+04  0.0000000000e+00
7  2.4634290882e+04  0.0000000000e+00
8  1.8960917741e+04  0.0000000000e+00
9  1.4537689290e+04  0.0000000000e+00
10  1.1110898059e+04  0.0000000000e+00
11  8.4565928743e+03  0.0000000000e+00
12  6.4562007795e+03  0.0000000000e+00
13  4.9601796692e+03  0.0000000000e+00
14  3.8217465319e+03  0.0000000000e+00
15  2.9410599577e+03  0.0000000000e+00
16  2.2808329117e+03  0.0000000000e+00
17  1.7808440131e+03  0.0000000000e+00
18  1.3903072613e+03  0.0000000000e+00
19  1.0809859898e+03  0.0000000000e+00
20  8.4138079834e+02  0.0000000000e+00
21  6.5588211254e+02  0.0000000000e+00
22  5.1182141104e+02  0.0000000000e+00
23  3.9910695193e+02  0.0000000000e+00
24  3.1327551607e+02  0.0000000000e+00
25  2.4736998250e+02  0.0000000000e+00
26  1.9666689273e+02  0.0000000000e+00
27  1.5928613193e+02  0.0000000000e+00
28  1.3140193921e+02  0.0000000000e+00
29  1.1119766530e+02  0.0000000000e+00
30  9.7718078282e+01  0.0000000000e+00
31  9.0261462693e+01  0.0000000000e+00
