0  5.3197387611e+07 -3.3523929089e-11
1  5.4726041169e+07  1.3715447898e-11
2  3.1634102109e+07  8.6540134674e-12
3  2.4248256152e+07 -2.1542814957e-11
4  1.9154660365e+07  1.0035404298e-11
5  1.4876500637e+07 -6.4292851513e-12
6  1.1843230396e+07 -2.2074248876e-12
7  9.2780175424e+06  7.3216861510e-13
8  7.4155635056e+06 -1.8653704524e-12
9  5.7419863960e+06  1.3328920907e-12
10  4.4088123731e+06  1.1450864604e-12
11  3.3829915814e+06  3.7137233688e-14
12  2.6480544257e+06  1.0881535385e-12
13  2.0986439577e+06 -2.0758925481e-13
14  1.6324160877e+06 -1.8604324104e-12
15  1.2580454100e+06  5.2635100745e-13
16  1.0039466498e+06 -5.2635786707e-13
17  7.8136421190e+05  2.0703011777e-13
18  5.9896593345e+05 -5.7318447809e-14
19  4.7650256094e+05 -1.4857024952e-13
20  3.6308193578e+05 -2.7470563166e-13
21  2.8585891280e+05  1.1068675927e-13
22  2.2187090239e+05  1.8657911745e-13
23  1.6883521199e+05  3.1663489686e-14
24  1.3236569655e+05  3.7443034404e-14
25  1.0333524885e+05 -6.0321518549e-14
26  8.0995366978e+04 -2.5879777087e-14
27  6.5680895165e+04  2.3226624582e-15
28  5.3255488613e+04  1.5509153243e-14
29  4.3775883142e+04 -4.0086291552e-14
30  3.8225097481e+04 -1.0896502159e-14
31  3.5150440443e+04 -1.9430636602e-15
