0 -4.0207406446e+02  1.1777904193e-15
1  2.0979124800e+04  3.7030247575e-16
2  1.3802480199e+04 -2.6965708922e-15
3  1.0932789259e+04  1.1587654240e-15
4  8.5211485965e+03  2.8050664954e-15
5  6.7114115782e+03 -3.6254272222e-15
6  5.2842885781e+03  3.9864652750e-16
7  4.1383719920e+03 -5.7589346567e-16
8  3.2563093499e+03  1.8778601856e-15
9  2.5578432537e+03 -3.0620304571e-16
10  2.0242261847e+03  7.0798571270e-16
11  1.5974500180e+03 -1.8989546941e-16
12  1.2633442798e+03  3.1499821231e-16
13  9.9645168980e+02 -1.3679116230e-16
14  7.8821288051e+02 -2.8648560100e-16
15  6.2269609785e+02 -8.1285516783e-18
16  4.9660288528e+02 -1.9714670672e-16
17  3.9386886400e+02  5.5711051007e-17
18  3.1126369524e+02 -1.1575806367e-16
19  2.4747322655e+02  8.9665213730e-17
20  1.9596574944e+02  5.4875876521e-17
21  1.5425796236e+02 -4.3785462384e-17
22  1.2074792055e+02 -5.0637747169e-18
23  9.4181638822e+01 -5.8149447104e-17
24  7.3032592591e+01 -9.2911043984e-18
25  5.6550130725e+01  1.8004373508e-17
26  4.3222648112e+01  1.0551595303e-17
27  3.2407571356e+01  3.5200571706e-18
28  2.3501187217e+01  4.5320497843e-18
29  1.6238914610e+01  7.1288410423e-19
30  1.0127257221e+01 -2.9071229541e-18
31  4.5933271271e+00  9.2930102226e-19
