0  3.3915878700e+01  1.5266167982e-15
1  1.7081452145e+04 -2.7356061938e-15
2  1.1072139237e+04 -5.4382760409e-15
3  8.6390064169e+03 -2.1625852816e-15
4  6.6320764884e+03 -5.1731351407e-16
5  5.1111625303e+03 -6.6976589205e-16
6  3.9093548324e+03  6.0149429535e-16
7  3.0021276387e+03  4.1597883331e-16
8  2.3039241186e+03  9.0740135598e-16
9  1.7635448374e+03  1.0028702806e-15
10  1.3515732224e+03 -4.4263570131e-16
11  1.0280770154e+03 -1.1811816216e-16
12  7.8169196066e+02  7.8703781536e-16
13  5.9683485828e+02  6.8887715233e-16
14  4.5438297025e+02  4.3271154567e-17
15  3.4541935398e+02  2.3829558053e-17
16  2.6143096528e+02  8.5876647116e-17
17  1.9845230544e+02 -4.3509753160e-17
18  1.5016368444e+02 -1.6010542654e-16
19  1.1359631057e+02  8.1024524756e-18
20  8.6144603220e+01 -2.4186814051e-17
21  6.5316982437e+01 -1.3293070376e-17
22  4.9511823016e+01 -6.0071047224e-18
23  3.7375290341e+01 -5.8849731593e-18
24  2.8301303197e+01 -2.1356876974e-18
25  2.1301960738e+01 -2.5805388134e-19
26  1.6001212224e+01  5.8344688198e-19
27  1.1858347154e+01  3.1882849530e-18
28  8.5240879265e+00  4.8384110134e-19
29  5.9354031979e+00  7.0631959889e-19
30  3.7310042958e+00  1.4338679610e-19
31  1.8800067563e+00 -4.8095589536e-19
