0 -2.0167273340e+01 -2.7245325086e-15
1  1.7990836706e+04 -5.7378939348e-15
2  1.1857493762e+04  4.3627230012e-16
3  9.3971238739e+03 -2.6477089496e-15
4  7.3957227622e+03  2.4132416007e-15
5  5.8461512333e+03 -2.3320594748e-15
6  4.5964118321e+03 -1.6578562948e-15
7  3.6117471652e+03 -9.0081779240e-16
8  2.8143536025e+03 -1.0210788420e-15
9  2.1968677188e+03 -7.8240698036e-16
10  1.7182834135e+03  8.8477779418e-17
11  1.3411630932e+03 -1.4161807484e-15
12  1.0439759790e+03 -2.1660085652e-16
13  8.1176938221e+02 -5.5155317984e-17
14  6.3276657348e+02  3.8273369010e-17
15  4.9008604217e+02  2.2424477301e-16
16  3.8046880544e+02 -6.9565968925e-17
17  2.9728070124e+02 -6.2821257324e-18
18  2.3193788373e+02  1.2213103369e-17
19  1.8097061848e+02 -9.8788817364e-17
20  1.4124243575e+02  4.9837036336e-17
21  1.1045220405e+02 -2.5524332014e-17
22  8.6710323540e+01  2.0793705943e-17
23  6.8086075280e+01 -1.2158522683e-17
24  5.3382745496e+01 -3.7061344272e-17
25  4.1399930322e+01 -6.7525466555e-18
26  3.1883030007e+01  7.0266676931e-18
27  2.3989555101e+01 -4.8081295855e-18
28  1.7550965779e+01  6.0289687603e-18
29  1.2181011830e+01  7.1441935145e-20
30  7.3538181089e+00  2.2647543427e-19
31  3.0656234774e+00 -1.4199448570e-18
