0  3.4840481812e+02  3.0019060468e-15
1  1.8831806172e+04  1.6030680862e-15
2  1.2501434491e+04  1.1128784729e-16
3  9.9296956496e+03 -2.0537982461e-15
4  7.8069173374e+03  2.6992780095e-16
5  6.1480850461e+03  1.5780264041e-15
6  4.8512825467e+03 -1.1384052931e-15
7  3.8156916860e+03  1.1580111412e-15
8  2.9865576104e+03  1.1488244336e-16
9  2.3423073440e+03 -8.7998888165e-17
10  1.8433412280e+03  4.6519506067e-16
11  1.4540805913e+03  5.5271779720e-16
12  1.1506410382e+03  1.1457920557e-16
13  9.1455883769e+02  2.1924727862e-16
14  7.2380325365e+02  2.7882299685e-16
15  5.7224848944e+02 -1.1445942981e-16
16  4.4946776661e+02 -9.6526604120e-17
17  3.5610277708e+02 -3.5534800319e-16
18  2.8287939289e+02 -1.5513683715e-16
19  2.2352684450e+02 -8.4391904238e-17
20  1.7694018600e+02 -3.3492953284e-17
21  1.4110267673e+02 -1.9331091801e-17
22  1.1143732260e+02  7.9328023642e-17
23  8.7266782162e+01  3.2953393296e-17
24  6.8022177064e+01 -1.4972260255e-17
25  5.2773174283e+01 -8.3810733757e-18
26  4.0424096136e+01 -2.7280813649e-17
27  3.0820605889e+01 -4.7973828550e-18
28  2.2938127267e+01 -4.1764018256e-18
29  1.6443105661e+01  1.7473230911e-18
30  1.0987671064e+01 -7.9928146485e-19
31  6.0151575929e+00  1.3830989237e-18
