0 -3.8544218735e+02 -2.5035441537e-15
1  1.8749012310e+04  1.7813467105e-15
2  1.2152319575e+04 -7.7147422023e-16
3  9.5436751299e+03 -3.3275411930e-15
4  7.3991631980e+03  7.0241795338e-17
5  5.7728975958e+03  1.0373328749e-15
6  4.4883034234e+03 -1.4381958759e-15
7  3.4929569070e+03 -9.3775504634e-16
8  2.7224704468e+03 -1.1674209361e-15
9  2.1191264852e+03  6.4058391295e-16
10  1.6612599112e+03 -1.5876234992e-16
11  1.2947062293e+03  3.5304333242e-16
12  1.0152281556e+03  4.2177635032e-16
13  7.9303982285e+02  4.7811854675e-16
14  6.2096704710e+02 -3.1512696132e-16
15  4.8404241280e+02 -9.8084932984e-17
16  3.7677194957e+02  1.9951098743e-16
17  2.9292500551e+02  2.8118436589e-16
18  2.2778601848e+02  7.1900921123e-17
19  1.7722646084e+02  4.4056301169e-19
20  1.3801637837e+02  1.3564597376e-17
21  1.0764784987e+02  6.1529002684e-17
22  8.4066762620e+01  2.5427452621e-17
23  6.5437231021e+01  1.9083228785e-17
24  5.1025379214e+01 -2.9486910960e-17
25  3.9592897846e+01 -1.0693632140e-17
26  3.0240838314e+01 -4.0137714997e-18
27  2.2680587289e+01 -2.8656183397e-19
28  1.6456058815e+01 -2.1476520378e-18
29  1.1251458026e+01 -3.9197508425e-18
30  6.7605268593e+00 -2.1990034102e-18
31  2.6830238179e+00  2.5548631272e-19
