0 -1.2390933715e+02 -3.4672013617e-15
1  1.8176810545e+04  1.9553601004e-15
2  1.1786767213e+04  1.8820117058e-15
3  9.1899736201e+03  1.7060892360e-15
4  7.1102028179e+03 -7.3450123208e-16
5  5.5254793838e+03 -1.2002033346e-16
6  4.2901915564e+03 -1.2780776380e-15
7  3.3337937536e+03 -1.3503430479e-15
8  2.5775900404e+03  1.5311545655e-15
9  2.0091374456e+03  9.3882379017e-16
10  1.5476272490e+03  1.2226941769e-16
11  1.1946717839e+03 -1.7856227446e-16
12  9.2405702519e+02  1.1184207154e-16
13  7.1509871015e+02  2.3876614703e-17
14  5.4987192139e+02 -1.4127699585e-16
15  4.2131643896e+02  1.4092616539e-17
16  3.2269393989e+02 -3.0052474859e-16
17  2.4754429362e+02  4.0689662841e-17
18  1.8789266253e+02  1.6574258962e-16
19  1.4300852001e+02 -4.6063928073e-17
20  1.0905074561e+02 -2.6661738443e-17
21  8.3261790061e+01  1.3845177039e-17
22  6.3557717486e+01 -2.0331120075e-17
23  4.8687116093e+01 -1.6847379442e-17
24  3.7140309049e+01  1.5885044135e-17
25  2.8244417578e+01  2.4485604923e-18
26  2.1258341468e+01  2.0210206121e-18
27  1.5804745381e+01 -1.7609814973e-18
28  1.1464584501e+01 -1.6724665544e-18
29  7.8555566694e+00  4.5252735207e-19
30  4.8138077749e+00  7.7244110834e-19
31  2.0905796101e+00  1.7628873215e-20
