0  1.0188843772e+05  0.0000000000e+00
1  1.0402977246e+05  0.0000000000e+00
2  7.8732238796e+04  0.0000000000e+00
3  6.1858839127e+04  0.0000000000e+00
4  4.7945709535e+04  0.0000000000e+00
5  3.7005257115e+04  0.0000000000e+00
6  2.8646403767e+04  0.0000000000e+00
7  2.2337306545e+04  0.0000000000e+00
8  1.7566470010e+04  0.0000000000e+00
9  1.3865067916e+04  0.0000000000e+00
10  1.0968649360e+04  0.0000000000e+00
11  8.6763308624e+03  0.0000000000e+00
12  6.8905994021e+03  0.0000000000e+00
13  5.5031368882e+03  0.0000000000e+00
14  4.3979242810e+03  0.0000000000e+00
15  3.5243335723e+03  0.0000000000e+00
16  2.8268992270e+03  0.0000000000e+00
17  2.2672286947e+03  0.0000000000e+00
18  1.8130578118e+03  0.0000000000e+00
19  1.4417930383e+03  0.0000000000e+00
20  1.1412164960e+03  0.0000000000e+00
21  8.9929549978e+02  0.0000000000e+00
22  7.0486450918e+02  0.0000000000e+00
23  5.5287671318e+02  0.0000000000e+00
24  4.3515973236e+02  0.0000000000e+00
25  3.4414105365e+02  0.0000000000e+00
26  2.7482195806e+02  0.0000000000e+00
27  2.2142932469e+02  0.0000000000e+00
28  1.8016269772e+02  0.0000000000e+00
29  1.5002785267e+02  0.0000000000e+00
30  1.2933934930e+02  0.0000000000e+00
31  1.1740411832e+02  0.0000000000e+00
