0  5.5960263440e+07 -1.2924136926e-11
1  5.9740682448e+07  2.9847649229e-11
2  3.6211955245e+07 -2.5043159939e-11
3  2.6477958323e+07  8.5727287812e-12
4  2.0159846446e+07  7.9463823480e-12
5  1.5646069863e+07  1.3517434305e-11
6  1.1938429840e+07 -3.7006006553e-12
7  9.7005162475e+06 -5.5824421059e-13
8  7.4211986804e+06 -3.5507276158e-13
9  5.7938532444e+06 -2.6061196904e-12
10  4.5367778280e+06 -6.0660447556e-15
11  3.5347315288e+06 -8.7775955761e-13
12  2.8483243222e+06 -1.3348139171e-12
13  2.2617257515e+06 -5.3469874186e-13
14  1.7960127439e+06 -1.4280055692e-14
15  1.4200660342e+06 -3.1670685115e-13
16  1.1350914755e+06 -7.8521647562e-14
17  8.9575853819e+05 -6.9511557715e-13
18  7.0242634807e+05 -1.0429921324e-13
19  5.4211402785e+05 -3.7788612296e-13
20  4.2892277749e+05  2.9734202958e-13
21  3.3412560419e+05 -6.6292144348e-14
22  2.6935774891e+05 -7.5542192017e-14
23  2.0880590679e+05  2.4871790441e-14
24  1.6391710804e+05 -5.4063759178e-14
25  1.3154721100e+05  6.9196157229e-14
26  1.0597741090e+05 -5.7649078884e-14
27  8.5901146484e+04  5.5977187402e-14
28  7.1203718337e+04 -3.4046408542e-14
29  5.9951337260e+04  9.5774123442e-15
30  5.3217748247e+04 -2.3813385984e-14
31  4.9402408877e+04 -1.5114781036e-14
