0  1.1464311013e+05  0.0000000000e+00
1  1.1686214100e+05  0.0000000000e+00
2  9.0469936209e+04  0.0000000000e+00
3  7.2465766711e+04  0.0000000000e+00
4  5.7368963544e+04  0.0000000000e+00
5  4.5192634130e+04  0.0000000000e+00
6  3.5591398149e+04  0.0000000000e+00
7  2.7926002280e+04  0.0000000000e+00
8  2.1868723575e+04  0.0000000000e+00
9  1.7140432281e+04  0.0000000000e+00
10  1.3473864671e+04  0.0000000000e+00
11  1.0598706479e+04  0.0000000000e+00
12  8.3257046045e+03  0.0000000000e+00
13  6.5455898810e+03  0.0000000000e+00
14  5.1462715189e+03  0.0000000000e+00
15  4.0488787361e+03  0.0000000000e+00
16  3.1996968747e+03  0.0000000000e+00
17  2.5404779308e+03  0.0000000000e+00
18  2.0125403395e+03  0.0000000000e+00
19  1.5974991183e+03  0.0000000000e+00
20  1.2712549669e+03  0.0000000000e+00
21  1.0116304202e+03  0.0000000000e+00
22  8.0512128448e+02  0.0000000000e+00
23  6.4009641980e+02  0.0000000000e+00
24  5.0965023863e+02  0.0000000000e+00
25  4.0735007316e+02  0.0000000000e+00
26  3.2763826293e+02  0.0000000000e+00
27  2.6593034809e+02  0.0000000000e+00
28  2.1869987333e+02  0.0000000000e+00
29  1.8345595009e+02  0.0000000000e+00
30  1.5985526941e+02  0.0000000000e+00
31  1.4748539668e+02  0.0000000000e+00
