0 -1.2535611251e+02  6.3317083942e-15
1  1.6648635164e+04  1.2246448938e-15
2  1.0938012690e+04  3.8667816372e-16
3  8.6227900143e+03  3.2540992013e-15
4  6.7150592740e+03 -1.9107930383e-15
5  5.2661631932e+03  3.5291140703e-16
6  4.1242579362e+03 -4.0906312958e-15
7  3.2406796884e+03  2.2945542324e-15
8  2.5401099213e+03 -7.6558840004e-16
9  1.9888006923e+03  2.5567371876e-17
10  1.5585491675e+03 -7.6376643217e-16
11  1.2250126655e+03 -1.8439886086e-16
12  9.5670764199e+02  7.7217365107e-16
13  7.4919770632e+02  5.1039283138e-16
14  5.8439989566e+02  3.4117391267e-16
15  4.5300201738e+02 -1.4429523894e-17
16  3.5431673898e+02  5.2541061965e-16
17  2.7566341442e+02  5.2486078939e-17
18  2.1515198942e+02  1.2791727457e-16
19  1.6789017477e+02 -5.8525847370e-17
20  1.3139633849e+02 -1.0716089101e-16
21  1.0292267263e+02 -1.1909812634e-17
22  8.0359497291e+01 -2.5789082749e-17
23  6.2802064505e+01 -2.7270278676e-17
24  4.9265620534e+01  2.3180115393e-18
25  3.8336777228e+01  1.0563771402e-17
26  2.9533222153e+01 -7.7008000400e-18
27  2.2270119499e+01  2.6964764480e-18
28  1.6452716019e+01 -2.8829825151e-18
29  1.1470382759e+01 -4.6915037366e-18
30  7.2286733715e+00  1.5908337541e-19
31  3.3568691223e+00  8.1844558528e-19
