0 -3.1143229786e+02  4.1572889506e-15
1  1.7402472017e+04  6.8160681973e-15
2  1.1196702050e+04 -6.9540166184e-16
3  8.7153701679e+03  5.4167936177e-15
4  6.7013855091e+03 -9.8118801067e-16
5  5.2001483453e+03  2.0978684439e-15
6  4.0158688482e+03 -1.1715901381e-15
7  3.1218991578e+03 -1.0179706546e-15
8  2.4150094703e+03 -1.0624032502e-16
9  1.8811397730e+03  8.2991390846e-16
10  1.4659420602e+03  4.0538568045e-16
11  1.1334689088e+03 -4.5600669872e-16
12  8.7017356484e+02 -3.5414320470e-16
13  6.6871045033e+02 -3.3054472120e-16
14  5.1502487917e+02  3.7377210799e-16
15  3.9912122242e+02  1.5808506767e-16
16  3.1051393109e+02 -2.5248305152e-17
17  2.4017200969e+02 -6.2011017371e-17
18  1.8644620171e+02  1.2261040140e-17
19  1.4503238391e+02  8.9427726868e-17
20  1.1151607367e+02  1.1593906402e-16
21  8.6545148654e+01  2.9901163011e-17
22  6.6911862269e+01  4.5784777777e-17
23  5.1268157082e+01  9.3542877623e-18
24  3.9269510223e+01 -3.7521971377e-18
25  2.9955430323e+01 -1.0854568400e-17
26  2.2792564651e+01  5.5042318495e-18
27  1.7233352435e+01 -2.3795405420e-18
28  1.2752877518e+01 -1.8660135828e-18
29  9.0934581944e+00 -1.1874872525e-18
30  5.9500780467e+00 -1.2017279939e-19
31  3.0431443452e+00 -2.2192263218e-19
