0 -1.1824665853e+02  6.6611700117e-15
1  1.9780941283e+04 -4.2851990783e-15
2  1.3051699748e+04  8.6196910273e-16
3  1.0358504285e+04  1.4094540363e-15
4  8.0998346286e+03 -4.6006679233e-16
5  6.3830258611e+03  2.0713182227e-15
6  5.0390598199e+03  1.9023843305e-15
7  3.9382605015e+03 -3.0781685523e-16
8  3.0776983477e+03 -1.4912438553e-16
9  2.4129842759e+03 -1.9136354692e-15
10  1.8866233706e+03  7.7490703300e-16
11  1.4812251065e+03 -9.1052812517e-17
12  1.1595864364e+03  9.1383155366e-17
13  9.0343958233e+02 -2.9736150405e-17
14  7.0437623238e+02 -1.8827636593e-16
15  5.4486163563e+02  4.1269848646e-16
16  4.2497847722e+02  5.6248334593e-16
17  3.3230114588e+02 -2.9987639781e-17
18  2.6018477855e+02  2.1699650032e-16
19  2.0030536887e+02 -8.2973335810e-17
20  1.5504591303e+02 -7.3146694830e-17
21  1.1927581830e+02 -7.9206686172e-17
22  9.2311558958e+01 -3.3679618170e-17
23  7.1833966397e+01  1.0256298442e-17
24  5.5532070284e+01 -2.9522803981e-17
25  4.2761478708e+01  1.0038187458e-17
26  3.2566784915e+01 -1.3139598594e-19
27  2.4571808552e+01  4.1735430894e-18
28  1.7999995916e+01  1.0692096893e-17
29  1.2517886082e+01 -3.6512943378e-18
30  7.7430410923e+00  4.0610994656e-18
31  3.5817684920e+00  3.3404861857e-20
