0  5.2461748893e+07 -2.4872156159e-12
1  5.3760527558e+07  2.1503483033e-11
2  3.1794680971e+07 -1.7669972966e-11
3  2.4277432023e+07  1.8579129346e-11
4  1.8846662624e+07 -4.6343177380e-12
5  1.4439579431e+07 -1.0579634944e-13
6  1.1755239393e+07  5.6693660880e-12
7  8.9553092466e+06  5.6693475654e-12
8  6.9533874661e+06  1.6537773916e-12
9  5.3538452898e+06  2.4357597380e-12
10  4.3094268552e+06 -1.0978033296e-12
11  3.2857688765e+06  2.8422928759e-13
12  2.6512357624e+06 -1.4555763516e-12
13  2.0689601941e+06 -1.2769957229e-12
14  1.6272560043e+06 -2.2062240892e-13
15  1.2595142509e+06  2.5409638272e-13
16  1.0162862998e+06 -1.1899372899e-12
17  7.9137934184e+05  1.3526490010e-13
18  6.3375832431e+05  1.1204152665e-13
19  4.9594754501e+05 -7.1059996918e-14
20  3.9695984640e+05  9.5588125040e-14
21  3.1411673361e+05 -1.9420266222e-14
22  2.5673507298e+05  6.8253987874e-14
23  2.0205495866e+05 -6.8012439571e-14
24  1.6231611655e+05 -7.6016569880e-14
25  1.3043543425e+05 -2.1470155256e-14
26  1.0526423247e+05 -1.1762371210e-14
27  8.2802454856e+04 -1.1474756931e-14
28  7.0575881625e+04  6.5649734732e-14
29  6.1601341345e+04 -1.4452757816e-14
30  5.3836455733e+04  1.5009071678e-14
31  4.7896975704e+04 -3.0349725097e-14
