0  9.5912831591e+04  0.0000000000e+00
1  9.7901838033e+04  0.0000000000e+00
2  7.3242905172e+04  0.0000000000e+00
3  5.7208512488e+04  0.0000000000e+00
4  4.3919550352e+04  0.0000000000e+00
5  3.3540965628e+04  0.0000000000e+00
6  2.5635855906e+04  0.0000000000e+00
7  1.9647857249e+04  0.0000000000e+00
8  1.5059428560e+04  0.0000000000e+00
9  1.1508035618e+04  0.0000000000e+00
10  8.7811529278e+03  0.0000000000e+00
11  6.6814270864e+03  0.0000000000e+00
12  5.0709174540e+03  0.0000000000e+00
13  3.8452002674e+03  0.0000000000e+00
14  2.9328868924e+03  0.0000000000e+00
15  2.2427112726e+03  0.0000000000e+00
16  1.7061865154e+03  0.0000000000e+00
17  1.2979004170e+03  0.0000000000e+00
18  9.8669226552e+02  0.0000000000e+00
19  7.4481528252e+02  0.0000000000e+00
20  5.6212149935e+02  0.0000000000e+00
21  4.2559196426e+02  0.0000000000e+00
22  3.2172076413e+02  0.0000000000e+00
23  2.4300886156e+02  0.0000000000e+00
24  1.8428323928e+02  0.0000000000e+00
25  1.4020543099e+02  0.0000000000e+00
26  1.0712133651e+02  0.0000000000e+00
27  8.2532153693e+01  0.0000000000e+00
28  6.4753533219e+01  0.0000000000e+00
29  5.2043202287e+01  0.0000000000e+00
30  4.3573255991e+01  0.0000000000e+00
31  3.8779705045e+01  0.0000000000e+00
