0 -2.2537041095e+02 -1.4455507688e-15
1  1.9542578042e+04 -3.6136648991e-16
2  1.2842671957e+04 -3.2840634153e-15
3  1.0156674422e+04  1.6049370115e-15
4  7.9531072086e+03  1.9483041042e-15
5  6.2963088398e+03 -1.4787837889e-15
6  4.9594641434e+03 -2.2633746319e-15
7  3.9066030850e+03 -9.0840649292e-16
8  3.0417219533e+03  3.3982326569e-17
9  2.3854737018e+03 -1.9458474969e-15
10  1.8667497728e+03 -1.3303181832e-16
11  1.4600052801e+03  4.9137238891e-16
12  1.1517472734e+03 -3.7867476116e-16
13  9.0667206316e+02 -7.1802824120e-17
14  7.1710446375e+02 -1.7369268204e-16
15  5.6692680332e+02 -3.9085758310e-16
16  4.4893727813e+02 -2.0887599545e-16
17  3.5517871885e+02 -2.7166887717e-16
18  2.8092279304e+02 -1.2928105055e-17
19  2.2183451395e+02 -1.2150978796e-17
20  1.7502434895e+02 -4.0442117462e-18
21  1.3786025194e+02  1.9238341694e-17
22  1.0791502788e+02  3.5149749729e-17
23  8.4704518116e+01 -1.8738486376e-17
24  6.5949121617e+01  1.0058516249e-17
25  5.1095349447e+01 -1.5872444519e-17
26  3.9180642078e+01  6.9545640134e-18
27  2.9542723608e+01  2.4651835139e-18
28  2.1656369105e+01  5.8736970332e-18
29  1.5079542161e+01  8.0150492634e-20
30  9.3784156842e+00 -3.6702467000e-18
31  4.2530341391e+00  1.3467823861e-18
