0  5.2353155332e+07 -1.9203486608e-11
1  5.6184304288e+07  1.4277888425e-11
2  3.3014074106e+07 -2.0054028872e-11
3  2.4796682448e+07  7.6622000173e-12
4  1.8700408147e+07 -1.4825321314e-13
5  1.4928536250e+07 -2.2921034698e-12
6  1.1442539370e+07  2.6785251003e-12
7  8.8687829953e+06  4.8260805534e-13
8  6.8628059579e+06  3.0842303972e-12
9  5.3328473558e+06 -3.5517477544e-12
10  4.1606392643e+06  7.6865946329e-13
11  3.3034415318e+06  5.9907752236e-13
12  2.6266090900e+06  3.0995755830e-13
13  2.1197314817e+06 -2.5395470841e-12
14  1.6328541097e+06 -1.9834592867e-12
15  1.2564976775e+06  7.0811357665e-13
16  9.8850423788e+05 -6.8120945634e-14
17  7.7915332906e+05  5.8959676191e-14
18  6.1116928971e+05  6.9365337988e-15
19  4.7640109499e+05 -2.6711997129e-13
20  3.7148951666e+05 -1.1620320318e-13
21  2.9137293155e+05 -6.5103033721e-15
22  2.3232141311e+05 -1.1309903555e-13
23  1.9055788728e+05 -1.5391213667e-13
24  1.4943432135e+05 -1.1622307810e-13
25  1.1808004036e+05 -4.0024719572e-14
26  9.5043560338e+04 -4.6210962735e-15
27  7.6326539950e+04 -3.2351066479e-14
28  6.1003935761e+04  3.6996560373e-14
29  5.1488037138e+04 -6.7198502445e-15
30  4.5205333139e+04  1.0055106647e-14
31  4.0057152999e+04  1.2977468264e-14
