0  5.9653202417e+00 -2.7620680325e-16
1  1.7046930016e+04 -4.8720930668e-15
2  1.1029758227e+04 -1.1332762968e-15
3  8.5836316410e+03  1.2402496230e-15
4  6.5647799083e+03 -8.0802242135e-16
5  5.0625898457e+03  1.9497186492e-15
6  3.8874693208e+03 -7.6594277744e-16
7  2.9690855981e+03 -3.2500423370e-15
8  2.2725845405e+03 -6.9813704886e-16
9  1.7369113984e+03 -4.1510734229e-16
10  1.3291621538e+03  3.1774281082e-16
11  1.0145183696e+03  4.4410159771e-16
12  7.7390752098e+02  9.5271195413e-17
13  5.8829987452e+02 -2.7900037085e-16
14  4.4552264894e+02 -1.0341859357e-16
15  3.3564580585e+02  2.0522845982e-16
16  2.5443015393e+02  1.1780322472e-17
17  1.9025226106e+02 -6.1263775493e-18
18  1.4276268415e+02  9.6135056522e-17
19  1.0657200746e+02  3.6918566281e-17
20  7.9188492877e+01 -2.0385224304e-17
21  5.9078898971e+01  1.7356260955e-17
22  4.3946527176e+01 -9.8831804286e-18
23  3.2589128303e+01 -9.9063679555e-18
24  2.4258137088e+01  9.2805694262e-18
25  1.8006122563e+01  8.2970847650e-19
26  1.3276054557e+01 -4.9882829055e-18
27  9.6841199159e+00 -1.1086602488e-18
28  6.9241603113e+00 -4.1711078696e-19
29  4.7293822139e+00  4.7052680220e-19
30  2.9507059067e+00  2.7142112004e-19
31  1.3691047516e+00  4.4311734542e-19
