0  5.3869811901e+07 -5.0557516828e-12
1  5.5209189603e+07  3.5593551624e-11
2  3.3650711414e+07 -1.6969781271e-11
3  2.5004617100e+07  1.9088605924e-11
4  1.9599974419e+07  2.2900330259e-12
5  1.4661228446e+07 -9.7305647029e-14
6  1.1757125049e+07 -1.2684024614e-12
7  9.0061151118e+06  3.5518447875e-12
8  6.7634040104e+06  8.9895432938e-13
9  5.4368976051e+06  2.4533948737e-12
10  4.1864390369e+06 -1.0402164803e-12
11  3.2843632740e+06  1.3193130297e-12
12  2.5228302573e+06  2.1656293891e-12
13  1.9822415706e+06 -4.1010419875e-14
14  1.5035553838e+06 -9.0021511146e-13
15  1.1592459209e+06  5.3573227649e-13
16  9.0512448476e+05  7.4656109941e-13
17  6.9278547290e+05  1.1081149075e-13
18  5.2514873334e+05  4.3269497417e-13
19  3.9873346230e+05 -7.1049414069e-14
20  3.0611314683e+05 -9.5763136935e-14
21  2.3596699150e+05  2.3072193004e-13
22  1.8129711118e+05 -8.5710852697e-14
23  1.4159461077e+05  1.7941502499e-14
24  1.0585282267e+05 -2.6809732894e-14
25  8.0714870707e+04 -9.3511134270e-15
26  6.1085684447e+04 -2.8367426556e-14
27  4.6587354435e+04  2.0602469369e-14
28  3.7841202778e+04 -1.5470542967e-14
29  3.1437374588e+04  7.5348080355e-16
30  2.6125541817e+04 -1.2764298254e-14
31  2.3782450545e+04 -1.4331972893e-14
