0  3.5823136457e+02  9.5227615568e-16
1  1.6994948660e+04 -2.1192539877e-15
2  1.1256740548e+04  2.6984366940e-15
3  8.9167782279e+03  8.4084791267e-16
4  6.9909116040e+03 -6.7367325504e-16
5  5.4926443557e+03  1.7976150370e-15
6  4.3017700471e+03  2.5962522275e-15
7  3.3713947378e+03  5.7060125676e-16
8  2.6333628406e+03 -1.1998686507e-15
9  2.0451225912e+03 -6.3074297829e-16
10  1.5879178511e+03 -3.8607009994e-16
11  1.2396673450e+03  7.8375630384e-16
12  9.6079018425e+02 -3.8896218806e-16
13  7.4043469742e+02 -3.0669771295e-16
14  5.6714023560e+02  3.4073276732e-17
15  4.3555221987e+02 -1.2396962458e-16
16  3.3304932675e+02 -5.0622513811e-16
17  2.5462431558e+02  3.0058615848e-16
18  1.9386901604e+02 -7.0252674417e-17
19  1.4794284581e+02  1.1406251547e-16
20  1.1262955230e+02 -1.1734582693e-17
21  8.4962016831e+01  2.6463691552e-17
22  6.4506794857e+01  3.9888687310e-17
23  4.8546690826e+01 -2.8503293950e-17
24  3.6481255435e+01  2.1911683554e-19
25  2.7232800655e+01  1.4804124215e-17
26  2.0342522422e+01  5.1011500457e-18
27  1.4905411567e+01  1.5192330002e-19
28  1.0585109815e+01 -1.2976544752e-18
29  7.1456243807e+00 -2.0715249516e-18
30  4.3528838832e+00  3.5734202462e-20
31  1.9044769547e+00  5.0398460362e-20
