0  5.2115684897e+07 -9.2385884154e-12
1  5.5960623054e+07  7.7638952177e-12
2  3.4653609168e+07 -6.3014396238e-12
3  2.5882837135e+07 -1.1868271755e-11
4  2.0606432627e+07  5.7971593537e-12
5  1.6530199121e+07  9.8946325792e-12
6  1.3264317682e+07 -1.4320827802e-11
7  1.0584330535e+07 -1.9626290258e-12
8  8.5518412829e+06 -1.7711625465e-12
9  6.7022645461e+06  1.6936771989e-12
10  5.4429591636e+06 -5.5323168336e-13
11  4.2602320334e+06 -6.3774770432e-14
12  3.4414001835e+06  1.2317998011e-13
13  2.6680384690e+06  6.1405649215e-13
14  2.1266181569e+06  2.4176798857e-12
15  1.7214887885e+06 -8.0636801093e-13
16  1.3494140694e+06  1.5700278123e-12
17  1.0997320649e+06  4.3815328137e-14
18  8.8801337559e+05  1.4287793492e-13
19  7.0574650008e+05 -2.5677659269e-13
20  5.7467895200e+05  3.4438626217e-13
21  4.6520584089e+05 -2.1286982450e-13
22  3.8361363250e+05 -1.1426091349e-13
23  3.1023668345e+05  4.1851427827e-14
24  2.4715981851e+05 -1.1119856512e-13
25  2.0255447958e+05  4.4936813199e-14
26  1.6311067427e+05 -5.4192003027e-14
27  1.3815902718e+05 -6.4952970407e-14
28  1.1672045788e+05 -2.1105809953e-14
29  1.0091446585e+05  1.4079927853e-14
30  9.1373686913e+04  6.0799917800e-14
31  8.4038409869e+04  6.0544050472e-15
