0  4.6143988566e+07 -9.7087274581e-12
1  4.8960966059e+07  1.0280623966e-11
2  2.8104585512e+07  1.7751023043e-13
3  2.1259460481e+07  1.2188177067e-11
4  1.5863108863e+07  1.0703000872e-11
5  1.2106862204e+07  2.6309971472e-12
6  9.6735755927e+06  2.5339746917e-12
7  7.4540932103e+06 -3.4225143124e-12
8  5.7517451667e+06 -5.9276604304e-13
9  4.5823640802e+06 -2.5076800829e-13
10  3.4543807483e+06  1.2887428216e-12
11  2.6683982896e+06 -7.0746291275e-13
12  2.0706538733e+06  8.9855653048e-13
13  1.6160579908e+06  5.6010535093e-13
14  1.2636675664e+06 -4.2766140559e-13
15  9.5609026114e+05 -8.7229830004e-13
16  7.4924262304e+05  1.0865247689e-13
17  5.7833836071e+05  2.5016965968e-13
18  4.5265974816e+05  6.7077801714e-14
19  3.5788759682e+05  2.8259802021e-15
20  2.8899450758e+05 -1.1983075071e-13
21  2.2409493358e+05 -1.0581737029e-13
22  1.8202635850e+05 -1.1590250763e-13
23  1.3937102733e+05  1.3716006884e-14
24  1.1281722443e+05 -1.1562658491e-13
25  8.8506102914e+04  1.9077216400e-14
26  7.0448497191e+04 -3.2366008390e-15
27  5.7924128067e+04  3.5806959992e-14
28  4.7071335707e+04  2.3235737525e-14
29  3.9228252824e+04  4.5748229364e-15
30  3.5090264856e+04 -7.6079103637e-15
31  3.2284101732e+04  1.1668126268e-14
