0  4.4678666692e+02  2.1680051278e-15
1  1.6587317787e+04 -9.4069785056e-17
2  1.0966405720e+04  3.9343757134e-15
3  8.6865805017e+03  1.2472212865e-15
4  6.8310302012e+03  3.8507409507e-16
5  5.4033236996e+03 -7.5752803451e-16
6  4.2872255840e+03 -1.2047903357e-15
7  3.3880701447e+03 -4.9507942860e-16
8  2.6665787794e+03  1.1504339021e-15
9  2.0889114679e+03  2.9621673902e-16
10  1.6358141702e+03  3.6301238081e-17
11  1.2777097644e+03 -1.4912057388e-16
12  9.9300708351e+02 -8.6410415515e-16
13  7.7106392779e+02  5.1134240825e-16
14  5.9300481279e+02 -1.8911455797e-16
15  4.5941154998e+02 -3.9383117167e-16
16  3.5276313845e+02  3.8805792745e-16
17  2.7046113420e+02  1.0934771833e-17
18  2.0650843835e+02  3.6893234702e-17
19  1.5813059495e+02  2.1835556468e-17
20  1.2111212729e+02 -8.1629465099e-17
21  9.2974377692e+01 -7.6175790529e-17
22  7.1235431982e+01 -7.8885237169e-18
23  5.4430735343e+01 -4.0719308994e-17
24  4.1537811551e+01 -1.0715760876e-18
25  3.1561103256e+01 -7.2611899403e-18
26  2.3707281377e+01 -1.6773899334e-18
27  1.7703322625e+01 -8.8827286387e-18
28  1.2891419978e+01 -1.0851550846e-18
29  9.0118097110e+00  2.1672396747e-18
30  5.6748186168e+00 -2.4157379656e-18
31  2.7707615785e+00  1.1233774463e-19
