0  2.6677909976e+02 -2.1907524093e-15
1  1.8970247610e+04  2.5302174330e-15
2  1.2567595076e+04 -2.0112915917e-15
3  1.0010821350e+04  1.1165905419e-15
4  7.8889314315e+03  3.6702972044e-15
5  6.2394626052e+03 -2.8754888146e-15
6  4.9428032404e+03 -3.1171532437e-16
7  3.9274880927e+03 -2.2538602285e-15
8  3.1179482720e+03 -2.9470563224e-16
9  2.4967893072e+03 -1.3352546912e-15
10  1.9925476832e+03 -7.4129782445e-16
11  1.5994958550e+03 -5.9533160126e-16
12  1.2800474161e+03  7.3895111967e-16
13  1.0179089831e+03  6.6131567961e-16
14  8.1380049795e+02 -4.3435235436e-16
15  6.5434470387e+02  8.9073772975e-17
16  5.2713856880e+02  8.0804825586e-18
17  4.2431665339e+02  1.3897920722e-16
18  3.4162486025e+02 -4.4947485709e-17
19  2.7573261854e+02  1.3494558339e-16
20  2.2324737179e+02 -1.4055220034e-16
21  1.8064345239e+02  1.6988675125e-16
22  1.4528050025e+02 -3.0414094400e-17
23  1.1670221614e+02  6.0916280226e-17
24  9.3029439396e+01 -7.2786176432e-17
25  7.3676561484e+01  2.4846864475e-17
26  5.7981604802e+01 -2.4127098228e-17
27  4.4985366685e+01  3.3233337686e-18
28  3.3909322317e+01  5.9253131034e-18
29  2.4460846587e+01  1.0436081185e-17
30  1.5976225462e+01 -3.1717678106e-18
31  8.1501640184e+00  3.2408539353e-18
