0  4.5973882508e+02 -7.7675769412e-16
1  1.8686708226e+04 -3.8364987270e-15
2  1.2730984681e+04  9.2891604578e-16
3  1.0405894336e+04  6.3514342033e-16
4  8.4498718748e+03  4.3750225814e-16
5  6.8777394885e+03  3.1191453593e-15
6  5.6096887298e+03  1.2972968155e-15
7  4.5684513512e+03  1.1693487831e-15
8  3.7244810262e+03  6.9941797444e-16
9  3.0374170918e+03 -2.7986090338e-16
10  2.4753556888e+03  7.5124622641e-17
11  2.0158142532e+03 -3.2944711209e-16
12  1.6419748559e+03  1.1563460862e-16
13  1.3377240897e+03 -5.6560550938e-16
14  1.0905289652e+03  3.3791850035e-16
15  8.9048485683e+02  1.2236068549e-16
16  7.2841479099e+02 -2.4407180260e-16
17  5.9485360707e+02  3.6611516837e-16
18  4.8622039438e+02 -3.3728227273e-16
19  3.9574956625e+02  1.0691038102e-16
20  3.2147538649e+02 -5.1490709347e-17
21  2.6094945908e+02 -2.2121112450e-17
22  2.1005801217e+02  1.0891890790e-16
23  1.6938558207e+02  3.0773130490e-17
24  1.3591113236e+02 -7.1377348883e-18
25  1.0765391924e+02  4.3329652779e-17
26  8.4676808700e+01 -1.6343924234e-17
27  6.5291730897e+01  5.9748645308e-18
28  4.8839149473e+01 -1.7022715262e-18
29  3.4845527893e+01  1.4005266266e-17
30  2.2598378678e+01  1.0983899744e-17
31  1.1623601317e+01 -4.5678369263e-18
