0 -3.7074217263e+02 -4.0186059402e-15
1  1.8488769872e+04  3.0186630054e-15
2  1.2028681719e+04  1.7748952840e-15
3  9.3946452134e+03 -2.1223839067e-15
4  7.2884376075e+03 -1.0160315051e-15
5  5.6730730415e+03  8.6730297508e-16
6  4.4279034092e+03 -2.5353667581e-15
7  3.4504453214e+03 -2.3204389239e-15
8  2.6762901352e+03  9.5571521532e-17
9  2.0775848087e+03  1.2460752509e-15
10  1.6185284677e+03 -6.0616843491e-16
11  1.2594099201e+03  4.5004231622e-16
12  9.8259036548e+02 -1.0106595956e-16
13  7.6786898397e+02 -2.0127927459e-16
14  5.9814110744e+02 -1.6755714595e-16
15  4.6570603094e+02  2.9671045335e-16
16  3.6535463003e+02 -9.3988469893e-17
17  2.8452034641e+02 -3.1391305723e-17
18  2.2255723105e+02  2.1274608899e-17
19  1.7408666608e+02 -2.7817091383e-18
20  1.3605473826e+02 -4.5881260124e-17
21  1.0667506422e+02 -1.8360656742e-17
22  8.3374387289e+01  1.3305775871e-17
23  6.4557594727e+01  6.9418320494e-18
24  4.9950109995e+01 -3.2369364079e-18
25  3.8468901866e+01  6.9907746719e-18
26  2.9441745267e+01 -2.4093852185e-18
27  2.2024606611e+01  1.7622520468e-18
28  1.6079857508e+01 -6.0393449139e-19
29  1.1201066089e+01 -1.3936603658e-18
30  7.0135776903e+00  1.1362946987e-18
31  3.2042447461e+00 -1.6170388359e-18
