0 -3.6997112561e+02 -2.2136697857e-16
1  1.7137637803e+04 -4.4836922498e-15
2  1.1194954212e+04 -6.9108168793e-16
3  8.8437207026e+03 -2.8728854589e-15
4  6.9276561278e+03 -5.7818066639e-16
5  5.4506436125e+03 -3.5451801678e-16
6  4.2922520217e+03  6.0189653012e-16
7  3.3938453187e+03  3.0978303046e-16
8  2.6629552903e+03  7.2115786912e-16
9  2.0881289738e+03  7.8962740684e-17
10  1.6496352857e+03  2.1485350696e-16
11  1.3001889844e+03 -7.0038168617e-16
12  1.0239966836e+03 -1.3612359446e-16
13  8.0977156029e+02  4.1224299449e-17
14  6.3869732228e+02 -1.9803418549e-16
15  5.0386380734e+02  3.1193819991e-16
16  3.9790719349e+02  4.8077330682e-16
17  3.1444627372e+02 -1.1049370096e-16
18  2.4864899676e+02 -1.1016383457e-16
19  1.9694369497e+02 -1.9624959294e-16
20  1.5567155206e+02 -1.9568234557e-17
21  1.2309428010e+02 -4.7930312232e-17
22  9.6622726382e+01 -7.0808672138e-17
23  7.5789291594e+01  6.6683727564e-18
24  5.8873699548e+01 -5.1844769119e-18
25  4.5610137756e+01 -5.3797709458e-18
26  3.4897819533e+01  1.2939169423e-17
27  2.6371754978e+01 -4.4162709683e-18
28  1.9451757933e+01  4.8662042820e-19
29  1.3513458243e+01  3.3938492614e-18
30  8.4189114348e+00  2.0145619859e-18
31  3.8182682902e+00  6.3135718306e-19
