0  5.0773671620e+07  2.7876233914e-11
1  5.6703636792e+07 -2.9196379388e-11
2  3.4858090808e+07 -7.0414637775e-12
3  2.5254491924e+07  8.2977541971e-12
4  1.9114860585e+07  1.1585724701e-13
5  1.4639932254e+07  1.6132444647e-12
6  1.1441439620e+07 -2.5430081734e-12
7  9.1144991508e+06  3.3585420703e-14
8  7.1293849121e+06  2.2018130279e-12
9  5.5678993417e+06  2.7333125934e-13
10  4.3800041650e+06  4.0171056871e-12
11  3.4312075544e+06 -3.1941758050e-12
12  2.6246781932e+06 -9.2610295308e-13
13  2.0542301877e+06  8.3387950622e-13
14  1.5856024649e+06 -7.7490457455e-13
15  1.2081755128e+06 -1.6003944390e-13
16  9.6186270697e+05  1.9425495609e-13
17  7.3507632993e+05 -5.9513558562e-13
18  5.8657509822e+05 -1.3890405514e-13
19  4.7538907530e+05 -2.6651224823e-13
20  3.6670599491e+05  1.8245020021e-13
21  2.7796249657e+05 -5.6626226307e-14
22  2.0782260485e+05 -7.7832983114e-14
23  1.6218105003e+05  4.5765873678e-14
24  1.2810256420e+05 -3.6635143359e-14
25  9.7494545119e+04 -3.4902349497e-14
26  7.7701570881e+04 -9.6394334459e-14
27  6.3382852782e+04  2.2882250301e-16
28  5.0796248720e+04 -4.0631810612e-14
29  4.1155154893e+04 -6.5218032158e-15
30  3.4775885048e+04 -7.0221838993e-15
31  3.2686929698e+04  1.3389268252e-14
