0  9.6531473867e+04  0.0000000000e+00
1  9.8681880269e+04  0.0000000000e+00
2  7.3530561586e+04  0.0000000000e+00
3  5.7328283884e+04  0.0000000000e+00
4  4.4282040648e+04  0.0000000000e+00
5  3.4260549857e+04  0.0000000000e+00
6  2.6575149910e+04  0.0000000000e+00
7  2.0697692162e+04  0.0000000000e+00
8  1.6181115476e+04  0.0000000000e+00
9  1.2653204955e+04  0.0000000000e+00
10  9.8601691659e+03  0.0000000000e+00
11  7.6892643886e+03  0.0000000000e+00
12  6.0142562686e+03  0.0000000000e+00
13  4.7150536000e+03  0.0000000000e+00
14  3.6808918902e+03  0.0000000000e+00
15  2.8545409619e+03  0.0000000000e+00
16  2.2027985495e+03  0.0000000000e+00
17  1.7101635058e+03  0.0000000000e+00
18  1.3409550048e+03  0.0000000000e+00
19  1.0590189693e+03  0.0000000000e+00
20  8.3929032572e+02  0.0000000000e+00
21  6.6289070132e+02  0.0000000000e+00
22  5.2225881922e+02  0.0000000000e+00
23  4.1233287784e+02  0.0000000000e+00
24  3.2555369087e+02  0.0000000000e+00
25  2.5855823061e+02  0.0000000000e+00
26  2.0858547364e+02  0.0000000000e+00
27  1.7082750153e+02  0.0000000000e+00
28  1.4105287258e+02  0.0000000000e+00
29  1.1832364334e+02  0.0000000000e+00
30  1.0313362547e+02  0.0000000000e+00
31  9.4783689738e+01  0.0000000000e+00
