0 -1.0565750049e+02  5.9150127592e-15
1  1.9611201875e+04  6.9508709498e-16
2  1.3078835824e+04 -4.4296748412e-15
3  1.0455352977e+04  4.6150436606e-15
4  8.2534816199e+03  1.7906814371e-15
5  6.5362880161e+03 -1.5133323570e-15
6  5.1515730083e+03 -1.6230466288e-15
7  4.0747014044e+03  2.7064201913e-15
8  3.1943680683e+03 -1.5823811064e-15
9  2.5163046254e+03 -1.3735627092e-15
10  1.9833786919e+03 -4.5258240921e-17
11  1.5590476660e+03  7.6131278948e-16
12  1.2171282913e+03 -1.7539775937e-15
13  9.5262469861e+02 -3.7485654839e-16
14  7.4188245615e+02  3.0362668912e-16
15  5.7844962389e+02 -8.9567593183e-17
16  4.5196304732e+02  2.5329885013e-17
17  3.5219836639e+02 -5.2897128147e-17
18  2.7457817910e+02 -3.5024812369e-18
19  2.1383349989e+02 -9.4459420212e-17
20  1.6576649890e+02 -1.1735832067e-16
21  1.2754873125e+02 -4.2151853466e-17
22  9.8139472030e+01 -6.3392157531e-17
23  7.5493246220e+01 -9.6001655451e-18
24  5.7531705578e+01 -1.8551186215e-17
25  4.3536504266e+01 -3.0278357370e-17
26  3.2601294288e+01 -3.6015840917e-18
27  2.4063061059e+01  2.5553131134e-18
28  1.7340654403e+01 -2.4650776347e-18
29  1.1898166180e+01 -5.7672355796e-19
30  7.4107386638e+00  1.3486882103e-18
31  3.4544134312e+00  5.2304284493e-19
