0  4.8577732764e+07  2.0494797474e-11
1  5.1062155690e+07  2.3785145824e-11
2  2.9889760701e+07  2.6526505224e-11
3  2.2940116183e+07  8.9753139314e-12
4  1.7182949427e+07  2.6368250208e-12
5  1.3491739281e+07 -7.7747019849e-12
6  1.0722946237e+07  7.7389626630e-12
7  8.3289286892e+06  7.5059152523e-13
8  6.4360592096e+06  2.5276784255e-12
9  5.0942320938e+06  1.3492301053e-12
10  3.9660892228e+06 -1.1103244894e-12
11  3.1359316275e+06  2.8638253907e-12
12  2.4221883303e+06 -5.0556599598e-13
13  1.9023141806e+06 -4.6854461091e-13
14  1.5041690856e+06  7.7917565754e-13
15  1.1516310755e+06 -6.8723334876e-13
16  8.7690998267e+05 -2.9467295457e-13
17  6.8458042945e+05 -2.5101345772e-13
18  5.1684195916e+05  3.4578826192e-14
19  3.9709961151e+05  2.0928576263e-14
20  3.1127771998e+05  1.7807580343e-13
21  2.4407141652e+05 -1.0152178817e-13
22  1.9336048053e+05  7.3662790490e-14
23  1.5726278087e+05 -3.2044969439e-14
24  1.2405292952e+05  4.6989895650e-14
25  9.8755450479e+04 -2.9107660687e-14
26  7.7874406169e+04 -4.9150687964e-14
27  6.3081503160e+04  1.9855036933e-14
28  5.2767067108e+04  2.9587578379e-14
29  4.6157470228e+04 -7.1010331881e-15
30  4.1068765526e+04 -1.3006385728e-14
31  3.8437678439e+04  5.0746476719e-15
