0  5.7612721195e+07  2.5046948514e-11
1  6.0616441497e+07  6.9767496058e-12
2  3.7593685467e+07 -2.5222811836e-11
3  2.7347762843e+07 -1.8344895780e-11
4  2.0840129532e+07  1.5024319576e-11
5  1.6203972741e+07 -1.1404728643e-11
6  1.2621298182e+07  3.2873549553e-12
7  9.7409687232e+06  4.6476461501e-12
8  7.6277259713e+06 -6.8853121979e-13
9  6.0049734152e+06 -3.7299165952e-12
10  4.6393939355e+06  4.9168334123e-13
11  3.6247703449e+06  1.4466860393e-12
12  2.8923866157e+06 -7.8062824193e-13
13  2.2281352274e+06 -6.8034417492e-14
14  1.7509968860e+06  8.6835419342e-13
15  1.3622641976e+06 -1.3090860065e-13
16  1.0601972671e+06  1.9957790887e-13
17  8.4167941856e+05 -4.6730083275e-14
18  6.5073409849e+05  1.3662940834e-13
19  5.0143498392e+05 -2.5304818161e-14
20  3.9533313459e+05 -1.2869270189e-13
21  3.1392889861e+05  2.3192638451e-14
22  2.4854573280e+05 -1.5762269719e-13
23  1.9220952903e+05  9.8656917704e-14
24  1.5233193690e+05  6.5941587600e-14
25  1.2032638992e+05  2.3582472464e-14
26  9.6331606628e+04  2.3075974796e-14
27  7.5393470623e+04  4.1499982317e-14
28  5.9823825372e+04  1.1969693582e-14
29  4.8944148983e+04 -1.6529115929e-14
30  4.1249634636e+04 -1.4674372140e-14
31  3.6740195677e+04  1.5372351685e-15
