0  6.1723569564e+07 -3.9266487636e-12
1  5.8588692020e+07 -7.2238975808e-12
2  3.7231411806e+07  1.9495807117e-11
3  2.7345904876e+07  2.6175317779e-11
4  2.1086482232e+07  5.6627197217e-13
5  1.6504498760e+07  1.8568069762e-12
6  1.2605533542e+07 -1.5401669427e-12
7  1.0062893342e+07 -3.4790968581e-13
8  7.7925806046e+06  5.3720266171e-12
9  6.0157832559e+06  1.0134505111e-12
10  4.6928710454e+06 -1.4158626162e-12
11  3.5612382653e+06 -8.1877482408e-13
12  2.7189930619e+06  1.8125032908e-12
13  2.1235837603e+06 -6.8175059290e-13
14  1.6309266455e+06 -3.4339767350e-13
15  1.2510761823e+06  9.5654526204e-13
16  9.3543354787e+05 -2.7411184507e-13
17  6.9616793521e+05  4.6494277147e-14
18  5.3121738980e+05  3.4159151991e-13
19  4.0000564583e+05  1.3761549300e-13
20  2.9760169915e+05 -1.8384564944e-13
21  2.2062903091e+05  8.0153297366e-14
22  1.6338245801e+05  8.1218449492e-14
23  1.2363849968e+05 -1.2741302473e-13
24  9.3403916164e+04 -1.2190813877e-14
25  7.0404869762e+04  8.8970360406e-15
26  5.5614543726e+04 -5.7583427482e-14
27  4.3415426949e+04  1.5524110346e-14
28  3.4986425200e+04 -2.7144915949e-14
29  2.9466563759e+04  2.6796122150e-15
30  2.5328209239e+04  2.2867991569e-15
31  2.3147373437e+04  2.7986806644e-14
