0  3.5601253152e+02 -2.4299236499e-16
1  1.9196258716e+04  6.3617970162e-15
2  1.2855088332e+04 -4.1693142774e-16
3  1.0305881945e+04  3.9056943308e-16
4  8.1400772691e+03 -2.3931924896e-15
5  6.4549097667e+03 -2.7921742304e-16
6  5.0923980248e+03  3.4162109312e-17
7  4.0129989638e+03  9.5439352629e-16
8  3.1543452018e+03  7.8015419035e-16
9  2.4847134242e+03 -5.1273943028e-16
10  1.9660966056e+03  7.3443315181e-16
11  1.5513970002e+03  8.6209763998e-16
12  1.2259635926e+03  3.9212013865e-16
13  9.6846899500e+02 -1.2109659470e-16
14  7.6341272827e+02  1.9280714517e-16
15  5.9998344924e+02  4.9146122149e-17
16  4.7489292268e+02  1.3030087822e-16
17  3.7429325320e+02  5.0472893382e-17
18  2.9530206039e+02 -2.3812891356e-16
19  2.3242085380e+02  1.5401388322e-17
20  1.8308233668e+02  3.5720332298e-17
21  1.4389398169e+02 -5.4825901577e-17
22  1.1334426952e+02  4.1487673757e-18
23  8.9016879104e+01  1.0389917889e-17
24  6.9599428369e+01  1.8992252153e-17
25  5.4093664301e+01 -9.2870809919e-18
26  4.1670650825e+01  8.9538794063e-18
27  3.1714279776e+01  2.3761391753e-18
28  2.3443229740e+01  8.6844170500e-18
29  1.6481990589e+01  6.1229894175e-19
30  1.0508590399e+01 -6.0689910671e-19
31  5.2198916938e+00  2.3139881328e-19
