0  1.0057941191e+05  0.0000000000e+00
1  1.0285869502e+05  0.0000000000e+00
2  7.8121593059e+04  0.0000000000e+00
3  6.1989642712e+04  0.0000000000e+00
4  4.8743584101e+04  0.0000000000e+00
5  3.8172933565e+04  0.0000000000e+00
6  2.9904613481e+04  0.0000000000e+00
7  2.3477299427e+04  0.0000000000e+00
8  1.8464759409e+04  0.0000000000e+00
9  1.4500377424e+04  0.0000000000e+00
10  1.1386887093e+04  0.0000000000e+00
11  8.9617719755e+03  0.0000000000e+00
12  7.0240714450e+03  0.0000000000e+00
13  5.4993294829e+03  0.0000000000e+00
14  4.3109368118e+03  0.0000000000e+00
15  3.3889578471e+03  0.0000000000e+00
16  2.6694544056e+03  0.0000000000e+00
17  2.1079111123e+03  0.0000000000e+00
18  1.6684177795e+03  0.0000000000e+00
19  1.3246511875e+03  0.0000000000e+00
20  1.0518181251e+03  0.0000000000e+00
21  8.3106937469e+02  0.0000000000e+00
22  6.5736838904e+02  0.0000000000e+00
23  5.1971996872e+02  0.0000000000e+00
24  4.1075439184e+02  0.0000000000e+00
25  3.2693253248e+02  0.0000000000e+00
26  2.6227656929e+02  0.0000000000e+00
27  2.1273124579e+02  0.0000000000e+00
28  1.7620657745e+02  0.0000000000e+00
29  1.5008667113e+02  0.0000000000e+00
30  1.3150152855e+02  0.0000000000e+00
31  1.2005938484e+02  0.0000000000e+00
