0 -1.9672189502e+02 -1.1518710788e-15
1  1.6709214711e+04  1.0827738632e-15
2  1.1003795347e+04 -3.5489262769e-15
3  8.7342126106e+03  2.0967547809e-15
4  6.8674273024e+03  1.1432448158e-15
5  5.4509020275e+03 -9.5031675671e-16
6  4.3343110973e+03  7.0505476694e-16
7  3.4165878693e+03 -8.7327582791e-16
8  2.6967503698e+03  4.7063077549e-16
9  2.1161158424e+03  1.6350983195e-15
10  1.6458991499e+03 -1.7952376273e-16
11  1.2828320939e+03  1.2950784362e-15
12  9.9849728716e+02 -2.2814546561e-16
13  7.7917813005e+02  4.3891468558e-16
14  6.0726540142e+02  4.2012828890e-16
15  4.7562451907e+02 -3.7486417169e-16
16  3.6942927311e+02  2.1611198616e-17
17  2.8618626960e+02 -1.4903968223e-17
18  2.2159052221e+02  7.0529257144e-17
19  1.7170048042e+02 -4.2296378463e-17
20  1.3304365686e+02 -7.9139770570e-17
21  1.0294570811e+02 -4.3129647125e-17
22  8.0040934997e+01  3.3805720200e-17
23  6.1949562094e+01 -2.3616972635e-17
24  4.7572046918e+01 -1.0966667917e-17
25  3.6405648530e+01 -2.5042529086e-17
26  2.7624455930e+01 -1.1866084558e-17
27  2.0661184175e+01  4.1053039975e-18
28  1.5121601191e+01 -1.1318477758e-19
29  1.0591167238e+01 -8.7466739716e-19
30  6.8101911722e+00 -1.4849546357e-18
31  3.4414162325e+00 -7.7328814128e-19
