0  5.5509770310e+07  1.2301062400e-11
1  5.9748579829e+07 -1.6834518878e-11
2  3.7002430192e+07 -1.8701372516e-11
3  2.7884188873e+07  2.7617253644e-11
4  2.1846937527e+07  1.1644256333e-12
5  1.7005816361e+07 -4.0346989010e-12
6  1.3324234230e+07  4.2573512093e-12
7  1.0270021877e+07 -2.7443400396e-12
8  8.0101964683e+06 -5.8832552270e-12
9  6.2449734406e+06  1.2702907396e-12
10  5.0490349956e+06  3.0029673380e-12
11  3.9830240238e+06 -5.2960634415e-13
12  3.1117218056e+06  7.0707523295e-13
13  2.4447983837e+06  9.5732299710e-13
14  1.8671212187e+06 -8.7796310812e-13
15  1.4612152724e+06  5.7874703014e-13
16  1.1820004603e+06 -2.4469212712e-13
17  9.3517103840e+05 -2.2976331779e-13
18  7.5220245520e+05 -2.4737270837e-14
19  5.9703076140e+05  1.9559498814e-13
20  4.5806720252e+05  1.2898140136e-13
21  3.5487211166e+05  8.1850482372e-14
22  2.7414717096e+05 -1.5935433474e-13
23  2.1805400322e+05 -5.5251352475e-14
24  1.7141940192e+05 -8.1528275658e-14
25  1.3580644604e+05 -1.0341862650e-13
26  1.0695619155e+05 -2.6066595762e-14
27  8.4552802631e+04 -1.1731104670e-14
28  6.7461039688e+04  1.0241774441e-15
29  5.5979837596e+04  4.0332764566e-15
30  4.9387508847e+04 -6.6566190228e-15
31  4.5247746813e+04 -1.4990334012e-14
