0 -1.0638284293e+02 -1.5760570525e-15
1  1.8811941025e+04  1.0332143890e-15
2  1.2230266304e+04 -2.2704133698e-15
3  9.6328597905e+03  2.1188139540e-15
4  7.4621858977e+03 -1.5005605824e-15
5  5.8422552748e+03  1.1749793287e-15
6  4.5912450177e+03 -7.3395722517e-17
7  3.6042865065e+03  1.2637658516e-15
8  2.8378160912e+03 -1.0216257606e-15
9  2.2293843563e+03  1.0333397498e-15
10  1.7561524560e+03 -6.1532406698e-16
11  1.3805288169e+03 -1.1720924287e-16
12  1.0874553676e+03 -3.1157503454e-16
13  8.5484382700e+02 -1.0240903618e-16
14  6.6900552312e+02 -1.0975852931e-16
15  5.3001849328e+02 -1.0558159808e-16
16  4.1885458594e+02  3.1209685977e-16
17  3.3090770491e+02 -2.0314211179e-16
18  2.6133546488e+02 -6.7731083803e-17
19  2.0667528548e+02  2.6258942513e-16
20  1.6300825659e+02 -2.0445257764e-17
21  1.2810545101e+02 -7.7965253509e-17
22  1.0077355364e+02 -3.0973030266e-17
23  7.8847077443e+01 -4.3078798678e-17
24  6.1550188661e+01  2.3287106242e-17
25  4.7754594014e+01  1.8526834018e-17
26  3.6756148996e+01 -1.8647800911e-17
27  2.7868574928e+01 -5.7066727239e-18
28  2.0726702982e+01  2.5913914230e-18
29  1.4599083754e+01  1.7078301799e-18
30  9.3397873705e+00  2.5071645843e-18
31  4.5813320668e+00 -1.5352472169e-20
