0  1.0766294114e+05  0.0000000000e+00
1  1.0996995091e+05  0.0000000000e+00
2  8.4484792560e+04  0.0000000000e+00
3  6.7637797003e+04  0.0000000000e+00
4  5.3419932199e+04  0.0000000000e+00
5  4.2097703800e+04  0.0000000000e+00
6  3.3123037264e+04  0.0000000000e+00
7  2.6021040764e+04  0.0000000000e+00
8  2.0515469254e+04  0.0000000000e+00
9  1.6192012283e+04  0.0000000000e+00
10  1.2823190237e+04  0.0000000000e+00
11  1.0151809180e+04  0.0000000000e+00
12  8.0787336440e+03  0.0000000000e+00
13  6.4468250618e+03  0.0000000000e+00
14  5.1619432255e+03  0.0000000000e+00
15  4.1169027637e+03  0.0000000000e+00
16  3.2954100853e+03  0.0000000000e+00
17  2.6418035480e+03  0.0000000000e+00
18  2.1122871457e+03  0.0000000000e+00
19  1.6825160722e+03  0.0000000000e+00
20  1.3408138231e+03  0.0000000000e+00
21  1.0716837738e+03  0.0000000000e+00
22  8.5814351864e+02  0.0000000000e+00
23  6.8676272340e+02  0.0000000000e+00
24  5.4733664787e+02  0.0000000000e+00
25  4.3612591756e+02  0.0000000000e+00
26  3.5007399105e+02  0.0000000000e+00
27  2.8447864792e+02  0.0000000000e+00
28  2.3483473942e+02  0.0000000000e+00
29  1.9889570325e+02  0.0000000000e+00
30  1.7438595056e+02  0.0000000000e+00
31  1.5892120242e+02  0.0000000000e+00
