0  5.3947119616e+07 -2.2159756497e-11
1  5.7555182388e+07 -2.0444720525e-11
2  3.4090729584e+07 -5.7098189063e-12
3  2.6019941453e+07 -5.5100797936e-12
4  1.9694678253e+07 -1.3380385399e-11
5  1.5366295316e+07 -7.0948434974e-12
6  1.2121061222e+07 -2.6616529983e-12
7  9.5566917621e+06  4.8438192017e-12
8  7.4824041051e+06 -4.0248543797e-12
9  5.8562637456e+06  7.0886851730e-13
10  4.6347043750e+06 -6.2436135208e-13
11  3.5800963566e+06 -2.1505906370e-12
12  2.9357428084e+06 -3.9417146150e-13
13  2.3096308030e+06  2.4774450491e-13
14  1.8279703297e+06 -4.2522309291e-13
15  1.4265634343e+06 -5.6013539823e-13
16  1.1285661967e+06  6.6329453913e-13
17  8.6792481742e+05 -2.9068283213e-14
18  6.8803533713e+05 -3.8350731724e-13
19  5.5201295459e+05 -2.7185644103e-13
20  4.3245039053e+05  1.5884456491e-13
21  3.2949359224e+05 -3.5075368195e-14
22  2.5372751253e+05  4.1310043895e-14
23  1.9439200964e+05 -1.0814564380e-13
24  1.5208685845e+05 -6.2186710996e-14
25  1.2145564705e+05  5.1540380104e-14
26  9.5360774773e+04 -3.5037513965e-14
27  7.7289931752e+04 -1.3673780055e-15
28  6.0548909110e+04  2.7330399720e-14
29  5.0045593391e+04 -2.9955889930e-14
30  4.2989270025e+04 -9.7237118649e-15
31  3.9844335003e+04 -2.2911139518e-15
