0  9.6331107640e+04  0.0000000000e+00
1  9.8621549467e+04  0.0000000000e+00
2  7.3858532093e+04  0.0000000000e+00
3  5.8152089494e+04  0.0000000000e+00
4  4.5361629140e+04  0.0000000000e+00
5  3.5044412569e+04  0.0000000000e+00
6  2.6969038635e+04  0.0000000000e+00
7  2.0835413317e+04  0.0000000000e+00
8  1.6039956022e+04  0.0000000000e+00
9  1.2329620593e+04  0.0000000000e+00
10  9.4429635864e+03  0.0000000000e+00
11  7.2242516856e+03  0.0000000000e+00
12  5.5190677032e+03  0.0000000000e+00
13  4.2008146104e+03  0.0000000000e+00
14  3.2181641109e+03  0.0000000000e+00
15  2.4879113792e+03  0.0000000000e+00
16  1.9366133017e+03  0.0000000000e+00
17  1.5172814446e+03  0.0000000000e+00
18  1.1901554900e+03  0.0000000000e+00
19  9.2942819193e+02  0.0000000000e+00
20  7.2534598491e+02  0.0000000000e+00
21  5.6823390172e+02  0.0000000000e+00
22  4.4526134180e+02  0.0000000000e+00
23  3.4802331956e+02  0.0000000000e+00
24  2.7223180175e+02  0.0000000000e+00
25  2.1468759851e+02  0.0000000000e+00
26  1.7126490576e+02  0.0000000000e+00
27  1.3835362379e+02  0.0000000000e+00
28  1.1419029240e+02  0.0000000000e+00
29  9.6901135403e+01  0.0000000000e+00
30  8.4604410772e+01  0.0000000000e+00
31  7.7328677248e+01  0.0000000000e+00
