0  5.1316717726e+07  1.9924066538e-11
1  5.4609568071e+07  2.0206318569e-11
2  3.3499115515e+07 -1.1682535751e-11
3  2.5158619941e+07 -8.2758167606e-12
4  1.9578989309e+07  8.9786191063e-13
5  1.5610875552e+07  8.2892780715e-12
6  1.2577694490e+07  3.0227922071e-12
7  9.6521936145e+06  6.7056682632e-12
8  7.6736102121e+06 -1.8052311501e-12
9  5.9602115598e+06  3.5291377882e-12
10  4.6424183860e+06  2.3140209020e-12
11  3.5783857975e+06 -1.5544963950e-12
12  2.8720182248e+06 -5.8729812988e-13
13  2.2655161549e+06  2.0311638816e-12
14  1.7936108557e+06 -1.2310865573e-12
15  1.4578886901e+06 -3.6026225552e-13
16  1.1455588103e+06 -3.3104330215e-13
17  9.0065395328e+05  2.6688978187e-13
18  7.2019705372e+05  1.1142823722e-13
19  5.5978753819e+05  6.9910653273e-14
20  4.5151893224e+05 -4.5783624227e-13
21  3.4635806590e+05 -2.1031242770e-13
22  2.7928261767e+05  1.6991117806e-13
23  2.2700900205e+05  2.9212862635e-14
24  1.7707638091e+05 -3.7890585517e-14
25  1.3937548775e+05  7.2075004966e-14
26  1.1306173785e+05  5.1037175118e-14
27  9.1617889079e+04 -1.0145084389e-14
28  7.7150242910e+04 -5.1564899937e-14
29  6.4738490697e+04  5.3238361726e-14
30  5.9445287857e+04  1.8918161254e-16
31  5.5119808248e+04 -4.8373509649e-15
