0 -2.0076712310e+02  2.2292213106e-16
1  1.7501970061e+04 -5.0044564173e-15
2  1.1547665372e+04 -3.2865894793e-15
3  9.1571486834e+03 -1.0494382463e-15
4  7.2122085801e+03 -4.3035475060e-15
5  5.7244642504e+03  2.4072538718e-16
6  4.5734040981e+03 -1.2400495644e-15
7  3.6663920015e+03 -5.9134641713e-16
8  2.9259179420e+03 -2.1550783991e-16
9  2.3337353572e+03  5.0143069340e-16
10  1.8609681160e+03 -1.0586472414e-15
11  1.4864830479e+03 -1.1887136503e-15
12  1.1856382716e+03  3.8305386856e-16
13  9.4035445816e+02 -2.3352592477e-16
14  7.4641813580e+02  6.7229020905e-16
15  5.9128658809e+02 -3.2801562641e-16
16  4.6972029787e+02  1.7173952995e-16
17  3.7170782466e+02 -5.4681270701e-17
18  2.9630880793e+02 -1.0504606150e-16
19  2.3685593594e+02  2.4682857720e-17
20  1.8886789365e+02 -4.3865506998e-17
21  1.5073852889e+02 -5.2284485098e-17
22  1.2058193007e+02 -5.0668452114e-19
23  9.6409396578e+01  4.4007173258e-17
24  7.7089505031e+01 -4.9811148892e-17
25  6.1461085730e+01  3.3264254388e-17
26  4.8208979941e+01  2.3407808437e-17
27  3.7220090389e+01 -4.6072768979e-18
28  2.8141110568e+01 -2.5383459847e-18
29  2.0043298342e+01 -3.5593383235e-18
30  1.2966825511e+01 -3.4000961294e-18
31  6.3845497461e+00  1.4293680985e-19
