0  9.0376435258e+04  0.0000000000e+00
1  9.3597645735e+04  0.0000000000e+00
2  6.9990240681e+04  0.0000000000e+00
3  5.5446771440e+04  0.0000000000e+00
4  4.3833565204e+04  0.0000000000e+00
5  3.4718283942e+04  0.0000000000e+00
6  2.7639778377e+04  0.0000000000e+00
7  2.2066415787e+04  0.0000000000e+00
8  1.7588713349e+04  0.0000000000e+00
9  1.3946850242e+04  0.0000000000e+00
10  1.1008173074e+04  0.0000000000e+00
11  8.6324877420e+03  0.0000000000e+00
12  6.7185504812e+03  0.0000000000e+00
13  5.2188841009e+03  0.0000000000e+00
14  4.0436077122e+03  0.0000000000e+00
15  3.1315378696e+03  0.0000000000e+00
16  2.4276914010e+03  0.0000000000e+00
17  1.8810448261e+03  0.0000000000e+00
18  1.4576823081e+03  0.0000000000e+00
19  1.1260369256e+03  0.0000000000e+00
20  8.6630068617e+02  0.0000000000e+00
21  6.6472484638e+02  0.0000000000e+00
22  5.1248943998e+02  0.0000000000e+00
23  3.9635230400e+02  0.0000000000e+00
24  3.0797236632e+02  0.0000000000e+00
25  2.4041646112e+02  0.0000000000e+00
26  1.8810254164e+02  0.0000000000e+00
27  1.4861353333e+02  0.0000000000e+00
28  1.1980437488e+02  0.0000000000e+00
29  9.9404849286e+01  0.0000000000e+00
30  8.5635861030e+01  0.0000000000e+00
31  7.7089083350e+01  0.0000000000e+00
