0  9.5285845504e+04  0.0000000000e+00
1  9.8060285244e+04  0.0000000000e+00
2  7.4313059336e+04  0.0000000000e+00
3  5.9593628733e+04  0.0000000000e+00
4  4.7543453101e+04  0.0000000000e+00
5  3.7633012974e+04  0.0000000000e+00
6  2.9550953321e+04  0.0000000000e+00
7  2.3180618673e+04  0.0000000000e+00
8  1.8193541330e+04  0.0000000000e+00
9  1.4273995187e+04  0.0000000000e+00
10  1.1216791467e+04  0.0000000000e+00
11  8.8092620150e+03  0.0000000000e+00
12  6.8963067329e+03  0.0000000000e+00
13  5.3914078677e+03  0.0000000000e+00
14  4.2006941813e+03  0.0000000000e+00
15  3.2579121296e+03  0.0000000000e+00
16  2.5122539004e+03  0.0000000000e+00
17  1.9265164656e+03  0.0000000000e+00
18  1.4722764743e+03  0.0000000000e+00
19  1.1195602309e+03  0.0000000000e+00
20  8.5386253719e+02  0.0000000000e+00
21  6.5801329958e+02  0.0000000000e+00
22  5.1363323108e+02  0.0000000000e+00
23  4.0340626930e+02  0.0000000000e+00
24  3.1826792064e+02  0.0000000000e+00
25  2.5310077891e+02  0.0000000000e+00
26  2.0281671678e+02  0.0000000000e+00
27  1.6470737215e+02  0.0000000000e+00
28  1.3653527358e+02  0.0000000000e+00
29  1.1660468889e+02  0.0000000000e+00
30  1.0363429324e+02  0.0000000000e+00
31  9.7101617747e+01  0.0000000000e+00
