0  9.8840126256e+04  0.0000000000e+00
1  1.0123711188e+05  0.0000000000e+00
2  7.6415275395e+04  0.0000000000e+00
3  6.0304863536e+04  0.0000000000e+00
4  4.7465035195e+04  0.0000000000e+00
5  3.7355887857e+04  0.0000000000e+00
6  2.9248420754e+04  0.0000000000e+00
7  2.2778047984e+04  0.0000000000e+00
8  1.7713218547e+04  0.0000000000e+00
9  1.3810656220e+04  0.0000000000e+00
10  1.0820967803e+04  0.0000000000e+00
11  8.5074637654e+03  0.0000000000e+00
12  6.6934529972e+03  0.0000000000e+00
13  5.2785922419e+03  0.0000000000e+00
14  4.1636925215e+03  0.0000000000e+00
15  3.2842347233e+03  0.0000000000e+00
16  2.5810389931e+03  0.0000000000e+00
17  2.0227266827e+03  0.0000000000e+00
18  1.5834492943e+03  0.0000000000e+00
19  1.2457651816e+03  0.0000000000e+00
20  9.7935600081e+02  0.0000000000e+00
21  7.6646418872e+02  0.0000000000e+00
22  5.9476417922e+02  0.0000000000e+00
23  4.5829109076e+02  0.0000000000e+00
24  3.5390259595e+02  0.0000000000e+00
25  2.7474415373e+02  0.0000000000e+00
26  2.1499076412e+02  0.0000000000e+00
27  1.7084688689e+02  0.0000000000e+00
28  1.3856208022e+02  0.0000000000e+00
29  1.1501469424e+02  0.0000000000e+00
30  9.8803272278e+01  0.0000000000e+00
31  8.9393184454e+01  0.0000000000e+00
