0  1.1152055434e+05  0.0000000000e+00
1  1.1283296144e+05  0.0000000000e+00
2  8.6503534389e+04  0.0000000000e+00
3  6.9030380641e+04  0.0000000000e+00
4  5.4532158705e+04  0.0000000000e+00
5  4.2846410086e+04  0.0000000000e+00
6  3.3707766170e+04  0.0000000000e+00
7  2.6505536287e+04  0.0000000000e+00
8  2.0906231023e+04  0.0000000000e+00
9  1.6493950177e+04  0.0000000000e+00
10  1.2948040445e+04  0.0000000000e+00
11  1.0164364913e+04  0.0000000000e+00
12  7.9941974472e+03  0.0000000000e+00
13  6.2518108886e+03  0.0000000000e+00
14  4.8724868611e+03  0.0000000000e+00
15  3.7878730735e+03  0.0000000000e+00
16  2.9348298404e+03  0.0000000000e+00
17  2.2882213259e+03  0.0000000000e+00
18  1.7890643542e+03  0.0000000000e+00
19  1.3975200813e+03  0.0000000000e+00
20  1.0915574318e+03  0.0000000000e+00
21  8.5365391641e+02  0.0000000000e+00
22  6.6680049790e+02  0.0000000000e+00
23  5.2368672995e+02  0.0000000000e+00
24  4.1235742456e+02  0.0000000000e+00
25  3.2612788321e+02  0.0000000000e+00
26  2.5926753869e+02  0.0000000000e+00
27  2.0785171641e+02  0.0000000000e+00
28  1.6973967249e+02  0.0000000000e+00
29  1.4262833231e+02  0.0000000000e+00
30  1.2438338346e+02  0.0000000000e+00
31  1.1458988522e+02  0.0000000000e+00
