0  9.8957126505e+04  0.0000000000e+00
1  1.0117347401e+05  0.0000000000e+00
2  7.7035217312e+04  0.0000000000e+00
3  6.1665670239e+04  0.0000000000e+00
4  4.9121959850e+04  0.0000000000e+00
5  3.9323937026e+04  0.0000000000e+00
6  3.1505265848e+04  0.0000000000e+00
7  2.5204078815e+04  0.0000000000e+00
8  2.0107495725e+04  0.0000000000e+00
9  1.5972835529e+04  0.0000000000e+00
10  1.2710394093e+04  0.0000000000e+00
11  1.0136998220e+04  0.0000000000e+00
12  8.0823337303e+03  0.0000000000e+00
13  6.4510996752e+03  0.0000000000e+00
14  5.1447275628e+03  0.0000000000e+00
15  4.1121044658e+03  0.0000000000e+00
16  3.3051016843e+03  0.0000000000e+00
17  2.6610631584e+03  0.0000000000e+00
18  2.1436268741e+03  0.0000000000e+00
19  1.7232969038e+03  0.0000000000e+00
20  1.3808828597e+03  0.0000000000e+00
21  1.1032108532e+03  0.0000000000e+00
22  8.8156878537e+02  0.0000000000e+00
23  7.0691711139e+02  0.0000000000e+00
24  5.6897312121e+02  0.0000000000e+00
25  4.6065661670e+02  0.0000000000e+00
26  3.7705636666e+02  0.0000000000e+00
27  3.1539460561e+02  0.0000000000e+00
28  2.6966896805e+02  0.0000000000e+00
29  2.3586505015e+02  0.0000000000e+00
30  2.1243377913e+02  0.0000000000e+00
31  1.9825498849e+02  0.0000000000e+00
