0  4.4482725648e+07  8.4597563088e-12
1  4.8755726754e+07 -2.3001956749e-12
2  2.6564092344e+07 -1.9744737132e-11
3  1.9851918300e+07  6.0987575985e-12
4  1.4954323225e+07  7.2725251001e-12
5  1.1709998270e+07 -6.0841255533e-12
6  9.2945067745e+06 -3.3358991524e-12
7  7.1621671233e+06  1.1297737764e-12
8  5.6865916343e+06  8.9221833204e-13
9  4.4169152528e+06  1.3366326760e-12
10  3.5270241598e+06  3.5799391380e-13
11  2.6706569168e+06  1.1997827760e-12
12  1.9869796620e+06 -1.1722057906e-12
13  1.5703745494e+06  2.0829732341e-13
14  1.2646053369e+06 -5.0925575276e-13
15  9.8327122419e+05  1.0307786581e-13
16  7.7746168376e+05 -1.7304840112e-13
17  5.9945713301e+05 -8.1016005534e-14
18  4.6548322560e+05 -2.5876837496e-13
19  3.6972513358e+05 -2.3997418275e-13
20  2.9553838153e+05  1.4602784743e-13
21  2.2930757388e+05 -5.3402122146e-14
22  1.7373102439e+05  6.4765124574e-14
23  1.3805897878e+05 -9.0378421495e-14
24  1.0791762212e+05 -1.3763417631e-14
25  8.4096934169e+04  4.8380679617e-15
26  6.6930122482e+04  1.7799436666e-15
27  5.2104727110e+04  1.6107199547e-14
28  4.1185107589e+04 -2.2754463620e-14
29  3.5036904622e+04 -9.1399848946e-16
30  3.0153104867e+04 -4.1528022469e-16
31  2.6928263611e+04  5.6084107217e-15
