0 -2.0309678990e+02  3.6622729436e-16
1  1.7144009123e+04  8.1539889248e-15
2  1.1323413112e+04 -3.3527414819e-15
3  9.0808147704e+03  8.6439627564e-16
4  7.1981046604e+03 -1.4029299238e-15
5  5.7412149161e+03 -3.0641531216e-15
6  4.5952682963e+03 -2.6884095180e-16
7  3.6557648328e+03 -2.8711867343e-15
8  2.9098361531e+03  1.0126558405e-15
9  2.3083130538e+03 -6.1484522867e-16
10  1.8289639537e+03  2.1160174748e-16
11  1.4420641872e+03 -2.3764250489e-17
12  1.1327735443e+03 -5.9637146656e-16
13  8.9417117701e+02 -4.9765377349e-16
14  7.0315550462e+02  3.0627970219e-16
15  5.5188780071e+02  3.8069895814e-18
16  4.3231860347e+02 -1.0893055460e-16
17  3.3799077072e+02 -6.1568389716e-17
18  2.6367714436e+02  4.7142253954e-17
19  2.0485713796e+02  1.7195404104e-16
20  1.5970148065e+02 -1.2764742840e-16
21  1.2450577777e+02 -4.2427986207e-17
22  9.7174979294e+01  6.4449678165e-17
23  7.5675767065e+01  4.6084945078e-18
24  5.9004949975e+01 -2.0285909691e-17
25  4.5780138868e+01  6.8941070368e-18
26  3.5114302635e+01  4.8249643654e-18
27  2.6561747991e+01 -1.0286288702e-17
28  1.9757828484e+01  4.9966473559e-18
29  1.3987515628e+01 -1.2878077172e-18
30  8.9635909773e+00  1.4579554605e-18
31  4.5216795336e+00 -1.5150243053e-18
