0 -4.3625809906e+02 -4.2764251934e-15
1  1.6087216000e+04 -3.5697228415e-15
2  1.0429986079e+04  2.0086988239e-15
3  8.1901782120e+03  1.5519485890e-15
4  6.3793011897e+03 -1.0905696368e-15
5  4.9932816382e+03  2.0741592241e-16
6  3.8762324569e+03  2.0629089325e-15
7  3.0124640086e+03 -1.8722342457e-15
8  2.3479186298e+03 -7.0836412467e-17
9  1.8313031500e+03  5.3156929033e-17
10  1.4173615289e+03  5.0889739471e-16
11  1.0982270906e+03 -2.0339378646e-16
12  8.4889908705e+02 -8.1454341038e-17
13  6.5644958342e+02 -1.4903242951e-16
14  5.0555100335e+02 -3.3415635058e-17
15  3.8904368938e+02 -3.7257379460e-17
16  2.9858312047e+02 -7.1654116898e-17
17  2.3013082951e+02  2.4223818802e-18
18  1.7653321099e+02  5.3512788750e-17
19  1.3576542307e+02 -8.0345283742e-17
20  1.0423934803e+02 -7.7938148455e-17
21  7.9945084927e+01  2.1183499917e-17
22  6.0778014551e+01 -2.4468108398e-17
23  4.6477163433e+01  1.2698294429e-17
24  3.5247628029e+01 -3.8878812279e-19
25  2.6511838371e+01  9.7768777937e-19
26  1.9915228273e+01 -2.3210820337e-18
27  1.4687430337e+01 -3.9443809725e-18
28  1.0474547054e+01 -2.4503604373e-18
29  7.1550449451e+00 -1.2851077997e-18
30  4.4265536486e+00 -4.9763185651e-19
31  2.0410481952e+00  6.3924517738e-19
