0  9.7555615338e+04  0.0000000000e+00
1  9.9707789773e+04  0.0000000000e+00
2  7.4739287290e+04  0.0000000000e+00
3  5.8869704628e+04  0.0000000000e+00
4  4.6264348829e+04  0.0000000000e+00
5  3.6448301181e+04  0.0000000000e+00
6  2.8756002695e+04  0.0000000000e+00
7  2.2742492377e+04  0.0000000000e+00
8  1.7991729721e+04  0.0000000000e+00
9  1.4230321270e+04  0.0000000000e+00
10  1.1283552262e+04  0.0000000000e+00
11  8.9886836580e+03  0.0000000000e+00
12  7.1971972326e+03  0.0000000000e+00
13  5.7577039152e+03  0.0000000000e+00
14  4.6224599350e+03  0.0000000000e+00
15  3.7412179161e+03  0.0000000000e+00
16  3.0447471887e+03  0.0000000000e+00
17  2.4937941293e+03  0.0000000000e+00
18  2.0574261902e+03  0.0000000000e+00
19  1.7007618817e+03  0.0000000000e+00
20  1.4034233972e+03  0.0000000000e+00
21  1.1554709089e+03  0.0000000000e+00
22  9.5047706381e+02  0.0000000000e+00
23  7.8052517692e+02  0.0000000000e+00
24  6.4374910325e+02  0.0000000000e+00
25  5.3579806669e+02  0.0000000000e+00
26  4.4898886740e+02  0.0000000000e+00
27  3.8084293360e+02  0.0000000000e+00
28  3.2961191395e+02  0.0000000000e+00
29  2.9173532286e+02  0.0000000000e+00
30  2.6657118656e+02  0.0000000000e+00
31  2.5216823322e+02  0.0000000000e+00
