0  9.8991811323e+04  0.0000000000e+00
1  1.0165537142e+05  0.0000000000e+00
2  7.7040899910e+04  0.0000000000e+00
3  6.1275114208e+04  0.0000000000e+00
4  4.8521395381e+04  0.0000000000e+00
5  3.8473494284e+04  0.0000000000e+00
6  3.0449414318e+04  0.0000000000e+00
7  2.4145570270e+04  0.0000000000e+00
8  1.9126381901e+04  0.0000000000e+00
9  1.5076288551e+04  0.0000000000e+00
10  1.1950767867e+04  0.0000000000e+00
11  9.5461701545e+03  0.0000000000e+00
12  7.6487794036e+03  0.0000000000e+00
13  6.1382660859e+03  0.0000000000e+00
14  4.9042653109e+03  0.0000000000e+00
15  3.9170084813e+03  0.0000000000e+00
16  3.1495277365e+03  0.0000000000e+00
17  2.5384125368e+03  0.0000000000e+00
18  2.0334190277e+03  0.0000000000e+00
19  1.6240040039e+03  0.0000000000e+00
20  1.2969916818e+03  0.0000000000e+00
21  1.0451464216e+03  0.0000000000e+00
22  8.5063508098e+02  0.0000000000e+00
23  6.9583312543e+02  0.0000000000e+00
24  5.7250713668e+02  0.0000000000e+00
25  4.7382681690e+02  0.0000000000e+00
26  3.9202180137e+02  0.0000000000e+00
27  3.2725177609e+02  0.0000000000e+00
28  2.7836282564e+02  0.0000000000e+00
29  2.4347241743e+02  0.0000000000e+00
30  2.2052079428e+02  0.0000000000e+00
31  2.0784072960e+02  0.0000000000e+00
