0  1.0568743843e+05  0.0000000000e+00
1  1.0768371788e+05  0.0000000000e+00
2  8.2155188366e+04  0.0000000000e+00
3  6.5220026998e+04  0.0000000000e+00
4  5.1407403535e+04  0.0000000000e+00
5  4.0611141240e+04  0.0000000000e+00
6  3.2026110779e+04  0.0000000000e+00
7  2.5246883011e+04  0.0000000000e+00
8  1.9888814545e+04  0.0000000000e+00
9  1.5582840560e+04  0.0000000000e+00
10  1.2185245270e+04  0.0000000000e+00
11  9.5296364478e+03  0.0000000000e+00
12  7.4561148228e+03  0.0000000000e+00
13  5.8432507130e+03  0.0000000000e+00
14  4.5949717797e+03  0.0000000000e+00
15  3.6327420878e+03  0.0000000000e+00
16  2.8745303573e+03  0.0000000000e+00
17  2.2752441406e+03  0.0000000000e+00
18  1.8007059725e+03  0.0000000000e+00
19  1.4259145449e+03  0.0000000000e+00
20  1.1305828969e+03  0.0000000000e+00
21  8.9810504541e+02  0.0000000000e+00
22  7.1466869897e+02  0.0000000000e+00
23  5.7099201723e+02  0.0000000000e+00
24  4.5728003940e+02  0.0000000000e+00
25  3.6600892419e+02  0.0000000000e+00
26  2.9474380677e+02  0.0000000000e+00
27  2.3982161554e+02  0.0000000000e+00
28  1.9784091119e+02  0.0000000000e+00
29  1.6728889670e+02  0.0000000000e+00
30  1.4651345746e+02  0.0000000000e+00
31  1.3368377853e+02  0.0000000000e+00
