0  2.4733271627e+02  2.6908798896e-15
1  1.8222695354e+04 -1.9129332788e-15
2  1.1968617421e+04 -5.1178365948e-17
3  9.4450697291e+03  3.4083326778e-15
4  7.3852110534e+03  1.6512289237e-15
5  5.8047444360e+03 -4.2514678970e-15
6  4.5304978537e+03  3.7781639914e-16
7  3.5368577797e+03  1.2165709758e-15
8  2.7622515625e+03  1.0663742465e-16
9  2.1525523636e+03 -7.2226075896e-17
10  1.6731934639e+03  5.9011165485e-16
11  1.2986292519e+03  1.2236788527e-16
12  1.0045903937e+03  4.8969568719e-16
13  7.8007233529e+02 -2.3740798264e-16
14  6.0395060892e+02  3.2026008686e-16
15  4.6618750365e+02  7.8354544558e-17
16  3.6233664000e+02 -3.7069549904e-17
17  2.8494315541e+02 -2.1581764221e-16
18  2.2411370915e+02 -1.8991431590e-17
19  1.7597011416e+02 -1.3550123700e-16
20  1.3806764083e+02  2.6710442838e-17
21  1.0827129159e+02 -2.4983236779e-18
22  8.4706038817e+01 -1.9463758337e-17
23  6.6176969551e+01 -3.7149488638e-17
24  5.1715438894e+01  1.5626593207e-17
25  4.0132263090e+01 -2.5939854614e-18
26  3.0825438261e+01  1.6312795773e-18
27  2.3306427891e+01  6.1180130989e-18
28  1.7042454808e+01  1.3155480462e-18
29  1.1823683136e+01  2.5694744455e-18
30  7.2044887369e+00 -1.0603793708e-19
31  3.1194768041e+00  4.3601020960e-19
