0  5.5906773869e+07 -7.8849079566e-12
1  5.5984805690e+07  6.6210116312e-11
2  3.3942517682e+07  3.2699107226e-13
3  2.6419605116e+07 -8.4364889503e-12
4  1.9792997177e+07  6.6755678215e-12
5  1.5487590994e+07 -2.4081983082e-12
6  1.2096220826e+07 -2.7069086017e-12
7  9.4753018732e+06  2.2555883262e-12
8  7.6422014664e+06 -1.9816812053e-12
9  5.9901086532e+06  1.3952610078e-12
10  4.7982903061e+06 -1.0356327919e-13
11  3.8279428345e+06 -1.5456430338e-12
12  3.0304185293e+06  8.6538429583e-14
13  2.4059672533e+06  9.4337707445e-13
14  1.9399351195e+06 -1.4064941276e-12
15  1.5062269053e+06  7.8775278260e-13
16  1.2001686397e+06  5.9763248966e-13
17  9.4535024503e+05  3.2037835462e-13
18  7.7226827320e+05  4.6233035129e-13
19  6.0930036483e+05  1.4685064938e-13
20  4.8778819064e+05 -1.0896585818e-13
21  3.8259031287e+05 -3.7090119420e-14
22  2.9965178851e+05 -1.7715418306e-13
23  2.4180667542e+05  1.9850282794e-14
24  1.9968329084e+05 -5.2507157233e-14
25  1.6511416300e+05  2.5990991561e-14
26  1.3490824495e+05 -1.0085669201e-13
27  1.1110892432e+05  8.3305108047e-14
28  9.2178041342e+04 -3.2480558763e-14
29  7.9795489624e+04  1.6066044719e-14
30  7.1508398939e+04  2.3582968513e-14
31  6.6415093630e+04 -4.2826884975e-14
