0  4.8985860659e+07  3.5418802900e-12
1  4.5866516485e+07  2.2684264653e-12
2  2.8211167734e+07 -1.4646620919e-12
3  2.1913908499e+07  1.6965606896e-12
4  1.7485948210e+07 -4.7310379553e-12
5  1.3438302385e+07 -7.7269715132e-13
6  1.0332562540e+07  1.5540832666e-12
7  8.0910588961e+06 -4.6645524384e-12
8  6.3578622522e+06  9.1640796524e-13
9  4.9118337068e+06 -9.1361584891e-13
10  3.8190955554e+06  1.9752812528e-13
11  2.9519729584e+06 -1.1472323119e-14
12  2.2740117642e+06 -1.1992043540e-12
13  1.7728254672e+06 -4.6661107319e-13
14  1.3446478414e+06  2.0553041900e-13
15  1.0707088247e+06  1.6149973965e-13
16  8.5613873029e+05 -7.4193443969e-14
17  6.3613394410e+05  6.5459176520e-13
18  4.9681701193e+05  8.5868714232e-14
19  3.8684220956e+05  5.8401273344e-14
20  2.9716021265e+05 -8.5491515133e-14
21  2.3286617181e+05  1.0707326659e-13
22  1.8055946701e+05  4.5655359821e-14
23  1.4258157979e+05  1.2167083960e-13
24  1.1424609698e+05  6.8111176669e-15
25  8.7540219105e+04  3.1398366949e-14
26  6.8065825687e+04 -1.6366661880e-14
27  5.4117798310e+04  1.4641946496e-14
28  4.4060991710e+04  1.5894473762e-14
29  3.6945737442e+04 -2.7077625627e-14
30  3.1986800533e+04 -3.1000664716e-16
31  2.8845613366e+04  6.2209093877e-15
