0  3.3974038823e+02 -2.4509695599e-15
1  1.7989349751e+04 -1.3262333668e-15
2  1.1816572878e+04 -4.7331682285e-16
3  9.2877993127e+03  4.1058482162e-15
4  7.2397164154e+03 -5.8919400053e-16
5  5.6658121278e+03 -2.1819308259e-15
6  4.4008400538e+03  3.2052008892e-15
7  3.4285616277e+03 -6.5908999466e-16
8  2.6607054576e+03  2.0378871557e-16
9  2.0746157300e+03 -7.3650520615e-16
10  1.6204356977e+03 -1.9130173469e-15
11  1.2614520456e+03 -5.2575004164e-16
12  9.7905280717e+02  6.1466396361e-16
13  7.6233648364e+02  3.0857569087e-16
14  5.9140819569e+02 -2.6486466151e-16
15  4.5691787668e+02 -7.1237800205e-17
16  3.5048716758e+02 -1.6376429123e-17
17  2.6938968182e+02 -4.5428229846e-17
18  2.0711576527e+02  1.4684771979e-17
19  1.5918644546e+02 -1.2882333512e-16
20  1.2252597692e+02 -2.8283277142e-17
21  9.3839195710e+01 -3.5895085783e-17
22  7.2171344892e+01  2.1031616322e-17
23  5.5443860397e+01  1.3879534813e-17
24  4.2482640689e+01 -2.2799479962e-18
25  3.2385351012e+01  1.1849143899e-17
26  2.4558883848e+01  4.7338553840e-19
27  1.8400999871e+01 -4.5094975321e-18
28  1.3423581201e+01  3.8489177123e-18
29  9.2210066282e+00  2.6562423830e-19
30  5.6731787308e+00  8.2024553030e-19
31  2.4637724972e+00  8.5709146350e-19
