0  1.0400291216e+05  0.0000000000e+00
1  1.0653108701e+05  0.0000000000e+00
2  8.1443461521e+04  0.0000000000e+00
3  6.4835499559e+04  0.0000000000e+00
4  5.1062754713e+04  0.0000000000e+00
5  3.9879191653e+04  0.0000000000e+00
6  3.0948339149e+04  0.0000000000e+00
7  2.3993417751e+04  0.0000000000e+00
8  1.8554640379e+04  0.0000000000e+00
9  1.4314841524e+04  0.0000000000e+00
10  1.1039413141e+04  0.0000000000e+00
11  8.5250502375e+03  0.0000000000e+00
12  6.6056354107e+03  0.0000000000e+00
13  5.1236127115e+03  0.0000000000e+00
14  3.9747112483e+03  0.0000000000e+00
15  3.0636062680e+03  0.0000000000e+00
16  2.3598554035e+03  0.0000000000e+00
17  1.8242999874e+03  0.0000000000e+00
18  1.4207853796e+03  0.0000000000e+00
19  1.1102596539e+03  0.0000000000e+00
20  8.6550885438e+02  0.0000000000e+00
21  6.7301078105e+02  0.0000000000e+00
22  5.2402916198e+02  0.0000000000e+00
23  4.0692217928e+02  0.0000000000e+00
24  3.1726743502e+02  0.0000000000e+00
25  2.4951253265e+02  0.0000000000e+00
26  1.9710097270e+02  0.0000000000e+00
27  1.5627450802e+02  0.0000000000e+00
28  1.2580614124e+02  0.0000000000e+00
29  1.0431027564e+02  0.0000000000e+00
30  8.9877955572e+01  0.0000000000e+00
31  8.2143380096e+01  0.0000000000e+00
