0  4.5020488313e+07 -9.3645054399e-12
1  4.8421855179e+07  1.0391452486e-11
2  2.8666549398e+07 -1.7292629950e-11
3  2.0834306488e+07  1.2646223832e-11
4  1.6532936660e+07 -6.7295897551e-12
5  1.2676521208e+07  8.0850314057e-12
6  9.7356394107e+06 -4.9505938386e-12
7  7.4251306190e+06  2.8835734695e-12
8  5.8924389951e+06 -5.0312049762e-12
9  4.5319002088e+06  1.2127013784e-12
10  3.6267952563e+06  3.5529005524e-13
11  2.8592047488e+06  1.9513886344e-12
12  2.3148510980e+06 -9.6943367035e-13
13  1.8307619228e+06 -7.5124851720e-13
14  1.4406307311e+06 -6.4433662367e-14
15  1.1344606767e+06 -1.8779312407e-13
16  8.7581840230e+05  4.2691099726e-13
17  6.8986864430e+05 -5.7101765742e-13
18  5.4065449456e+05 -5.6134760033e-14
19  4.2560519061e+05 -9.9834109923e-14
20  3.2070907385e+05  7.1712449020e-14
21  2.4776306818e+05  3.8692535397e-13
22  1.9331290016e+05 -3.5783595141e-14
23  1.5093329817e+05 -8.7081766418e-15
24  1.1553201957e+05 -4.7402364326e-14
25  8.8415680019e+04  5.4060795585e-14
26  6.9621994369e+04  3.0629785073e-14
27  5.5232477145e+04  9.2782448832e-16
28  4.3703189119e+04 -2.2037213374e-14
29  3.7351797146e+04  2.6655052525e-14
30  3.2495139067e+04 -4.2875130020e-15
31  2.9691127719e+04  2.3229554380e-14
