0  9.9959133854e+04  0.0000000000e+00
1  1.0195312996e+05  0.0000000000e+00
2  7.6779473625e+04  0.0000000000e+00
3  6.0679871976e+04  0.0000000000e+00
4  4.7912385035e+04  0.0000000000e+00
5  3.7881874784e+04  0.0000000000e+00
6  2.9888452363e+04  0.0000000000e+00
7  2.3568365261e+04  0.0000000000e+00
8  1.8615520240e+04  0.0000000000e+00
9  1.4713152760e+04  0.0000000000e+00
10  1.1639187538e+04  0.0000000000e+00
11  9.2491368991e+03  0.0000000000e+00
12  7.3863465768e+03  0.0000000000e+00
13  5.9320528614e+03  0.0000000000e+00
14  4.7945342231e+03  0.0000000000e+00
15  3.8744317341e+03  0.0000000000e+00
16  3.1187139079e+03  0.0000000000e+00
17  2.4953264712e+03  0.0000000000e+00
18  1.9921944428e+03  0.0000000000e+00
19  1.5915209230e+03  0.0000000000e+00
20  1.2715786156e+03  0.0000000000e+00
21  1.0201708661e+03  0.0000000000e+00
22  8.1975315474e+02  0.0000000000e+00
23  6.6155463310e+02  0.0000000000e+00
24  5.3619145399e+02  0.0000000000e+00
25  4.3638950434e+02  0.0000000000e+00
26  3.5631937125e+02  0.0000000000e+00
27  2.9263742106e+02  0.0000000000e+00
28  2.4473590938e+02  0.0000000000e+00
29  2.1022611665e+02  0.0000000000e+00
30  1.8723190354e+02  0.0000000000e+00
31  1.7411870953e+02  0.0000000000e+00
