0  9.9509481803e+04  0.0000000000e+00
1  1.0061046504e+05  0.0000000000e+00
2  7.4763354495e+04  0.0000000000e+00
3  5.8153136444e+04  0.0000000000e+00
4  4.5131034869e+04  0.0000000000e+00
5  3.5061235104e+04  0.0000000000e+00
6  2.7250808952e+04  0.0000000000e+00
7  2.1297665676e+04  0.0000000000e+00
8  1.6684890313e+04  0.0000000000e+00
9  1.3079726184e+04  0.0000000000e+00
10  1.0242850375e+04  0.0000000000e+00
11  7.9983674638e+03  0.0000000000e+00
12  6.2458555996e+03  0.0000000000e+00
13  4.8769606636e+03  0.0000000000e+00
14  3.8031153811e+03  0.0000000000e+00
15  2.9752699099e+03  0.0000000000e+00
16  2.3305322082e+03  0.0000000000e+00
17  1.8206782738e+03  0.0000000000e+00
18  1.4205524901e+03  0.0000000000e+00
19  1.1069097433e+03  0.0000000000e+00
20  8.6690646415e+02  0.0000000000e+00
21  6.8317454363e+02  0.0000000000e+00
22  5.4131820325e+02  0.0000000000e+00
23  4.3284882540e+02  0.0000000000e+00
24  3.4860626956e+02  0.0000000000e+00
25  2.8090763256e+02  0.0000000000e+00
26  2.2680024079e+02  0.0000000000e+00
27  1.8439208111e+02  0.0000000000e+00
28  1.5195540220e+02  0.0000000000e+00
29  1.2806717574e+02  0.0000000000e+00
30  1.1234013488e+02  0.0000000000e+00
31  1.0397883141e+02  0.0000000000e+00
