0  5.0477035285e+07  1.4423744936e-11
1  5.4083468453e+07 -3.0657163729e-12
2  3.3295435443e+07  7.6730112781e-12
3  2.5272601262e+07 -3.6811820806e-12
4  1.9695964345e+07  1.1118266803e-11
5  1.5142326859e+07  3.1333274413e-12
6  1.2318072799e+07 -1.1807009743e-11
7  9.8607647240e+06 -1.6726318636e-12
8  7.9311506420e+06  7.9134434211e-13
9  6.3739009729e+06 -2.2070790228e-12
10  5.1676843751e+06  2.0409486202e-12
11  4.0103630692e+06 -6.7916849403e-12
12  3.2010392562e+06 -2.4535974118e-12
13  2.5008547909e+06  1.8101009651e-13
14  1.9501356530e+06  9.4536229975e-13
15  1.5115592341e+06  5.5490173645e-13
16  1.1744501021e+06  5.7191035398e-13
17  9.1028021937e+05 -1.1214262081e-13
18  6.9681446848e+05  1.9020428414e-13
19  5.2939223627e+05 -1.4032619796e-13
20  4.1662239690e+05 -7.2362159303e-14
21  3.2988428923e+05  5.7122636972e-15
22  2.5641970010e+05 -3.7710138431e-14
23  2.0132062460e+05  3.4383529708e-14
24  1.5741401664e+05 -1.3935801582e-13
25  1.2508410679e+05 -8.8813944381e-14
26  1.0165095581e+05 -6.2002871291e-14
27  8.3422836767e+04  3.8823953601e-14
28  6.9095212328e+04  6.4987934723e-15
29  5.8275642022e+04  1.0733734002e-14
30  5.1333772904e+04  5.3649001111e-15
31  4.6904518531e+04 -2.1118144999e-14
