0  4.8217371543e+07  1.2849856020e-11
1  4.8938165211e+07 -4.3534684547e-12
2  2.9770786891e+07 -1.5098193991e-11
3  2.2407862800e+07  2.6036222150e-13
4  1.7814013040e+07 -1.0126807605e-11
5  1.3824750386e+07 -2.1194779039e-12
6  1.0802448287e+07 -9.6070584073e-12
7  8.3415792046e+06  1.7096103500e-12
8  6.5260415828e+06  3.6986555451e-12
9  5.1440298699e+06 -1.6598705640e-12
10  4.1351707106e+06  6.9405128367e-13
11  3.3056502052e+06  1.7677968480e-13
12  2.5837708485e+06 -1.6937535294e-12
13  2.0051162693e+06 -2.0367271170e-13
14  1.5763166162e+06  4.9328670219e-14
15  1.2075048944e+06  8.6869801353e-16
16  9.2615763011e+05 -6.2104568531e-13
17  7.3288349355e+05  1.3023857181e-13
18  5.8900435344e+05  5.8024487645e-14
19  4.6965974606e+05  2.4010172291e-13
20  3.9009012225e+05 -7.4382397716e-14
21  3.1275751251e+05 -1.8149613993e-13
22  2.5167867088e+05  5.3423170071e-14
23  1.9537185459e+05  1.0672131771e-14
24  1.5960225343e+05 -2.3812631089e-14
25  1.3025281615e+05  4.7876810164e-14
26  1.0628960491e+05 -3.8905973745e-14
27  8.6598291369e+04  4.1789071290e-14
28  7.2601261371e+04  7.4753409443e-14
29  6.2635052499e+04 -6.0917870348e-15
30  5.4134355803e+04 -4.6689379236e-15
31  5.0713799776e+04  3.6236353044e-14
