0 -3.7307980818e+01 -1.5939628526e-15
1  1.9876552685e+04 -5.2233938407e-16
2  1.3117224294e+04 -1.6919780642e-15
3  1.0420654597e+04 -8.0365702530e-16
4  8.1936477497e+03  2.3070492389e-15
5  6.4361670193e+03 -2.1594522655e-17
6  5.0436376636e+03  1.4602583313e-15
7  3.9644334383e+03  2.2108915176e-16
8  3.1038263087e+03  1.0980585727e-16
9  2.4478126337e+03  1.4590497476e-15
10  1.9243031950e+03 -1.1982608234e-15
11  1.5036289818e+03  8.0563992943e-16
12  1.1721777505e+03  1.2549618971e-16
13  9.1608640294e+02  2.8576284367e-16
14  7.1753442898e+02  1.7228597208e-16
15  5.6219090687e+02  4.2401728186e-16
16  4.4154061501e+02 -2.8605043783e-17
17  3.4466994360e+02 -2.3321569895e-16
18  2.6954251973e+02 -3.1094844192e-16
19  2.1139093417e+02 -1.5347898191e-16
20  1.6440499346e+02 -7.2987982032e-17
21  1.2849131310e+02 -3.0270469376e-17
22  1.0016771085e+02 -2.9588449034e-18
23  7.8044117461e+01 -4.8209938984e-18
24  6.0556580902e+01  2.0982911928e-17
25  4.6764882688e+01  1.3463853394e-17
26  3.5591410783e+01 -1.0932495432e-17
27  2.6757944215e+01  5.5147138822e-19
28  1.9491279018e+01  1.5593876559e-18
29  1.3541961352e+01  9.7186442786e-19
30  8.6449178555e+00 -1.4032159562e-18
31  4.2592332829e+00 -1.0316861298e-18
