0  9.9257563966e+04  0.0000000000e+00
1  1.0192442725e+05  0.0000000000e+00
2  7.7103005524e+04  0.0000000000e+00
3  6.1183924981e+04  0.0000000000e+00
4  4.8474571838e+04  0.0000000000e+00
5  3.8392003617e+04  0.0000000000e+00
6  3.0248347673e+04  0.0000000000e+00
7  2.3833847439e+04  0.0000000000e+00
8  1.8745555149e+04  0.0000000000e+00
9  1.4667488212e+04  0.0000000000e+00
10  1.1466017270e+04  0.0000000000e+00
11  8.9402075106e+03  0.0000000000e+00
12  6.9253389953e+03  0.0000000000e+00
13  5.3545846550e+03  0.0000000000e+00
14  4.1248018340e+03  0.0000000000e+00
15  3.1651152424e+03  0.0000000000e+00
16  2.4371024279e+03  0.0000000000e+00
17  1.8896187539e+03  0.0000000000e+00
18  1.4732116807e+03  0.0000000000e+00
19  1.1563300464e+03  0.0000000000e+00
20  9.0573719857e+02  0.0000000000e+00
21  7.1015156025e+02  0.0000000000e+00
22  5.5958967603e+02  0.0000000000e+00
23  4.4105055793e+02  0.0000000000e+00
24  3.4989413448e+02  0.0000000000e+00
25  2.8028881763e+02  0.0000000000e+00
26  2.2656879730e+02  0.0000000000e+00
27  1.8596063557e+02  0.0000000000e+00
28  1.5499715961e+02  0.0000000000e+00
29  1.3222457723e+02  0.0000000000e+00
30  1.1644174824e+02  0.0000000000e+00
31  1.0687625988e+02  0.0000000000e+00
