0 -6.9546093287e+01 -1.9040254569e-15
1  1.8449350150e+04 -2.2608529090e-15
2  1.2144081779e+04 -2.8739434030e-15
3  9.6272014843e+03 -4.1558574649e-15
4  7.5025042140e+03  1.8271610285e-15
5  5.9001482133e+03 -1.0924567203e-15
6  4.6318765053e+03  7.2092133517e-16
7  3.6281579124e+03  1.0036535744e-16
8  2.8548166986e+03  1.1654622783e-15
9  2.2423733096e+03 -3.3760298058e-16
10  1.7639473768e+03  5.8858837197e-16
11  1.3843392433e+03 -3.3780520969e-17
12  1.0857620392e+03 -1.2881274721e-16
13  8.5200783340e+02  7.7237588680e-16
14  6.6939025761e+02 -2.7184304832e-16
15  5.2139257069e+02 -9.7425306077e-17
16  4.0851038356e+02 -8.0167062716e-17
17  3.2027100694e+02 -8.5125540650e-17
18  2.5114885413e+02 -9.4311083567e-17
19  1.9630652537e+02  2.9617777550e-17
20  1.5374801568e+02 -4.4147516030e-17
21  1.2058736159e+02 -2.1436498071e-17
22  9.4654432525e+01  2.8458930599e-17
23  7.4226097203e+01  1.4026230332e-17
24  5.8027479854e+01 -1.4200719119e-17
25  4.5196924055e+01 -1.9198531145e-18
26  3.4841341057e+01 -2.4998059856e-19
27  2.6450656365e+01  1.4823076577e-21
28  1.9567116452e+01 -1.7702988598e-19
29  1.3721682685e+01 -1.7626755632e-18
30  8.5563174300e+00 -2.0117032497e-20
31  3.7908315207e+00  8.4491536489e-19
