0  5.0187426703e+07 -8.9195223023e-12
1  5.2212576486e+07  1.3199144808e-11
2  3.1581135138e+07  1.1021249571e-12
3  2.3373796606e+07  1.2903534568e-12
4  1.7624973309e+07 -1.2066095397e-11
5  1.3812384734e+07 -4.8843898438e-12
6  1.0786879808e+07 -2.5963018766e-12
7  8.5404008932e+06 -4.7613690086e-12
8  6.6433102004e+06  1.7834370065e-12
9  5.2589084444e+06  1.2256955443e-12
10  4.1026397437e+06  1.3634707938e-12
11  3.2664851231e+06 -2.0885947891e-12
12  2.5847629222e+06 -1.7976416593e-12
13  2.0192196712e+06 -2.4520910066e-13
14  1.5881979356e+06 -4.5995986653e-13
15  1.2511874168e+06 -6.2317595360e-13
16  9.5389204076e+05  2.0068609325e-13
17  7.4227377577e+05  1.0529981004e-14
18  5.6784602745e+05 -3.6182486943e-13
19  4.4533555536e+05 -5.8369388948e-14
20  3.4876321369e+05 -2.0975493516e-13
21  2.6789627728e+05 -5.7368831692e-14
22  2.1075748442e+05 -7.1041553339e-14
23  1.6315907399e+05 -3.3942757703e-14
24  1.2998244119e+05  2.9107745373e-14
25  9.9521025256e+04  9.3814349367e-15
26  7.6949693176e+04  1.1764679054e-14
27  5.7475592167e+04  1.8704831505e-14
28  4.5381154300e+04 -1.4409924130e-14
29  3.5197796288e+04 -2.7200938458e-14
30  3.0195151609e+04 -7.5999119888e-15
31  2.6396158707e+04 -1.0335282709e-15
