0  9.6324281028e+04  0.0000000000e+00
1  9.8262582407e+04  0.0000000000e+00
2  7.2878051381e+04  0.0000000000e+00
3  5.6461418569e+04  0.0000000000e+00
4  4.3320569640e+04  0.0000000000e+00
5  3.2979906248e+04  0.0000000000e+00
6  2.4937775499e+04  0.0000000000e+00
7  1.8859947232e+04  0.0000000000e+00
8  1.4337391598e+04  0.0000000000e+00
9  1.0967629822e+04  0.0000000000e+00
10  8.4035690985e+03  0.0000000000e+00
11  6.4325884680e+03  0.0000000000e+00
12  4.9489624210e+03  0.0000000000e+00
13  3.8113304796e+03  0.0000000000e+00
14  2.9208450580e+03  0.0000000000e+00
15  2.2309242066e+03  0.0000000000e+00
16  1.6943657634e+03  0.0000000000e+00
17  1.2944636343e+03  0.0000000000e+00
18  9.9083128712e+02  0.0000000000e+00
19  7.5665184401e+02  0.0000000000e+00
20  5.7529222301e+02  0.0000000000e+00
21  4.3440323443e+02  0.0000000000e+00
22  3.2776251641e+02  0.0000000000e+00
23  2.4686276167e+02  0.0000000000e+00
24  1.8620712189e+02  0.0000000000e+00
25  1.4086851847e+02  0.0000000000e+00
26  1.0671293469e+02  0.0000000000e+00
27  8.1748767788e+01  0.0000000000e+00
28  6.3787779212e+01  0.0000000000e+00
29  5.1373381777e+01  0.0000000000e+00
30  4.2983343412e+01  0.0000000000e+00
31  3.7918361966e+01  0.0000000000e+00
