0  9.6785201757e+01  1.0796125245e-15
1  1.8093009294e+04  4.0029104197e-16
2  1.1977438522e+04 -2.2136380219e-15
3  9.5347476680e+03 -2.6398173554e-16
4  7.4252240200e+03  2.8460124916e-15
5  5.8343234982e+03 -1.2726140637e-15
6  4.5828877997e+03 -1.5791831335e-15
7  3.5967116671e+03  1.1376474633e-15
8  2.8255667560e+03  3.1437119618e-16
9  2.2202947783e+03  6.0780119680e-16
10  1.7431774031e+03  4.0337148904e-16
11  1.3670315576e+03  8.4838624121e-16
12  1.0723833786e+03  3.4233429486e-16
13  8.4253335144e+02  8.6486802005e-16
14  6.6093922948e+02  1.5305895945e-16
15  5.1887287902e+02 -1.1758532550e-16
16  4.0775751323e+02 -1.0248378684e-16
17  3.1993976701e+02 -8.4007960085e-17
18  2.5045769576e+02  8.4610716671e-17
19  1.9614921429e+02  2.3694179688e-16
20  1.5340941407e+02  4.5630723660e-17
21  1.2000571918e+02 -8.0615169615e-17
22  9.3889528025e+01  2.8710128808e-17
23  7.2665625435e+01 -4.7814480477e-17
24  5.5976831905e+01  1.4665634328e-17
25  4.3152140505e+01  4.3566398488e-17
26  3.3098439121e+01  1.4347785214e-17
27  2.4932478855e+01  1.4170543570e-17
28  1.8350630950e+01 -4.4850394557e-19
29  1.2960483427e+01 -2.8296194394e-19
30  8.2056700419e+00  2.5416282374e-18
31  4.0877366668e+00  4.3278089649e-19
