0  1.0084689374e+05  0.0000000000e+00
1  1.0331698773e+05  0.0000000000e+00
2  7.8487852067e+04  0.0000000000e+00
3  6.2735573162e+04  0.0000000000e+00
4  5.0149059483e+04  0.0000000000e+00
5  4.0098997461e+04  0.0000000000e+00
6  3.2083227898e+04  0.0000000000e+00
7  2.5615283602e+04  0.0000000000e+00
8  2.0406930397e+04  0.0000000000e+00
9  1.6263255571e+04  0.0000000000e+00
10  1.3018446668e+04  0.0000000000e+00
11  1.0506712610e+04  0.0000000000e+00
12  8.5442044504e+03  0.0000000000e+00
13  6.9443771187e+03  0.0000000000e+00
14  5.6399352557e+03  0.0000000000e+00
15  4.5770704102e+03  0.0000000000e+00
16  3.7107679137e+03  0.0000000000e+00
17  2.9975938257e+03  0.0000000000e+00
18  2.4160058480e+03  0.0000000000e+00
19  1.9460943942e+03  0.0000000000e+00
20  1.5675773563e+03  0.0000000000e+00
21  1.2603194543e+03  0.0000000000e+00
22  1.0081783276e+03  0.0000000000e+00
23  8.0665799776e+02  0.0000000000e+00
24  6.5058724401e+02  0.0000000000e+00
25  5.3043489778e+02  0.0000000000e+00
26  4.3786532157e+02  0.0000000000e+00
27  3.6669915593e+02  0.0000000000e+00
28  3.1161060617e+02  0.0000000000e+00
29  2.7027678385e+02  0.0000000000e+00
30  2.4272627697e+02  0.0000000000e+00
31  2.2674403939e+02  0.0000000000e+00
