0 -1.9717971018e+02 -6.7127318718e-16
1  1.7519738383e+04 -1.9031788474e-15
2  1.1506430217e+04  1.1569326565e-16
3  9.1730593127e+03 -9.4845159016e-16
4  7.2056207615e+03  1.4789919472e-15
5  5.7153098195e+03  3.2001011420e-15
6  4.5269337460e+03  3.6572278036e-15
7  3.5922305172e+03 -1.9917837877e-15
8  2.8307355327e+03  3.9647833492e-16
9  2.2213472998e+03  7.3618619237e-16
10  1.7382491702e+03 -1.2156220871e-15
11  1.3673342028e+03 -4.1090751470e-16
12  1.0764296173e+03 -1.1619860551e-15
13  8.4081385933e+02  2.8304071801e-16
14  6.5921086492e+02  3.3511572127e-16
15  5.1607183586e+02  1.6742516763e-16
16  4.0482045589e+02  1.9775762923e-16
17  3.1910664864e+02  4.4963420516e-17
18  2.5124583804e+02 -5.9066148511e-17
19  1.9814440989e+02 -1.6926894660e-18
20  1.5568714577e+02  8.9260543740e-17
21  1.2241743476e+02  1.3412343203e-17
22  9.6853169486e+01  9.2402718337e-17
23  7.6285937661e+01 -1.3639877429e-17
24  6.0440278320e+01 -1.3111117111e-17
25  4.7429883333e+01 -1.3509751992e-17
26  3.7017337277e+01  8.0829707179e-18
27  2.8503041142e+01 -1.0387059153e-17
28  2.1368005788e+01  3.7195334296e-19
29  1.5095718561e+01  5.5530421231e-18
30  9.5671540556e+00 -4.1221123076e-18
31  4.3610811543e+00  6.0351097492e-19
