0 -4.1277215430e+02 -6.1609574576e-15
1  1.8608556924e+04 -2.0827724904e-15
2  1.2016542595e+04 -4.0763312356e-15
3  9.3573634846e+03  5.6196517353e-16
4  7.1582838063e+03  1.3282593638e-15
5  5.4865054837e+03  1.3893913727e-15
6  4.2091078141e+03 -1.9865753821e-15
7  3.2431095191e+03 -7.9814559367e-16
8  2.4869214499e+03 -5.9180709717e-16
9  1.9145834386e+03  1.1861816571e-15
10  1.4746279295e+03  2.3992727039e-16
11  1.1371039661e+03 -2.7582124444e-16
12  8.7760780728e+02 -2.0267973768e-16
13  6.8075921097e+02  4.9624057843e-16
14  5.2800760840e+02  7.3502025152e-17
15  4.1017647159e+02 -3.2902041924e-16
16  3.1985632754e+02  1.1741718946e-16
17  2.4932590382e+02 -1.2358867151e-16
18  1.9422661436e+02  1.2762880691e-16
19  1.5059154318e+02 -2.2920711553e-18
20  1.1732136599e+02 -5.8516424128e-17
21  9.1231484556e+01 -1.8854424010e-17
22  7.0506736751e+01 -3.2983992362e-17
23  5.4763129369e+01  5.4080194946e-17
24  4.2374457389e+01  9.9716953716e-19
25  3.2516759347e+01  7.6179496298e-18
26  2.4820781162e+01  6.4976956175e-18
27  1.8638480182e+01  5.8306571715e-18
28  1.3473636257e+01  1.2456148885e-18
29  9.2529516128e+00  4.0631111689e-20
30  5.5841684007e+00 -1.4967072178e-18
31  2.2726565886e+00  3.9281152929e-20
