0  4.6227402743e+07 -3.6908299291e-13
1  4.8015259484e+07  3.1554144085e-11
2  2.7439111883e+07 -1.2517691167e-11
3  2.0847642267e+07  1.0776426598e-11
4  1.5665632288e+07  2.7579754287e-12
5  1.2180300572e+07  3.8964235575e-12
6  9.4635321003e+06  1.5228887221e-12
7  7.2702348220e+06 -6.9061288505e-13
8  5.8156875437e+06  2.1236634982e-12
9  4.6555642404e+06  2.2721709723e-14
10  3.6631345724e+06 -1.7321534834e-12
11  2.8363949413e+06  3.2621330538e-13
12  2.1874395286e+06 -1.9170600757e-13
13  1.6927202216e+06 -7.3742262478e-13
14  1.3242822709e+06 -6.7548507647e-13
15  1.0092522202e+06 -1.7961449723e-14
16  7.6247820976e+05  2.5238622819e-13
17  6.0335374152e+05  4.7123677886e-14
18  4.8603002256e+05 -2.2891764451e-13
19  3.7571186536e+05 -9.2467925851e-14
20  2.9088590386e+05  1.6442804010e-13
21  2.3062015191e+05 -8.4820697277e-14
22  1.6759520426e+05  6.7091010036e-14
23  1.3068003843e+05  1.0759517619e-14
24  9.4343592471e+04 -2.1867861690e-14
25  6.9200066481e+04  6.9868430628e-14
26  5.3188809467e+04 -3.9848081550e-14
27  4.2221238075e+04  3.0862987881e-15
28  3.2641189432e+04  3.3222042005e-15
29  2.6558891173e+04 -7.3237038802e-15
30  2.1974192045e+04 -1.3925816263e-15
31  1.9479952545e+04 -4.9727972556e-15
