0  3.6339210233e+02  4.4792692026e-15
1  1.8305965048e+04 -1.2334345547e-15
2  1.2113392246e+04 -1.8960474388e-15
3  9.5900509360e+03  8.5479600422e-16
4  7.5119969675e+03  3.0074221371e-15
5  5.9603869626e+03  4.4396448425e-16
6  4.7366001438e+03  3.0314440973e-15
7  3.7661225109e+03  4.3577282862e-16
8  2.9890142931e+03  8.7842430592e-16
9  2.3649196297e+03  4.6339033786e-16
10  1.8694859270e+03  4.4492877832e-16
11  1.4799653669e+03  3.7364889117e-16
12  1.1678224077e+03 -1.1885725135e-17
13  9.1427357378e+02  7.4125515516e-16
14  7.1546264815e+02 -1.7064897503e-16
15  5.6106595591e+02 -6.3824779609e-17
16  4.4003341556e+02  1.0065017227e-16
17  3.4470336693e+02 -3.0119022532e-16
18  2.7002892369e+02  3.9343462790e-17
19  2.1275483652e+02 -1.6916518506e-16
20  1.6599730135e+02 -5.4447489608e-17
21  1.2888466825e+02 -5.3498177432e-17
22  1.0024557610e+02 -1.6331218740e-17
23  7.7793877163e+01 -3.6991040537e-17
24  6.0324195552e+01 -7.6487075137e-18
25  4.6307602214e+01  9.9528488885e-18
26  3.5454078901e+01  1.9334162296e-17
27  2.6783669423e+01  1.5810928752e-18
28  1.9776724210e+01 -8.7763201247e-19
29  1.3959467131e+01 -6.0897963138e-18
30  9.0034796517e+00 -1.3878634841e-18
31  4.6405609348e+00  1.3199949692e-18
