0  9.4119033462e+04  0.0000000000e+00
1  9.5920827015e+04  0.0000000000e+00
2  7.1417511276e+04  0.0000000000e+00
3  5.5904541589e+04  0.0000000000e+00
4  4.3625889675e+04  0.0000000000e+00
5  3.4130670757e+04  0.0000000000e+00
6  2.6771432944e+04  0.0000000000e+00
7  2.0917235440e+04  0.0000000000e+00
8  1.6333769330e+04  0.0000000000e+00
9  1.2758024206e+04  0.0000000000e+00
10  9.9795090596e+03  0.0000000000e+00
11  7.8211317710e+03  0.0000000000e+00
12  6.1236665728e+03  0.0000000000e+00
13  4.7550796826e+03  0.0000000000e+00
14  3.6722753844e+03  0.0000000000e+00
15  2.8345872065e+03  0.0000000000e+00
16  2.1962504089e+03  0.0000000000e+00
17  1.7101408571e+03  0.0000000000e+00
18  1.3311429963e+03  0.0000000000e+00
19  1.0295191087e+03  0.0000000000e+00
20  7.9527549309e+02  0.0000000000e+00
21  6.1256652708e+02  0.0000000000e+00
22  4.6943682363e+02  0.0000000000e+00
23  3.5760933949e+02  0.0000000000e+00
24  2.7036212034e+02  0.0000000000e+00
25  2.0473999549e+02  0.0000000000e+00
26  1.5629695731e+02  0.0000000000e+00
27  1.1987385912e+02  0.0000000000e+00
28  9.2960785549e+01  0.0000000000e+00
29  7.4405201071e+01  0.0000000000e+00
30  6.2552691268e+01  0.0000000000e+00
31  5.6044339282e+01  0.0000000000e+00
