0  5.5803364018e+07 -4.0324661043e-11
1  6.0365253249e+07 -2.6255483581e-11
2  3.6108240420e+07  2.1790062614e-11
3  2.7683766447e+07 -5.6719301875e-13
4  2.1394773485e+07 -5.3120452855e-13
5  1.6913248311e+07 -5.9761182124e-12
6  1.3248013001e+07 -5.3452208812e-12
7  1.0518949350e+07  3.4888800949e-12
8  8.3632136354e+06  3.8742919952e-12
9  6.4001313554e+06  1.1539593096e-12
10  4.8953512205e+06  2.9049074863e-12
11  3.7404505282e+06  1.3582638966e-12
12  2.9484650144e+06  1.9685868108e-12
13  2.2383795805e+06  2.0379414618e-12
14  1.7155231315e+06 -1.7485359185e-13
15  1.2820100255e+06  5.5119855095e-13
16  9.8583700776e+05  8.7328283923e-14
17  7.4747572721e+05  6.7783105716e-13
18  5.8199950413e+05  4.2148529488e-14
19  4.4431843553e+05 -3.1834626718e-13
20  3.4250712191e+05 -1.0696341710e-13
21  2.5739188812e+05  5.1544559043e-14
22  1.9021429482e+05 -1.3933495481e-13
23  1.4283300858e+05  2.8045976124e-14
24  1.0720982574e+05  3.6403219452e-14
25  8.0883216125e+04 -3.5635613311e-14
26  6.4923800580e+04  2.4530608155e-14
27  5.0337915683e+04  3.1200944435e-14
28  4.0974257286e+04 -2.6095913759e-14
29  3.3616676352e+04  1.4408031887e-14
30  3.0104804038e+04 -3.0863894160e-14
31  2.7746192499e+04 -1.0672728166e-14
