0  4.7897286496e+02 -5.6838985490e-15
1  1.9237522139e+04  2.3198119607e-15
2  1.2811131747e+04 -2.1150275050e-15
3  1.0240212498e+04 -2.4685053653e-15
4  8.0331871537e+03  3.3501054625e-15
5  6.3229771809e+03 -1.7866347372e-15
6  4.9930785112e+03  2.2309041533e-15
7  3.9467437680e+03  4.7488409850e-16
8  3.1207883651e+03  2.6896538623e-15
9  2.4699704808e+03 -1.1609079939e-15
10  1.9522347511e+03 -6.7963435528e-16
11  1.5425460281e+03 -8.9238457356e-16
12  1.2179757334e+03 -3.9254312572e-16
13  9.5957558702e+02 -3.7379235737e-16
14  7.5448855754e+02  2.6818556006e-16
15  5.9109011017e+02  4.9016737866e-18
16  4.6380189236e+02 -4.1780323640e-17
17  3.6447631713e+02  3.7354555315e-16
18  2.8831081684e+02 -1.7712316548e-16
19  2.2786785073e+02  6.7766553308e-17
20  1.7973253899e+02  2.8637813370e-17
21  1.4049022089e+02  5.7075197568e-17
22  1.0983244122e+02  3.9801284098e-19
23  8.6122005162e+01  4.5141350374e-17
24  6.6998239606e+01  2.5157513808e-17
25  5.1736960887e+01  4.5950213900e-18
26  3.9892606129e+01  1.0937498220e-17
27  3.0060731279e+01  4.0660757842e-18
28  2.2213226625e+01  6.5287181992e-18
29  1.5673540418e+01  6.0983195829e-18
30  1.0171939536e+01 -4.1302914695e-18
31  5.2688142818e+00 -1.5991717346e-18
