0 -9.8803786667e+00  4.0188761437e-15
1  1.5999277613e+04 -1.7460059548e-15
2  1.0392845422e+04  3.4758871552e-15
3  8.1678567270e+03 -7.7266620734e-16
4  6.3353075364e+03 -1.3481575441e-15
5  4.9359481351e+03  2.0207923368e-15
6  3.8532216442e+03  7.2346142816e-16
7  3.0139607425e+03  9.4359703258e-16
8  2.3613111357e+03  7.9912730486e-16
9  1.8479294588e+03  2.9230958779e-16
10  1.4527524033e+03 -1.6511753224e-16
11  1.1409295970e+03 -4.3389765649e-16
12  9.0149086818e+02  6.8933447072e-17
13  7.1310343252e+02  4.6313008699e-17
14  5.6250314849e+02 -3.4083261133e-16
15  4.4217973988e+02  2.4333954261e-16
16  3.4632455968e+02  5.2184694029e-17
17  2.7258100750e+02 -4.7050456758e-17
18  2.1326846363e+02 -1.6487739840e-16
19  1.6658894723e+02  1.1464940342e-16
20  1.2965631227e+02 -2.9655047000e-17
21  1.0146436907e+02 -2.9542391618e-18
22  7.8814784300e+01  3.5313280027e-17
23  6.1083954702e+01  2.2709482711e-18
24  4.6850176245e+01  2.3732724982e-17
25  3.5780501320e+01  5.6062993196e-18
26  2.7003128929e+01 -1.3616584023e-18
27  2.0122859299e+01  1.4354561478e-18
28  1.4621904771e+01 -2.5601570831e-19
29  1.0131178302e+01 -1.4968660365e-18
30  6.3887630086e+00  1.6368911706e-19
31  3.1486694294e+00  7.2911007913e-19
