0  9.2992940111e+04  0.0000000000e+00
1  9.5548364316e+04  0.0000000000e+00
2  7.1361390783e+04  0.0000000000e+00
3  5.5941457558e+04  0.0000000000e+00
4  4.3625488213e+04  0.0000000000e+00
5  3.4149666056e+04  0.0000000000e+00
6  2.6792017116e+04  0.0000000000e+00
7  2.1033754316e+04  0.0000000000e+00
8  1.6478462704e+04  0.0000000000e+00
9  1.2806798632e+04  0.0000000000e+00
10  9.8766123108e+03  0.0000000000e+00
11  7.5871088078e+03  0.0000000000e+00
12  5.8384870305e+03  0.0000000000e+00
13  4.5053098566e+03  0.0000000000e+00
14  3.4771928089e+03  0.0000000000e+00
15  2.6845027215e+03  0.0000000000e+00
16  2.0657566683e+03  0.0000000000e+00
17  1.5800780954e+03  0.0000000000e+00
18  1.2008973918e+03  0.0000000000e+00
19  9.1038023011e+02  0.0000000000e+00
20  6.8696636337e+02  0.0000000000e+00
21  5.1871833158e+02  0.0000000000e+00
22  3.9442844311e+02  0.0000000000e+00
23  3.0244066789e+02  0.0000000000e+00
24  2.3289605416e+02  0.0000000000e+00
25  1.7895719720e+02  0.0000000000e+00
26  1.3720242313e+02  0.0000000000e+00
27  1.0638742165e+02  0.0000000000e+00
28  8.3717382611e+01  0.0000000000e+00
29  6.7680857919e+01  0.0000000000e+00
30  5.6994456310e+01  0.0000000000e+00
31  5.0715649720e+01  0.0000000000e+00
