0  1.0424386636e+05  0.0000000000e+00
1  1.0593535445e+05  0.0000000000e+00
2  8.0508206374e+04  0.0000000000e+00
3  6.3814198921e+04  0.0000000000e+00
4  5.0113744366e+04  0.0000000000e+00
5  3.9229739346e+04  0.0000000000e+00
6  3.0600838452e+04  0.0000000000e+00
7  2.3773459872e+04  0.0000000000e+00
8  1.8413124252e+04  0.0000000000e+00
9  1.4225770474e+04  0.0000000000e+00
10  1.1011597101e+04  0.0000000000e+00
11  8.5107880981e+03  0.0000000000e+00
12  6.5792454409e+03  0.0000000000e+00
13  5.1212203523e+03  0.0000000000e+00
14  4.0119637190e+03  0.0000000000e+00
15  3.1445805801e+03  0.0000000000e+00
16  2.4651432678e+03  0.0000000000e+00
17  1.9272227863e+03  0.0000000000e+00
18  1.4974849972e+03  0.0000000000e+00
19  1.1646600289e+03  0.0000000000e+00
20  9.0704076250e+02  0.0000000000e+00
21  7.1143112828e+02  0.0000000000e+00
22  5.6263421352e+02  0.0000000000e+00
23  4.4527379738e+02  0.0000000000e+00
24  3.5262420830e+02  0.0000000000e+00
25  2.8126638246e+02  0.0000000000e+00
26  2.2543384425e+02  0.0000000000e+00
27  1.8134979449e+02  0.0000000000e+00
28  1.4812662673e+02  0.0000000000e+00
29  1.2467862845e+02  0.0000000000e+00
30  1.0904935883e+02  0.0000000000e+00
31  1.0058461358e+02  0.0000000000e+00
