0  1.0859238937e+05  0.0000000000e+00
1  1.1006616966e+05  0.0000000000e+00
2  8.3796375567e+04  0.0000000000e+00
3  6.6542089175e+04  0.0000000000e+00
4  5.2408605464e+04  0.0000000000e+00
5  4.1125764313e+04  0.0000000000e+00
6  3.2103028216e+04  0.0000000000e+00
7  2.5022025038e+04  0.0000000000e+00
8  1.9456031209e+04  0.0000000000e+00
9  1.5098188327e+04  0.0000000000e+00
10  1.1749100843e+04  0.0000000000e+00
11  9.1058458498e+03  0.0000000000e+00
12  7.0143583012e+03  0.0000000000e+00
13  5.4041977869e+03  0.0000000000e+00
14  4.1894301125e+03  0.0000000000e+00
15  3.2655825923e+03  0.0000000000e+00
16  2.5570736685e+03  0.0000000000e+00
17  2.0161986834e+03  0.0000000000e+00
18  1.5941401851e+03  0.0000000000e+00
19  1.2562569963e+03  0.0000000000e+00
20  9.8887555388e+02  0.0000000000e+00
21  7.8122098626e+02  0.0000000000e+00
22  6.1863342517e+02  0.0000000000e+00
23  4.8977019070e+02  0.0000000000e+00
24  3.8659310557e+02  0.0000000000e+00
25  3.0402956470e+02  0.0000000000e+00
26  2.3953125700e+02  0.0000000000e+00
27  1.9098404603e+02  0.0000000000e+00
28  1.5543376666e+02  0.0000000000e+00
29  1.3009997431e+02  0.0000000000e+00
30  1.1317245171e+02  0.0000000000e+00
31  1.0379934098e+02  0.0000000000e+00
