0  5.1497431390e+07 -7.3892975187e-12
1  5.8095537523e+07 -9.2559503008e-12
2  3.5851896273e+07 -1.2552339935e-11
3  2.7706586012e+07 -2.0878972565e-11
4  2.1717048554e+07  2.4935846352e-12
5  1.7537405314e+07  3.5275156696e-12
6  1.4005930259e+07 -8.8478340046e-12
7  1.0810237592e+07 -1.3832787118e-12
8  8.5837841304e+06 -7.0802674105e-12
9  6.7493375181e+06  5.7087968149e-13
10  5.4290425662e+06 -1.0823896454e-12
11  4.2546555336e+06  1.6614860535e-12
12  3.3272307256e+06  1.5744298829e-12
13  2.6607112944e+06  2.0569225835e-12
14  2.1002164639e+06  4.3941625903e-13
15  1.6281060981e+06 -6.7778224836e-14
16  1.3002806631e+06 -4.0775226173e-13
17  1.0224246782e+06 -3.2033314985e-13
18  8.2832792495e+05  2.8512422441e-13
19  6.7021476958e+05  3.5272046429e-13
20  5.3659134710e+05  2.6792672141e-13
21  4.1491360770e+05  9.7929601346e-14
22  3.1760501759e+05  1.6398311610e-14
23  2.5872923772e+05  4.3781973399e-14
24  2.0431923325e+05  7.2272473118e-14
25  1.6262459580e+05  2.2714927572e-14
26  1.3493751927e+05 -2.8267335168e-14
27  1.1257782393e+05 -9.5610742107e-14
28  9.6362644048e+04  1.4456041817e-14
29  8.3508983083e+04 -2.6902590660e-14
30  7.3374921225e+04  3.6248765589e-14
31  6.7564401795e+04 -5.0305130634e-14
