0  1.1238746466e+05  0.0000000000e+00
1  1.1392959311e+05  0.0000000000e+00
2  8.7766018252e+04  0.0000000000e+00
3  7.0099356454e+04  0.0000000000e+00
4  5.5175765952e+04  0.0000000000e+00
5  4.3227749302e+04  0.0000000000e+00
6  3.3758689863e+04  0.0000000000e+00
7  2.6270092735e+04  0.0000000000e+00
8  2.0470993056e+04  0.0000000000e+00
9  1.6011684040e+04  0.0000000000e+00
10  1.2494429155e+04  0.0000000000e+00
11  9.7485864244e+03  0.0000000000e+00
12  7.6540845905e+03  0.0000000000e+00
13  6.0183426922e+03  0.0000000000e+00
14  4.7374038515e+03  0.0000000000e+00
15  3.7391762366e+03  0.0000000000e+00
16  2.9469009072e+03  0.0000000000e+00
17  2.3136213817e+03  0.0000000000e+00
18  1.8122007240e+03  0.0000000000e+00
19  1.4158937825e+03  0.0000000000e+00
20  1.1120641267e+03  0.0000000000e+00
21  8.7982060418e+02  0.0000000000e+00
22  6.9812501003e+02  0.0000000000e+00
23  5.5310679885e+02  0.0000000000e+00
24  4.3869023797e+02  0.0000000000e+00
25  3.4843225974e+02  0.0000000000e+00
26  2.7773646840e+02  0.0000000000e+00
27  2.2456282058e+02  0.0000000000e+00
28  1.8551992409e+02  0.0000000000e+00
29  1.5692706436e+02  0.0000000000e+00
30  1.3775322287e+02  0.0000000000e+00
31  1.2644780082e+02  0.0000000000e+00
