0  1.0343040190e+05  0.0000000000e+00
1  1.0540398682e+05  0.0000000000e+00
2  8.0607786045e+04  0.0000000000e+00
3  6.4444538428e+04  0.0000000000e+00
4  5.0764347963e+04  0.0000000000e+00
5  3.9581812479e+04  0.0000000000e+00
6  3.0718582101e+04  0.0000000000e+00
7  2.3692328981e+04  0.0000000000e+00
8  1.8119401884e+04  0.0000000000e+00
9  1.3849217306e+04  0.0000000000e+00
10  1.0653278363e+04  0.0000000000e+00
11  8.2336712133e+03  0.0000000000e+00
12  6.3771472857e+03  0.0000000000e+00
13  4.9229116031e+03  0.0000000000e+00
14  3.7788621692e+03  0.0000000000e+00
15  2.8945674506e+03  0.0000000000e+00
16  2.2136418941e+03  0.0000000000e+00
17  1.6942966003e+03  0.0000000000e+00
18  1.2990212667e+03  0.0000000000e+00
19  9.9484783079e+02  0.0000000000e+00
20  7.5965462422e+02  0.0000000000e+00
21  5.7914189729e+02  0.0000000000e+00
22  4.4182083183e+02  0.0000000000e+00
23  3.3905831771e+02  0.0000000000e+00
24  2.6067664052e+02  0.0000000000e+00
25  2.0070732035e+02  0.0000000000e+00
26  1.5523439849e+02  0.0000000000e+00
27  1.2123838775e+02  0.0000000000e+00
28  9.6320571154e+01  0.0000000000e+00
29  7.8507075568e+01  0.0000000000e+00
30  6.6080436969e+01  0.0000000000e+00
31  5.8743607190e+01  0.0000000000e+00
