0  4.7828998089e+07 -2.0988003033e-11
1  4.8415076265e+07  1.8481430802e-11
2  2.8388878681e+07  2.3842135372e-11
3  2.1664293148e+07  9.4379113378e-12
4  1.6167474735e+07  8.5454058775e-12
5  1.2653462216e+07  9.7321036512e-12
6  1.0193437138e+07 -3.5589576802e-12
7  8.2514685506e+06 -2.6518946744e-12
8  6.5381217483e+06  1.8108884587e-12
9  5.0746575143e+06  6.0344870478e-13
10  4.0406739909e+06  3.4480370081e-12
11  3.2123325402e+06 -9.9796267326e-13
12  2.5963060203e+06  1.1653037965e-12
13  2.1020208315e+06 -3.0242374637e-13
14  1.6552038596e+06  1.6433989248e-13
15  1.3185433876e+06 -6.7232154571e-13
16  1.0052072780e+06  6.3256567519e-13
17  8.0084239673e+05 -3.9195751899e-14
18  6.3515683362e+05  5.7060403571e-15
19  5.0693058002e+05 -4.0532241433e-14
20  4.0147937477e+05  3.3196648829e-13
21  3.0699308575e+05 -2.8525771136e-14
22  2.4159176655e+05  5.0456048302e-14
23  1.9154195267e+05  2.5805091139e-14
24  1.5102321511e+05 -2.4880369717e-14
25  1.1813159729e+05 -7.5706301018e-14
26  9.2261640801e+04  4.0730855693e-14
27  7.5209555470e+04 -1.3221146662e-14
28  6.2287818188e+04 -2.1098066537e-14
29  5.2831287993e+04 -3.0797603041e-14
30  4.6207480873e+04 -3.1401316362e-14
31  4.2345347471e+04 -1.3318573523e-14
