0  1.0359486518e+05  0.0000000000e+00
1  1.0531875401e+05  0.0000000000e+00
2  7.9835418884e+04  0.0000000000e+00
3  6.3263164780e+04  0.0000000000e+00
4  4.9900460148e+04  0.0000000000e+00
5  3.9333083310e+04  0.0000000000e+00
6  3.0946179154e+04  0.0000000000e+00
7  2.4307294781e+04  0.0000000000e+00
8  1.8982514094e+04  0.0000000000e+00
9  1.4772908344e+04  0.0000000000e+00
10  1.1496053571e+04  0.0000000000e+00
11  8.9283038487e+03  0.0000000000e+00
12  6.8853044704e+03  0.0000000000e+00
13  5.3123850095e+03  0.0000000000e+00
14  4.1225968815e+03  0.0000000000e+00
15  3.2199914924e+03  0.0000000000e+00
16  2.5224146976e+03  0.0000000000e+00
17  1.9677125304e+03  0.0000000000e+00
18  1.5318020286e+03  0.0000000000e+00
19  1.1913946893e+03  0.0000000000e+00
20  9.2610373522e+02  0.0000000000e+00
21  7.1966103524e+02  0.0000000000e+00
22  5.5917532638e+02  0.0000000000e+00
23  4.3614903262e+02  0.0000000000e+00
24  3.4182708600e+02  0.0000000000e+00
25  2.6936021616e+02  0.0000000000e+00
26  2.1352968302e+02  0.0000000000e+00
27  1.7129027556e+02  0.0000000000e+00
28  1.4002344928e+02  0.0000000000e+00
29  1.1726882934e+02  0.0000000000e+00
30  1.0182654618e+02  0.0000000000e+00
31  9.2738991810e+01  0.0000000000e+00
