0 -1.8851180639e+02 -1.7743800763e-15
1  1.9924215191e+04 -7.2779103707e-16
2  1.3143835108e+04 -1.8618944616e-15
3  1.0429114359e+04  2.4541094051e-15
4  8.1811692186e+03 -8.1307716987e-16
5  6.4123223009e+03 -2.8822526903e-15
6  5.0187180193e+03  3.1204732423e-15
7  3.9369829455e+03  6.2328559435e-16
8  3.0728812326e+03 -2.7998084987e-15
9  2.4057915348e+03 -2.7319014835e-16
10  1.8791076130e+03 -4.9167297973e-16
11  1.4650931722e+03 -5.2347779635e-16
12  1.1382875971e+03  7.1298977159e-16
13  8.9119361280e+02  6.2687473764e-16
14  6.9643248119e+02  4.6395065016e-16
15  5.4477518554e+02 -3.3902694884e-16
16  4.2690157838e+02 -1.8659394674e-16
17  3.3455007356e+02  5.7117760974e-17
18  2.6236859479e+02 -7.7651745440e-18
19  2.0503495930e+02  2.5208547543e-17
20  1.6129254906e+02 -1.8310284751e-16
21  1.2588835509e+02 -4.6655633526e-18
22  9.8433421477e+01  5.0126721604e-17
23  7.6275399695e+01 -1.8500258359e-17
24  5.9110391515e+01  2.0343190294e-17
25  4.5289929012e+01 -1.3621136825e-17
26  3.4505430775e+01  6.1403535929e-18
27  2.5867606637e+01  1.3340768919e-20
28  1.8868359190e+01  2.7787974626e-18
29  1.3121413193e+01  1.3474970702e-18
30  8.2111986343e+00 -6.8715547846e-19
31  3.8725482891e+00  8.9160805610e-19
