0  9.5094516063e+04  0.0000000000e+00
1  9.7380032840e+04  0.0000000000e+00
2  7.3240419546e+04  0.0000000000e+00
3  5.8270310235e+04  0.0000000000e+00
4  4.6172013409e+04  0.0000000000e+00
5  3.6614033492e+04  0.0000000000e+00
6  2.9107295363e+04  0.0000000000e+00
7  2.3217912234e+04  0.0000000000e+00
8  1.8641022834e+04  0.0000000000e+00
9  1.5006185946e+04  0.0000000000e+00
10  1.2126314549e+04  0.0000000000e+00
11  9.8398988096e+03  0.0000000000e+00
12  8.0305455159e+03  0.0000000000e+00
13  6.5486271206e+03  0.0000000000e+00
14  5.3169254374e+03  0.0000000000e+00
15  4.3141584144e+03  0.0000000000e+00
16  3.4993196133e+03  0.0000000000e+00
17  2.8412520926e+03  0.0000000000e+00
18  2.3005229159e+03  0.0000000000e+00
19  1.8577267438e+03  0.0000000000e+00
20  1.4971895084e+03  0.0000000000e+00
21  1.2033779530e+03  0.0000000000e+00
22  9.6912010791e+02  0.0000000000e+00
23  7.8444006369e+02  0.0000000000e+00
24  6.4103966630e+02  0.0000000000e+00
25  5.3047002149e+02  0.0000000000e+00
26  4.4285777866e+02  0.0000000000e+00
27  3.7378310360e+02  0.0000000000e+00
28  3.2099642042e+02  0.0000000000e+00
29  2.8305861306e+02  0.0000000000e+00
30  2.5801562192e+02  0.0000000000e+00
31  2.4290081910e+02  0.0000000000e+00
