0  1.0837029082e+05  0.0000000000e+00
1  1.1042375758e+05  0.0000000000e+00
2  8.4908692508e+04  0.0000000000e+00
3  6.8175448933e+04  0.0000000000e+00
4  5.4381301147e+04  0.0000000000e+00
5  4.3212078592e+04  0.0000000000e+00
6  3.4195005123e+04  0.0000000000e+00
7  2.6854503133e+04  0.0000000000e+00
8  2.0889415218e+04  0.0000000000e+00
9  1.6182587295e+04  0.0000000000e+00
10  1.2657086369e+04  0.0000000000e+00
11  9.9686067768e+03  0.0000000000e+00
12  7.8782908533e+03  0.0000000000e+00
13  6.2390920705e+03  0.0000000000e+00
14  4.9503689681e+03  0.0000000000e+00
15  3.9332235370e+03  0.0000000000e+00
16  3.1360812120e+03  0.0000000000e+00
17  2.4947171104e+03  0.0000000000e+00
18  1.9867222714e+03  0.0000000000e+00
19  1.5754437805e+03  0.0000000000e+00
20  1.2475004813e+03  0.0000000000e+00
21  9.8582765103e+02  0.0000000000e+00
22  7.7664575705e+02  0.0000000000e+00
23  6.1314493996e+02  0.0000000000e+00
24  4.8575754507e+02  0.0000000000e+00
25  3.8701693731e+02  0.0000000000e+00
26  3.1149194981e+02  0.0000000000e+00
27  2.5398229575e+02  0.0000000000e+00
28  2.1053782678e+02  0.0000000000e+00
29  1.7859804029e+02  0.0000000000e+00
30  1.5737948804e+02  0.0000000000e+00
31  1.4483160327e+02  0.0000000000e+00
