0  4.6102669841e+07 -4.0638898308e-12
1  5.1110229106e+07 -4.9212790142e-12
2  3.1183171564e+07  3.6791741948e-12
3  2.4003991456e+07 -1.1405285798e-11
4  1.8131434155e+07 -7.4603920865e-13
5  1.4676278335e+07  3.6580953814e-12
6  1.1733582785e+07  4.7880163141e-14
7  9.1788824239e+06 -1.5992167456e-12
8  7.2998193747e+06 -3.0855252246e-12
9  5.7216957610e+06  1.3589676970e-12
10  4.5609198797e+06  3.9466347917e-12
11  3.6496785583e+06 -1.1403170314e-12
12  2.9174386247e+06 -2.4886052007e-13
13  2.3336323483e+06 -7.4945289349e-13
14  1.8580047921e+06 -5.1556245783e-13
15  1.4259645829e+06 -1.4754686204e-13
16  1.1447866089e+06  4.9416932980e-13
17  8.9441438832e+05 -1.6262234556e-13
18  7.0796680243e+05  1.4524762220e-13
19  5.7104128318e+05 -3.8906131911e-13
20  4.5374211707e+05 -2.3428065835e-14
21  3.6180884882e+05 -1.0390742399e-13
22  2.8904855935e+05 -1.5035966411e-13
23  2.3134183710e+05 -2.6117773511e-13
24  1.8486436378e+05  1.6231140276e-14
25  1.5021308986e+05  1.5769968570e-13
26  1.2161660902e+05  1.0745922045e-14
27  1.0049424132e+05 -4.4079609785e-14
28  8.4905477153e+04  1.9765843361e-14
29  7.4102926459e+04 -6.7269338929e-15
30  6.6187459381e+04 -1.2571969179e-14
31  6.1679406953e+04 -3.2891394037e-14
