0  5.0863048111e+07  1.6694477724e-11
1  5.6116747559e+07  1.0126311045e-11
2  3.2970292309e+07 -1.5636417615e-11
3  2.5408549060e+07  5.5145816777e-12
4  1.9662305193e+07 -4.4650051378e-12
5  1.5334156909e+07  1.2222504902e-12
6  1.1873268441e+07 -1.3449782399e-12
7  9.7272057753e+06 -1.0837505156e-12
8  7.3344419908e+06 -1.2033971073e-13
9  5.7990977709e+06  1.1615198551e-12
10  4.6398090513e+06 -2.9088090357e-12
11  3.7424062330e+06 -6.2238961410e-13
12  2.9093511508e+06 -2.9630213377e-12
13  2.2247160802e+06  1.1803916719e-13
14  1.7327790879e+06  2.6161082653e-14
15  1.3733823467e+06  4.9598959879e-13
16  1.0981329694e+06  5.8876770412e-14
17  8.5704684529e+05 -3.4453143194e-13
18  6.9194150694e+05 -1.7931943112e-14
19  5.5926154052e+05 -1.4203175278e-13
20  4.5110408997e+05 -1.2976669244e-13
21  3.6334334914e+05 -1.4014248488e-13
22  2.9513038046e+05  1.5779786120e-13
23  2.3785054733e+05  1.5830916684e-14
24  1.9014309919e+05 -4.9831285108e-14
25  1.4989508195e+05 -6.2727076062e-14
26  1.1904240644e+05 -8.9055966007e-14
27  9.8699656704e+04 -1.1377227520e-14
28  8.4193378920e+04 -1.7980659539e-14
29  7.2801609837e+04  2.4034211404e-15
30  6.3894612171e+04 -1.0750157877e-14
31  6.0120835411e+04 -5.6288806688e-14
