0  9.7238979973e+04  0.0000000000e+00
1  9.9490299881e+04  0.0000000000e+00
2  7.4501334883e+04  0.0000000000e+00
3  5.8532580182e+04  0.0000000000e+00
4  4.5649220206e+04  0.0000000000e+00
5  3.5743370476e+04  0.0000000000e+00
6  2.8019477687e+04  0.0000000000e+00
7  2.1979585941e+04  0.0000000000e+00
8  1.7102607243e+04  0.0000000000e+00
9  1.3208004954e+04  0.0000000000e+00
10  1.0158034579e+04  0.0000000000e+00
11  7.8059032186e+03  0.0000000000e+00
12  5.9845555885e+03  0.0000000000e+00
13  4.5802794138e+03  0.0000000000e+00
14  3.5171067875e+03  0.0000000000e+00
15  2.7170782787e+03  0.0000000000e+00
16  2.1031594959e+03  0.0000000000e+00
17  1.6351399517e+03  0.0000000000e+00
18  1.2688691205e+03  0.0000000000e+00
19  9.7734131462e+02  0.0000000000e+00
20  7.5099349938e+02  0.0000000000e+00
21  5.7640509667e+02  0.0000000000e+00
22  4.4249815202e+02  0.0000000000e+00
23  3.4009204046e+02  0.0000000000e+00
24  2.6081282534e+02  0.0000000000e+00
25  2.0002034872e+02  0.0000000000e+00
26  1.5404568357e+02  0.0000000000e+00
27  1.2001269979e+02  0.0000000000e+00
28  9.5668961538e+01  0.0000000000e+00
29  7.8847983274e+01  0.0000000000e+00
30  6.8113656266e+01  0.0000000000e+00
31  6.2150881375e+01  0.0000000000e+00
