0  1.5420298524e+02  3.5799675462e-15
1  2.0446741887e+04 -1.6848390058e-15
2  1.3367109281e+04  3.3474440849e-15
3  1.0537584965e+04  3.7555185656e-15
4  8.1193753782e+03 -3.2631014674e-15
5  6.3070660851e+03 -2.1146245820e-15
6  4.8373999192e+03  2.6000228873e-15
7  3.7265391960e+03  9.3959382252e-16
8  2.8644869497e+03 -7.2144975138e-16
9  2.2018195138e+03 -5.2742052296e-16
10  1.6878222357e+03 -3.7882050376e-16
11  1.2858825446e+03  8.4417339380e-16
12  9.8365235198e+02  3.4852441164e-17
13  7.4319050625e+02 -5.7309455118e-17
14  5.6317190088e+02  5.5438743149e-17
15  4.2663747098e+02  2.4494398184e-16
16  3.2224505494e+02 -6.1889984303e-17
17  2.4282821389e+02 -2.2185696066e-16
18  1.8251975344e+02  7.5137328136e-17
19  1.3756018514e+02  1.4840369284e-16
20  1.0329040301e+02  3.5980583171e-17
21  7.7801169773e+01 -5.5641011970e-17
22  5.8650790927e+01 -1.1103781375e-17
23  4.4390950367e+01 -2.7587068999e-18
24  3.3865236122e+01  5.5373455438e-19
25  2.5484843277e+01 -4.7179470464e-18
26  1.9271047437e+01  4.6685412028e-18
27  1.4239491549e+01  4.2147830060e-19
28  1.0286788018e+01 -2.2916211690e-18
29  7.1562604766e+00 -1.1719230221e-18
30  4.6283111991e+00  4.2166358906e-20
31  2.5057655470e+00 -6.1558119442e-19
