0  5.6308269056e+07  1.3102548725e-11
1  5.7109533733e+07 -3.4511541287e-11
2  3.4960217118e+07  9.5483142769e-12
3  2.6476101990e+07  4.5812697258e-12
4  2.0390471382e+07 -2.3801763719e-11
5  1.5819613711e+07  1.2875343866e-11
6  1.2272795541e+07 -5.8208119934e-12
7  9.8311462131e+06 -5.6068408581e-12
8  7.6577890105e+06 -3.2327919535e-12
9  6.0579871549e+06 -1.2625993228e-12
10  4.7550627019e+06 -4.6069266958e-12
11  3.6356458084e+06 -4.2452581338e-13
12  2.9016424730e+06  8.6245974643e-13
13  2.3206029064e+06  2.6090750085e-13
14  1.8395941412e+06  6.3080926909e-13
15  1.4718619313e+06 -7.0574791041e-14
16  1.1810110166e+06 -6.9347075373e-13
17  9.2485464351e+05  4.9457432795e-13
18  7.2469317898e+05 -2.1340807119e-13
19  5.5773290463e+05  4.4968138976e-14
20  4.2180881603e+05 -1.2547705849e-13
21  3.2571638021e+05  1.2350814524e-13
22  2.5375457260e+05 -6.7240936795e-14
23  1.9281773431e+05  4.4630466158e-14
24  1.5212490208e+05 -3.3354291962e-14
25  1.1952008233e+05  4.9655051396e-14
26  9.6798827926e+04  1.0111069899e-14
27  7.4810810037e+04  1.6303209691e-14
28  5.9664308655e+04  1.2657212917e-14
29  5.0522150468e+04 -9.5028812634e-15
30  4.5331616837e+04 -8.1419713446e-15
31  4.3470140481e+04 -1.5400861195e-14
