0  1.0083190289e+05  0.0000000000e+00
1  1.0267617113e+05  0.0000000000e+00
2  7.7101599370e+04  0.0000000000e+00
3  6.0487038382e+04  0.0000000000e+00
4  4.7203408630e+04  0.0000000000e+00
5  3.6846653221e+04  0.0000000000e+00
6  2.8794529466e+04  0.0000000000e+00
7  2.2589685522e+04  0.0000000000e+00
8  1.7711341683e+04  0.0000000000e+00
9  1.3822865384e+04  0.0000000000e+00
10  1.0735082108e+04  0.0000000000e+00
11  8.2965310312e+03  0.0000000000e+00
12  6.4196233623e+03  0.0000000000e+00
13  4.9997489543e+03  0.0000000000e+00
14  3.8973514636e+03  0.0000000000e+00
15  3.0521492962e+03  0.0000000000e+00
16  2.4047678317e+03  0.0000000000e+00
17  1.9052687517e+03  0.0000000000e+00
18  1.5133162883e+03  0.0000000000e+00
19  1.1984247302e+03  0.0000000000e+00
20  9.4524448675e+02  0.0000000000e+00
21  7.4777119381e+02  0.0000000000e+00
22  5.9252460229e+02  0.0000000000e+00
23  4.6606470481e+02  0.0000000000e+00
24  3.6581360949e+02  0.0000000000e+00
25  2.8768986070e+02  0.0000000000e+00
26  2.2661160475e+02  0.0000000000e+00
27  1.8002297896e+02  0.0000000000e+00
28  1.4526159689e+02  0.0000000000e+00
29  1.1997968271e+02  0.0000000000e+00
30  1.0257006754e+02  0.0000000000e+00
31  9.1821974052e+01  0.0000000000e+00
