0  5.4009495764e+07 -2.1220745457e-11
1  5.5980082902e+07 -5.2146997271e-11
2  3.2649724633e+07  2.6468962341e-11
3  2.5104544606e+07  1.4114976367e-11
4  1.9505840956e+07  6.3939991594e-12
5  1.5445734824e+07  1.7197177918e-12
6  1.2095490747e+07 -1.1905422947e-11
7  9.5946151387e+06 -8.2380832957e-12
8  7.6805327981e+06 -1.1957731728e-12
9  6.1458138431e+06  5.1747409503e-12
10  4.8524907596e+06 -2.9268047180e-13
11  3.8340474456e+06 -1.6390421372e-12
12  3.0176697846e+06 -2.5425752202e-13
13  2.3630524306e+06 -1.5832196684e-13
14  1.8479803009e+06  4.5715788446e-13
15  1.5095811758e+06 -4.6409941797e-13
16  1.1878395418e+06 -4.2164938856e-13
17  9.5006883977e+05 -2.6323413447e-13
18  7.6391413040e+05 -2.6362438220e-13
19  6.1185960659e+05 -6.7245548917e-14
20  4.8169689299e+05  3.3847324759e-14
21  3.7232145566e+05  7.5451708507e-14
22  2.8600340720e+05 -3.6405942578e-14
23  2.2665249370e+05 -1.5846696147e-13
24  1.7696687623e+05  8.4471452504e-14
25  1.3883528018e+05  2.0560309621e-15
26  1.1196187792e+05 -1.8674121824e-14
27  9.0869330768e+04  3.7055057778e-14
28  7.4649289862e+04 -3.0448025018e-15
29  6.1721469681e+04  6.4930108212e-14
30  5.4521835309e+04 -3.1307838284e-14
31  4.9991313301e+04 -1.5619419003e-14
