0  9.9033889414e+04  0.0000000000e+00
1  1.0198133962e+05  0.0000000000e+00
2  7.7378552581e+04  0.0000000000e+00
3  6.1340203568e+04  0.0000000000e+00
4  4.8156436187e+04  0.0000000000e+00
5  3.7717411006e+04  0.0000000000e+00
6  2.9485419387e+04  0.0000000000e+00
7  2.3023279234e+04  0.0000000000e+00
8  1.7914873287e+04  0.0000000000e+00
9  1.3946299783e+04  0.0000000000e+00
10  1.0890445178e+04  0.0000000000e+00
11  8.5034868133e+03  0.0000000000e+00
12  6.6166644738e+03  0.0000000000e+00
13  5.1336425957e+03  0.0000000000e+00
14  3.9872569027e+03  0.0000000000e+00
15  3.0971477270e+03  0.0000000000e+00
16  2.3984061714e+03  0.0000000000e+00
17  1.8523611293e+03  0.0000000000e+00
18  1.4291741134e+03  0.0000000000e+00
19  1.1008005971e+03  0.0000000000e+00
20  8.4721098818e+02  0.0000000000e+00
21  6.5439663091e+02  0.0000000000e+00
22  5.0817565008e+02  0.0000000000e+00
23  3.9523771175e+02  0.0000000000e+00
24  3.0878120156e+02  0.0000000000e+00
25  2.4330596677e+02  0.0000000000e+00
26  1.9418717666e+02  0.0000000000e+00
27  1.5767461335e+02  0.0000000000e+00
28  1.3059306921e+02  0.0000000000e+00
29  1.1139481967e+02  0.0000000000e+00
30  9.8760412989e+01  0.0000000000e+00
31  9.1806582418e+01  0.0000000000e+00
