0  1.0034004267e+05  0.0000000000e+00
1  1.0248599233e+05  0.0000000000e+00
2  7.7623562716e+04  0.0000000000e+00
3  6.1615131582e+04  0.0000000000e+00
4  4.8565688551e+04  0.0000000000e+00
5  3.8290365546e+04  0.0000000000e+00
6  3.0252515052e+04  0.0000000000e+00
7  2.4076759559e+04  0.0000000000e+00
8  1.9193270118e+04  0.0000000000e+00
9  1.5260375596e+04  0.0000000000e+00
10  1.2062162981e+04  0.0000000000e+00
11  9.4670274858e+03  0.0000000000e+00
12  7.4388884027e+03  0.0000000000e+00
13  5.8377403728e+03  0.0000000000e+00
14  4.5461271882e+03  0.0000000000e+00
15  3.5323879809e+03  0.0000000000e+00
16  2.7450689976e+03  0.0000000000e+00
17  2.1341679052e+03  0.0000000000e+00
18  1.6662784985e+03  0.0000000000e+00
19  1.3080200934e+03  0.0000000000e+00
20  1.0274750098e+03  0.0000000000e+00
21  8.0684301253e+02  0.0000000000e+00
22  6.3388940146e+02  0.0000000000e+00
23  4.9981075769e+02  0.0000000000e+00
24  3.9858624726e+02  0.0000000000e+00
25  3.1989978663e+02  0.0000000000e+00
26  2.6061403899e+02  0.0000000000e+00
27  2.1656490480e+02  0.0000000000e+00
28  1.8493184652e+02  0.0000000000e+00
29  1.6279122347e+02  0.0000000000e+00
30  1.4838113226e+02  0.0000000000e+00
31  1.4002405436e+02  0.0000000000e+00
