0  1.0701991403e+02 -9.0150313735e-15
1  1.6210715452e+04 -8.0187423270e-16
2  1.0600972454e+04 -1.5866513171e-15
3  8.3732352419e+03  3.6137623079e-16
4  6.5168264279e+03  1.3249626057e-15
5  5.1013898847e+03  1.8929149257e-15
6  4.0010048902e+03  1.7570375002e-15
7  3.1522923049e+03 -2.6923932198e-16
8  2.4797511760e+03 -4.1994564742e-16
9  1.9511304647e+03  1.0942169077e-15
10  1.5359365139e+03 -1.6062264603e-16
11  1.2041817385e+03 -1.9065282275e-16
12  9.4523664830e+02  8.2920396251e-17
13  7.4092837414e+02 -3.0688014267e-16
14  5.7649764452e+02 -2.3764091670e-16
15  4.5031931503e+02  2.8868788667e-16
16  3.5093019154e+02 -5.0904139031e-17
17  2.7258986478e+02  9.3590682045e-17
18  2.1098010388e+02 -3.9880428739e-17
19  1.6268834066e+02 -1.0726465255e-16
20  1.2521815070e+02  6.1710850070e-18
21  9.6283289875e+01 -3.8693523822e-17
22  7.4105643952e+01 -1.1858461262e-18
23  5.6724989844e+01 -7.2506020285e-19
24  4.3500164569e+01  1.1123024905e-17
25  3.2989980655e+01 -3.2127959689e-18
26  2.4836559531e+01  1.0072068776e-17
27  1.8638155795e+01  2.1687219823e-18
28  1.3687249135e+01  3.1727736622e-18
29  9.5467773912e+00  1.6995716087e-18
30  6.0623832588e+00  6.8779075317e-19
31  2.9707825106e+00 -9.7249970257e-19
