0  1.0099779441e+05  0.0000000000e+00
1  1.0313487852e+05  0.0000000000e+00
2  7.8179438433e+04  0.0000000000e+00
3  6.2304732064e+04  0.0000000000e+00
4  5.0049751321e+04  0.0000000000e+00
5  4.0493497725e+04  0.0000000000e+00
6  3.2779887580e+04  0.0000000000e+00
7  2.6272947638e+04  0.0000000000e+00
8  2.0944956672e+04  0.0000000000e+00
9  1.6747645756e+04  0.0000000000e+00
10  1.3434296544e+04  0.0000000000e+00
11  1.0803238035e+04  0.0000000000e+00
12  8.7199235425e+03  0.0000000000e+00
13  7.0135754663e+03  0.0000000000e+00
14  5.5939503153e+03  0.0000000000e+00
15  4.4564744744e+03  0.0000000000e+00
16  3.5581370476e+03  0.0000000000e+00
17  2.8351281331e+03  0.0000000000e+00
18  2.2538032770e+03  0.0000000000e+00
19  1.7919698261e+03  0.0000000000e+00
20  1.4322206777e+03  0.0000000000e+00
21  1.1512329039e+03  0.0000000000e+00
22  9.2926296326e+02  0.0000000000e+00
23  7.5204997688e+02  0.0000000000e+00
24  6.0744692035e+02  0.0000000000e+00
25  4.9156670991e+02  0.0000000000e+00
26  4.0224268271e+02  0.0000000000e+00
27  3.3333527852e+02  0.0000000000e+00
28  2.8099470902e+02  0.0000000000e+00
29  2.4408322823e+02  0.0000000000e+00
30  2.1990365565e+02  0.0000000000e+00
31  2.0581981234e+02  0.0000000000e+00
