0  4.3860985509e+07 -1.3221694054e-11
1  4.8355254042e+07  4.5167798605e-11
2  2.8440809304e+07 -2.5505181920e-11
3  2.1060046869e+07 -5.2337815612e-12
4  1.6175913870e+07 -6.5569412133e-12
5  1.2809959377e+07  8.9995837583e-13
6  1.0050810796e+07 -3.3492238479e-12
7  7.8457949480e+06 -2.8419776246e-12
8  6.1294560700e+06  4.5209190710e-13
9  4.6595140001e+06 -1.2161576859e-13
10  3.6322376811e+06  1.6009681629e-12
11  2.8236147033e+06  1.8549593271e-12
12  2.1572252570e+06 -1.6727128356e-13
13  1.6832173327e+06 -7.8874508297e-13
14  1.2862012358e+06 -9.0400821220e-13
15  9.8749004036e+05  1.8992019064e-13
16  7.5042849319e+05  1.4220873294e-13
17  5.6191972202e+05 -3.1234809421e-14
18  4.2106470576e+05  1.3302474175e-13
19  3.1087761855e+05  6.0159715718e-14
20  2.4521088064e+05 -1.5345820510e-13
21  1.8344671119e+05  2.9588092771e-14
22  1.4058712133e+05  1.1138024186e-14
23  1.0992486275e+05  1.4379592720e-13
24  8.4075127488e+04 -1.4175852293e-14
25  6.3185959298e+04 -9.2779133492e-15
26  4.9241329519e+04 -2.1499478612e-14
27  3.8008972311e+04  8.9461235078e-15
28  2.9603277419e+04 -2.7684729927e-14
29  2.4314947975e+04  4.3001582162e-15
30  1.9616686265e+04  7.8655760029e-15
31  1.7919330143e+04  7.8291330803e-15
