0  5.6121166573e+07  2.5831748337e-11
1  5.6561507643e+07  1.5520605535e-11
2  3.4789446376e+07  2.1352361104e-11
3  2.6341983102e+07 -4.0738621034e-12
4  2.0114037552e+07 -2.7238033080e-12
5  1.5917334511e+07 -5.4024517553e-12
6  1.2715487626e+07 -2.5863725730e-12
7  1.0346420484e+07 -8.1939107809e-12
8  8.2760520479e+06  6.1096552580e-12
9  6.5010821768e+06 -4.9695178291e-13
10  5.1359608498e+06  3.5052917012e-12
11  4.0247236042e+06 -7.0368743980e-13
12  3.1399102356e+06  1.5040067232e-12
13  2.4405638150e+06  8.1012916193e-14
14  1.8646862995e+06 -3.4770886076e-13
15  1.4710234607e+06  8.0323275897e-13
16  1.1127826264e+06 -1.0119761737e-12
17  8.7224807433e+05  8.8321868078e-14
18  6.5975031289e+05 -1.7013194133e-13
19  4.9944226139e+05 -1.3241365937e-13
20  3.7969011066e+05 -1.9674183011e-13
21  2.8286478416e+05  4.4231992753e-14
22  2.2708210653e+05  2.9766286993e-14
23  1.7342198889e+05 -4.4196301671e-14
24  1.3803371684e+05  9.6055776776e-15
25  1.0837146579e+05 -3.6737876799e-14
26  8.5768877702e+04 -7.1925590985e-14
27  6.9592551828e+04  1.7738525039e-14
28  5.7622518905e+04  3.2910400206e-14
29  4.7860877338e+04 -8.6885226832e-15
30  4.0686436785e+04  7.0578232167e-15
31  3.7249526957e+04 -9.2425957604e-15
