0  2.3027782959e+02  2.1300574694e-15
1  1.8840240158e+04  8.2402439838e-15
2  1.2301296265e+04 -2.9576442342e-16
3  9.6494424813e+03 -2.1434935295e-15
4  7.4903196187e+03  2.1621288896e-15
5  5.8099212734e+03  1.6761503006e-15
6  4.5078031223e+03 -1.5335467983e-16
7  3.5145050369e+03 -7.3685455431e-16
8  2.7213182589e+03  5.2494019873e-17
9  2.1130074561e+03 -7.3438921197e-16
10  1.6341408721e+03  1.8095080149e-16
11  1.2672249856e+03 -7.8637162395e-17
12  9.8752471245e+02 -3.2886011826e-16
13  7.6464261350e+02 -1.3827389347e-16
14  5.9631673095e+02  5.6756215548e-16
15  4.6519446957e+02 -4.2853662615e-16
16  3.6132323391e+02  7.8475273223e-17
17  2.8004933446e+02 -5.7749012278e-17
18  2.1569781315e+02 -1.0834419604e-16
19  1.6589082509e+02  1.2601732673e-16
20  1.2811034243e+02  9.1342550724e-17
21  9.8891568955e+01 -4.8503224142e-19
22  7.5781653929e+01 -1.5864609465e-17
23  5.7726218576e+01  8.5998725739e-18
24  4.3961325120e+01  5.3388486665e-18
25  3.3140457318e+01  3.0265016601e-18
26  2.4799344629e+01 -8.6903462806e-18
27  1.8453657993e+01 -2.1601987133e-18
28  1.3385458747e+01 -5.8551152479e-19
29  9.3227344194e+00  5.9832289812e-19
30  5.8940999192e+00  1.6642609227e-18
31  2.9331773299e+00 -5.3813061930e-19
