0  9.2691273874e+04  0.0000000000e+00
1  9.6247851733e+04  0.0000000000e+00
2  7.2938234814e+04  0.0000000000e+00
3  5.8172909917e+04  0.0000000000e+00
4  4.6071109742e+04  0.0000000000e+00
5  3.6437315238e+04  0.0000000000e+00
6  2.8823041673e+04  0.0000000000e+00
7  2.2725712307e+04  0.0000000000e+00
8  1.7861568933e+04  0.0000000000e+00
9  1.3956014573e+04  0.0000000000e+00
10  1.0855393776e+04  0.0000000000e+00
11  8.4697468331e+03  0.0000000000e+00
12  6.6282290934e+03  0.0000000000e+00
13  5.1680217544e+03  0.0000000000e+00
14  4.0158533175e+03  0.0000000000e+00
15  3.1110880577e+03  0.0000000000e+00
16  2.4009978502e+03  0.0000000000e+00
17  1.8516502243e+03  0.0000000000e+00
18  1.4260317876e+03  0.0000000000e+00
19  1.0952763275e+03  0.0000000000e+00
20  8.3778936862e+02  0.0000000000e+00
21  6.3810147923e+02  0.0000000000e+00
22  4.8688192529e+02  0.0000000000e+00
23  3.7201682169e+02  0.0000000000e+00
24  2.8387637848e+02  0.0000000000e+00
25  2.1703625799e+02  0.0000000000e+00
26  1.6649707757e+02  0.0000000000e+00
27  1.2872447077e+02  0.0000000000e+00
28  1.0088874203e+02  0.0000000000e+00
29  8.1087287241e+01  0.0000000000e+00
30  6.8038410082e+01  0.0000000000e+00
31  6.0620146552e+01  0.0000000000e+00
