0  9.6312929240e+04  0.0000000000e+00
1  9.8721670067e+04  0.0000000000e+00
2  7.4318684248e+04  0.0000000000e+00
3  5.8885725983e+04  0.0000000000e+00
4  4.6443795769e+04  0.0000000000e+00
5  3.6604675177e+04  0.0000000000e+00
6  2.8811970892e+04  0.0000000000e+00
7  2.2631889691e+04  0.0000000000e+00
8  1.7656581035e+04  0.0000000000e+00
9  1.3794594004e+04  0.0000000000e+00
10  1.0835012131e+04  0.0000000000e+00
11  8.5364451313e+03  0.0000000000e+00
12  6.7269186489e+03  0.0000000000e+00
13  5.2882705498e+03  0.0000000000e+00
14  4.1330777298e+03  0.0000000000e+00
15  3.2131525507e+03  0.0000000000e+00
16  2.4950878898e+03  0.0000000000e+00
17  1.9360474558e+03  0.0000000000e+00
18  1.5012395195e+03  0.0000000000e+00
19  1.1644602545e+03  0.0000000000e+00
20  9.0584026666e+02  0.0000000000e+00
21  7.0937014918e+02  0.0000000000e+00
22  5.5817802055e+02  0.0000000000e+00
23  4.3978511166e+02  0.0000000000e+00
24  3.4649342775e+02  0.0000000000e+00
25  2.7340369795e+02  0.0000000000e+00
26  2.1725723506e+02  0.0000000000e+00
27  1.7545910668e+02  0.0000000000e+00
28  1.4520366258e+02  0.0000000000e+00
29  1.2408737394e+02  0.0000000000e+00
30  1.0973409370e+02  0.0000000000e+00
31  1.0120553728e+02  0.0000000000e+00
