0 -1.5750501032e+02  4.0682250773e-15
1  1.7179541582e+04  6.8433485875e-17
2  1.1245426324e+04  8.2367664901e-16
3  8.8879212207e+03 -3.2923670910e-15
4  6.9455495637e+03  3.3269733632e-15
5  5.4569272409e+03  1.8608233884e-16
6  4.2906149231e+03 -1.8609138092e-15
7  3.3479243316e+03  4.6336291517e-16
8  2.6060180691e+03  8.6123504280e-17
9  2.0437386196e+03  7.9316334587e-16
10  1.6009451140e+03 -6.0693828198e-17
11  1.2544432119e+03 -5.1952755232e-16
12  9.8148624860e+02  1.5958238369e-16
13  7.6552705772e+02 -1.5096932917e-16
14  5.9432051149e+02  4.1423987467e-17
15  4.6182792209e+02 -3.9479888034e-16
16  3.5986405900e+02 -7.8991645683e-17
17  2.7985579160e+02  1.2305755538e-16
18  2.1689848560e+02 -2.5546010763e-17
19  1.6892119626e+02  6.1685915538e-17
20  1.3172130912e+02  5.6759095460e-17
21  1.0248992349e+02  6.6674410201e-17
22  7.9922990760e+01  7.0269006271e-17
23  6.2045018514e+01 -7.1146532405e-18
24  4.8077723627e+01  3.7529250566e-17
25  3.7087305596e+01  6.0944086729e-18
26  2.8234933326e+01  1.6388499343e-18
27  2.1307889392e+01  7.1525314951e-18
28  1.5640873733e+01 -3.5916314546e-18
29  1.0824709938e+01 -1.5236005139e-19
30  6.7072630298e+00 -3.8018015046e-18
31  2.9077342065e+00  3.4050724480e-19
