0 -4.7397689405e+01 -4.5720705029e-15
1  1.7073277928e+04 -3.0252120524e-16
2  1.1110792977e+04  4.1031400401e-15
3  8.7345351700e+03  1.8839851867e-15
4  6.7875342854e+03 -5.6321475888e-16
5  5.3247628048e+03  1.8772735094e-15
6  4.1797888876e+03 -4.5198621051e-16
7  3.2790912344e+03 -3.6077806671e-16
8  2.5723817173e+03  9.6481171390e-16
9  2.0191606971e+03  1.3862202402e-16
10  1.5785642037e+03 -7.5734586949e-16
11  1.2364607707e+03  2.0971371104e-17
12  9.6436602638e+02 -4.3978411196e-16
13  7.5782025841e+02 -1.4603970329e-16
14  5.9340689746e+02 -3.1516915415e-16
15  4.6483544518e+02 -1.9429845255e-16
16  3.6205893840e+02  1.0437161152e-16
17  2.8204515439e+02 -2.6528942206e-16
18  2.1891203119e+02  1.1652891659e-16
19  1.6989205622e+02 -7.9753287121e-17
20  1.3198492374e+02  4.2738106145e-18
21  1.0320931727e+02 -8.7811693884e-17
22  8.0742780919e+01 -9.9243674056e-18
23  6.2667883611e+01 -8.5025167245e-18
24  4.8887274611e+01 -2.7320412439e-17
25  3.7599876260e+01 -1.8992033777e-17
26  2.8779464268e+01 -2.3310611406e-18
27  2.1657929017e+01 -3.7984133728e-18
28  1.5726789967e+01  9.1427148140e-18
29  1.0877017402e+01  8.8297890795e-19
30  6.7610003313e+00 -1.8517199018e-18
31  3.2027917773e+00 -1.6942776527e-18
