0  8.9622451559e+04  0.0000000000e+00
1  9.2297029756e+04  0.0000000000e+00
2  6.8753625113e+04  0.0000000000e+00
3  5.4393343346e+04  0.0000000000e+00
4  4.2966162554e+04  0.0000000000e+00
5  3.3855565061e+04  0.0000000000e+00
6  2.6688014789e+04  0.0000000000e+00
7  2.1106080155e+04  0.0000000000e+00
8  1.6766408779e+04  0.0000000000e+00
9  1.3304263567e+04  0.0000000000e+00
10  1.0484249904e+04  0.0000000000e+00
11  8.2070764206e+03  0.0000000000e+00
12  6.4355665110e+03  0.0000000000e+00
13  5.0490567773e+03  0.0000000000e+00
14  3.9446028692e+03  0.0000000000e+00
15  3.0851993081e+03  0.0000000000e+00
16  2.4193546208e+03  0.0000000000e+00
17  1.8893244916e+03  0.0000000000e+00
18  1.4746242557e+03  0.0000000000e+00
19  1.1500242181e+03  0.0000000000e+00
20  8.9361915128e+02  0.0000000000e+00
21  6.8849298624e+02  0.0000000000e+00
22  5.2760648437e+02  0.0000000000e+00
23  4.0454574935e+02  0.0000000000e+00
24  3.1299259152e+02  0.0000000000e+00
25  2.4399121200e+02  0.0000000000e+00
26  1.9183371839e+02  0.0000000000e+00
27  1.5230424249e+02  0.0000000000e+00
28  1.2309647771e+02  0.0000000000e+00
29  1.0258320213e+02  0.0000000000e+00
30  8.9000603486e+01  0.0000000000e+00
31  8.1548185344e+01  0.0000000000e+00
