0  5.6680389446e+07 -9.7279753807e-12
1  6.1248252743e+07  3.0083339982e-11
2  3.6118735256e+07  7.2991258683e-12
3  2.7378089327e+07 -2.3178057455e-11
4  2.1184428259e+07 -4.1620112591e-13
5  1.6912149317e+07 -4.7078656665e-12
6  1.3564033532e+07  7.2051164213e-12
7  1.0698614767e+07  2.8422955294e-12
8  8.2086135808e+06 -2.9144860622e-12
9  6.5318169240e+06  7.6391383048e-13
10  5.0399602745e+06 -1.5765479292e-12
11  3.9700026703e+06  5.4046984335e-13
12  3.1724517516e+06  6.1774421116e-13
13  2.4859021084e+06  6.2968798265e-13
14  1.9329643460e+06  5.5311356088e-13
15  1.5104209278e+06  6.3292493711e-13
16  1.1906482891e+06 -2.9354442138e-13
17  9.0693942653e+05 -1.7149843884e-13
18  7.1877521148e+05  5.5901051041e-13
19  5.7386065674e+05 -3.1443661621e-13
20  4.4061589675e+05  8.1273503209e-14
21  3.4575241596e+05 -1.5893618189e-13
22  2.7287904243e+05  1.2732292918e-13
23  2.1870893491e+05 -4.2183094821e-15
24  1.6929723828e+05  3.7609430506e-15
25  1.3308881008e+05 -3.6205987183e-14
26  1.0143964828e+05  1.1944772132e-15
27  7.8627891527e+04 -3.0365732723e-15
28  6.3482574262e+04 -8.5893668838e-15
29  5.2144257809e+04 -4.5477352205e-14
30  4.4816484384e+04  4.1492211190e-15
31  4.0011194926e+04 -2.2519263044e-14
