0  1.0012815628e+05  0.0000000000e+00
1  1.0264662448e+05  0.0000000000e+00
2  7.8093083792e+04  0.0000000000e+00
3  6.1979293855e+04  0.0000000000e+00
4  4.8807923278e+04  0.0000000000e+00
5  3.8445095843e+04  0.0000000000e+00
6  3.0173111233e+04  0.0000000000e+00
7  2.3575692701e+04  0.0000000000e+00
8  1.8289689952e+04  0.0000000000e+00
9  1.4160593022e+04  0.0000000000e+00
10  1.1012612631e+04  0.0000000000e+00
11  8.5977876078e+03  0.0000000000e+00
12  6.7233376911e+03  0.0000000000e+00
13  5.2597299235e+03  0.0000000000e+00
14  4.1228904035e+03  0.0000000000e+00
15  3.2313734838e+03  0.0000000000e+00
16  2.5103176171e+03  0.0000000000e+00
17  1.9333457927e+03  0.0000000000e+00
18  1.4893081966e+03  0.0000000000e+00
19  1.1492874367e+03  0.0000000000e+00
20  8.8527234295e+02  0.0000000000e+00
21  6.7920101896e+02  0.0000000000e+00
22  5.2231289735e+02  0.0000000000e+00
23  4.0196523111e+02  0.0000000000e+00
24  3.1108745298e+02  0.0000000000e+00
25  2.4237531710e+02  0.0000000000e+00
26  1.9014345932e+02  0.0000000000e+00
27  1.5122802364e+02  0.0000000000e+00
28  1.2313051316e+02  0.0000000000e+00
29  1.0341033771e+02  0.0000000000e+00
30  9.0329364051e+01  0.0000000000e+00
31  8.2799476027e+01  0.0000000000e+00
