0 -4.1123769633e+02 -4.2609184819e-15
1  1.5799878226e+04 -2.2376882519e-15
2  1.0070401461e+04 -3.1354072272e-15
3  7.7547410177e+03 -2.7309123607e-15
4  5.8958435676e+03 -2.2159876913e-15
5  4.5173543278e+03  5.8789179325e-16
6  3.4627578903e+03 -1.4705487228e-16
7  2.6392504655e+03 -1.7282142925e-16
8  2.0129240047e+03 -3.7123675309e-16
9  1.5259197761e+03  5.8132368802e-16
10  1.1596683499e+03 -3.9269929742e-16
11  8.7917955519e+02 -5.0219715234e-16
12  6.6483038229e+02  8.5801547057e-16
13  5.0533257654e+02  1.3940425894e-16
14  3.8486761433e+02 -2.7531556577e-16
15  2.9176565223e+02 -9.4358993868e-17
16  2.1983456298e+02  1.0305341649e-16
17  1.6621269774e+02 -3.9614566273e-17
18  1.2545225330e+02 -4.8473577989e-18
19  9.4470910048e+01  3.7517895031e-17
20  7.1194889636e+01 -5.1445631312e-17
21  5.3570986792e+01 -1.1839138322e-17
22  4.0203677572e+01  6.8658373122e-18
23  3.0192992486e+01 -1.3094917606e-17
24  2.2611162166e+01 -2.7814973801e-18
25  1.6793866892e+01  1.1255413508e-18
26  1.2415712250e+01  8.3310984318e-19
27  9.0862017598e+00 -1.2341534739e-18
28  6.4497031511e+00 -1.1976516479e-18
29  4.3660211409e+00  5.7841762386e-19
30  2.6275744396e+00 -7.3797745530e-20
31  1.1458117463e+00 -3.9418795783e-19
