0  5.6364964781e+07  1.1162463804e-11
1  6.0053680142e+07 -8.7914375852e-12
2  3.6043453299e+07 -4.7576964554e-12
3  2.7473933424e+07 -1.8795758549e-12
4  2.1523688438e+07 -1.8792088450e-12
5  1.6741909601e+07 -3.7460554430e-12
6  1.3227744881e+07 -7.3231690057e-12
7  1.0397953932e+07 -3.5193325422e-12
8  8.1893892897e+06 -3.4074577718e-12
9  6.3570250394e+06 -2.5237602193e-14
10  4.9465036420e+06 -2.0939675050e-12
11  3.7493182487e+06  6.5547612727e-12
12  2.9651260825e+06 -1.2638093347e-12
13  2.2546865493e+06  3.1454273070e-13
14  1.7875600286e+06  1.0545673617e-12
15  1.3954878795e+06  1.7835537558e-13
16  1.0742955673e+06 -6.1812612009e-13
17  8.4104153585e+05  3.0633930714e-13
18  6.5541035180e+05 -3.6726936340e-13
19  5.1026660826e+05 -2.9612790455e-13
20  3.9920277463e+05  1.2582833628e-13
21  2.9281459384e+05 -8.6734218278e-14
22  2.2317533031e+05  8.1050550605e-15
23  1.6946633357e+05  1.6452577783e-13
24  1.3605894420e+05 -1.5637560688e-14
25  1.0671026571e+05  1.7707562026e-14
26  8.4243331581e+04 -2.9263078477e-14
27  6.9008534447e+04  2.0811381539e-14
28  5.5966271496e+04  2.2109940715e-14
29  4.6491870744e+04 -1.8904942710e-14
30  3.9911187324e+04 -2.5910650407e-15
31  3.6036041212e+04 -1.9206927164e-14
