0  9.9641772697e+01  4.5140249232e-16
1  1.7561905209e+04 -8.7283367671e-16
2  1.1528888513e+04 -2.0095327278e-17
3  9.1400432623e+03  3.8827835719e-15
4  7.1144456520e+03  2.9980879399e-16
5  5.5523676365e+03 -3.3802649705e-16
6  4.3585754653e+03 -2.6054510053e-15
7  3.4144143856e+03 -5.5868419140e-16
8  2.6652419146e+03 -9.2528418026e-16
9  2.0932387054e+03  1.1365742196e-16
10  1.6342793244e+03  1.6958212644e-15
11  1.2817730455e+03  6.4867286584e-16
12  9.9955843701e+02 -3.6644466419e-16
13  7.8313969206e+02  2.4373092478e-16
14  6.1132104822e+02 -9.9205409343e-16
15  4.7305226464e+02  1.3415805450e-16
16  3.6940223619e+02  9.1560079373e-17
17  2.8405279191e+02  1.8240769816e-16
18  2.2141513168e+02  3.5624948447e-17
19  1.7196551010e+02  3.5575119087e-17
20  1.3310811443e+02  4.3919822985e-17
21  1.0337460296e+02 -2.3054913335e-17
22  8.0383124442e+01 -6.8084508300e-17
23  6.1713961849e+01  9.1508675061e-18
24  4.7405287723e+01  1.1126836553e-18
25  3.6615830802e+01 -3.4295305243e-18
26  2.7779398302e+01  5.4245578129e-18
27  2.0912430386e+01  4.8915358611e-18
28  1.5324511219e+01  6.2353536319e-19
29  1.0600068955e+01 -3.2604945118e-18
30  6.6094914887e+00  1.0360271736e-18
31  3.1891117822e+00  6.6158567136e-19
