0 -1.1913767705e+02 -5.0881692658e-16
1  1.7924823527e+04 -2.2157505221e-15
2  1.1801355668e+04  2.5079650304e-15
3  9.3616875037e+03 -3.1200323087e-15
4  7.4099422609e+03 -4.1902820486e-15
5  5.8735808859e+03 -2.9555202991e-16
6  4.6652532159e+03  2.3296830180e-15
7  3.7183642547e+03  1.0996733881e-15
8  2.9684420112e+03 -1.6993079167e-15
9  2.3708105761e+03 -2.9443759925e-16
10  1.8962881961e+03 -5.5807993928e-16
11  1.5250469703e+03  5.0210419047e-17
12  1.2243102993e+03  4.8852540530e-16
13  9.8216007859e+02 -6.9417738159e-17
14  7.8906740782e+02  6.1173693539e-16
15  6.3315201060e+02 -7.6155038222e-17
16  5.0835531855e+02 -7.2423408103e-17
17  4.0844811170e+02  3.6876384040e-16
18  3.2696881305e+02 -1.9202326912e-16
19  2.6153985505e+02  4.2938852953e-17
20  2.0961635685e+02  2.4362361629e-17
21  1.6711373305e+02 -6.5562891216e-17
22  1.3351572236e+02 -6.6156026038e-17
23  1.0651616563e+02  4.5230606471e-17
24  8.5006679245e+01  4.6702749734e-17
25  6.7683750223e+01 -1.2930222638e-17
26  5.3280156556e+01  2.1784674934e-17
27  4.1372426288e+01  6.2705849085e-18
28  3.1221860821e+01 -9.6072859158e-18
29  2.2457822138e+01 -1.3487940894e-18
30  1.4630649610e+01 -1.1837285438e-19
31  7.3770992080e+00  1.7105830370e-18
