0  5.0030319564e+07  3.0344038156e-12
1  5.1814730685e+07  3.5893713088e-11
2  3.1527620927e+07  2.2836854475e-11
3  2.4545913089e+07  1.6955873074e-11
4  1.9236103406e+07 -3.5507049488e-12
5  1.5261773701e+07 -3.4867115547e-13
6  1.2162440939e+07 -6.7094045467e-12
7  9.8000894106e+06 -4.0642750197e-12
8  7.8354370595e+06 -9.1607655847e-13
9  6.2527921041e+06 -1.6976578810e-12
10  5.0114149467e+06 -1.0461596493e-12
11  3.9161192580e+06  1.1521809837e-12
12  3.1077775487e+06  1.4588435010e-12
13  2.4808052324e+06  5.3418456885e-13
14  1.9641936259e+06  5.0849494118e-13
15  1.5762428488e+06 -4.0650390032e-13
16  1.2484096004e+06 -4.2227453786e-13
17  1.0060473018e+06 -5.1077320121e-13
18  8.0613341579e+05 -8.1272305056e-13
19  6.5421440044e+05  7.5566280996e-13
20  5.2342849214e+05  3.3066023966e-13
21  4.1280964487e+05  6.8306006516e-14
22  3.3454703271e+05  2.4807848868e-14
23  2.7077809680e+05 -8.4978061321e-14
24  2.1574362810e+05  8.9756985499e-14
25  1.7317941378e+05 -4.9755711305e-14
26  1.4531928110e+05 -4.8891957936e-14
27  1.2350455715e+05  7.1343629262e-15
28  1.0378627730e+05  2.6678138722e-14
29  8.9640817026e+04 -1.8515957974e-15
30  8.1330498087e+04 -2.3256953853e-14
31  7.3663696359e+04  5.0433472409e-14
