0  9.6830843882e+04  0.0000000000e+00
1  9.9887222279e+04  0.0000000000e+00
2  7.5934476397e+04  0.0000000000e+00
3  6.0710130810e+04  0.0000000000e+00
4  4.8278452777e+04  0.0000000000e+00
5  3.8345619022e+04  0.0000000000e+00
6  3.0473854829e+04  0.0000000000e+00
7  2.4299218470e+04  0.0000000000e+00
8  1.9363287957e+04  0.0000000000e+00
9  1.5377676597e+04  0.0000000000e+00
10  1.2247605907e+04  0.0000000000e+00
11  9.7630773704e+03  0.0000000000e+00
12  7.7840138660e+03  0.0000000000e+00
13  6.2136337785e+03  0.0000000000e+00
14  4.9546098084e+03  0.0000000000e+00
15  3.9716756638e+03  0.0000000000e+00
16  3.2077286226e+03  0.0000000000e+00
17  2.5843660571e+03  0.0000000000e+00
18  2.0791701982e+03  0.0000000000e+00
19  1.6667292299e+03  0.0000000000e+00
20  1.3379112221e+03  0.0000000000e+00
21  1.0749082882e+03  0.0000000000e+00
22  8.6622546933e+02  0.0000000000e+00
23  7.0012002856e+02  0.0000000000e+00
24  5.6780083195e+02  0.0000000000e+00
25  4.6301969886e+02  0.0000000000e+00
26  3.8171479833e+02  0.0000000000e+00
27  3.1928578081e+02  0.0000000000e+00
28  2.7326620554e+02  0.0000000000e+00
29  2.4012291822e+02  0.0000000000e+00
30  2.1830689226e+02  0.0000000000e+00
31  2.0670761878e+02  0.0000000000e+00
