0  8.0702702136e+01  2.8483302913e-15
1  1.8703836497e+04 -4.2874334454e-15
2  1.2406845754e+04 -4.7152314588e-15
3  9.8769114637e+03  1.0420456603e-15
4  7.7325025701e+03  3.2469042917e-15
5  6.1025475577e+03 -1.1650048805e-16
6  4.8057313173e+03 -8.4277300680e-16
7  3.7954343918e+03  1.5352903097e-15
8  2.9891454359e+03 -9.7581800708e-16
9  2.3612657387e+03 -1.7482742032e-15
10  1.8516804368e+03  1.0771341061e-15
11  1.4516766547e+03  4.4429747408e-16
12  1.1406376631e+03  2.5151923391e-16
13  8.9998822896e+02  2.1962823168e-16
14  7.1293120463e+02  2.9814024496e-16
15  5.6342002298e+02 -3.6303458895e-16
16  4.4496941937e+02 -3.8480918552e-16
17  3.5315669391e+02 -1.2108759497e-16
18  2.7922078379e+02 -7.4186957169e-17
19  2.2066270527e+02  2.2513489875e-16
20  1.7584943642e+02 -5.5745355841e-17
21  1.3931516794e+02  1.7596474204e-17
22  1.1033024323e+02  1.6903389495e-17
23  8.6766901802e+01  3.3605396908e-17
24  6.8999069769e+01 -1.4766166551e-17
25  5.4210042896e+01 -2.7579392763e-18
26  4.2326051327e+01  2.1936459268e-17
27  3.2272597126e+01  2.8630772408e-18
28  2.4013203311e+01 -8.9661613840e-18
29  1.6901004559e+01 -3.9321386994e-18
30  1.0795355955e+01  1.7580168820e-18
31  5.2990941971e+00  3.2594886602e-18
