0  4.9514650461e+07  1.0175991518e-11
1  5.3766218183e+07 -1.9588201830e-11
2  3.2698020718e+07 -9.5560668387e-12
3  2.4202062092e+07 -6.0698911533e-13
4  1.8911563510e+07  5.3965641135e-12
5  1.4723681995e+07 -2.3782254175e-12
6  1.1203057296e+07 -8.4766539093e-12
7  8.7218028475e+06 -4.5368195734e-12
8  6.8815938486e+06 -9.8587970687e-13
9  5.4107408548e+06 -2.1411022894e-12
10  4.2217516556e+06  1.2310323592e-14
11  3.4127639904e+06 -3.3269133774e-13
12  2.6396966960e+06 -1.8288208828e-12
13  2.0777288710e+06 -9.7345865810e-13
14  1.5820686456e+06  1.2710388307e-12
15  1.2644161566e+06  3.5955366799e-13
16  1.0014936953e+06  3.8921222328e-13
17  7.5329869685e+05 -6.4961880593e-14
18  5.9164745664e+05  7.3224307900e-14
19  4.5758468253e+05  1.7598251452e-13
20  3.5367821372e+05 -2.0447486605e-13
21  2.6630062732e+05  2.7135485547e-13
22  1.9987966506e+05  1.1980787402e-13
23  1.5738559844e+05  7.5427376809e-15
24  1.2121902242e+05  1.0368681023e-13
25  9.6669170652e+04 -1.6016943562e-14
26  7.4753203751e+04  3.2662270413e-14
27  5.8905630912e+04 -8.4798542670e-15
28  4.9143048206e+04 -2.6826971008e-14
29  4.0942078820e+04  2.9757691313e-15
30  3.7063356508e+04 -1.1479799983e-14
31  3.3315432155e+04  1.6251105866e-14
