0  5.1152158178e+02 -2.7796506365e-15
1  1.8067443435e+04  1.3025067034e-15
2  1.1954469969e+04  9.5156994196e-16
3  9.5177543372e+03 -1.6760304455e-16
4  7.5286995234e+03  2.6227771701e-16
5  5.9527398882e+03 -2.5012035899e-17
6  4.7102671917e+03  3.7993599322e-16
7  3.7269525583e+03  5.3757687151e-17
8  2.9531723247e+03 -2.0407840084e-16
9  2.3534126982e+03 -1.5335647977e-15
10  1.8793054558e+03 -1.9126605342e-15
11  1.4912317284e+03  1.3172299360e-15
12  1.1806504765e+03  4.1743932987e-16
13  9.2526051590e+02  7.5638623410e-16
14  7.3355591666e+02  6.5991225190e-16
15  5.7916431245e+02 -1.6207657808e-17
16  4.5732293899e+02 -2.6965876211e-16
17  3.5902042693e+02 -6.5203749247e-17
18  2.7916256375e+02  1.6267627741e-16
19  2.2135731518e+02 -1.8249324849e-17
20  1.7492730180e+02 -1.8230668948e-16
21  1.3786503414e+02  1.0450501921e-16
22  1.0821300281e+02  3.7886407302e-17
23  8.5581611878e+01 -5.0431282888e-18
24  6.7035392829e+01  1.4807777044e-17
25  5.1831041165e+01  4.8471460407e-19
26  4.0120932103e+01 -6.3728641369e-18
27  3.0721855481e+01  1.4113262967e-17
28  2.3068810239e+01 -2.4606307118e-18
29  1.6417487593e+01 -2.6312019715e-18
30  1.0838501326e+01  4.0901103441e-19
31  5.8999458680e+00 -1.4545673287e-18
