0  1.0951823273e+05  0.0000000000e+00
1  1.1036391774e+05  0.0000000000e+00
2  8.3847978557e+04  0.0000000000e+00
3  6.5976094318e+04  0.0000000000e+00
4  5.1239324423e+04  0.0000000000e+00
5  3.9667077276e+04  0.0000000000e+00
6  3.0768710327e+04  0.0000000000e+00
7  2.3819893932e+04  0.0000000000e+00
8  1.8463095302e+04  0.0000000000e+00
9  1.4235933929e+04  0.0000000000e+00
10  1.0953457026e+04  0.0000000000e+00
11  8.4425590733e+03  0.0000000000e+00
12  6.5159797502e+03  0.0000000000e+00
13  5.0195164773e+03  0.0000000000e+00
14  3.8705431934e+03  0.0000000000e+00
15  3.0008222691e+03  0.0000000000e+00
16  2.3337785657e+03  0.0000000000e+00
17  1.8171128839e+03  0.0000000000e+00
18  1.4168622617e+03  0.0000000000e+00
19  1.1047596258e+03  0.0000000000e+00
20  8.6165657123e+02  0.0000000000e+00
21  6.7163272469e+02  0.0000000000e+00
22  5.2287382660e+02  0.0000000000e+00
23  4.0727699566e+02  0.0000000000e+00
24  3.1721322117e+02  0.0000000000e+00
25  2.4734303654e+02  0.0000000000e+00
26  1.9534088863e+02  0.0000000000e+00
27  1.5621053684e+02  0.0000000000e+00
28  1.2736899839e+02  0.0000000000e+00
29  1.0690180539e+02  0.0000000000e+00
30  9.3035424961e+01  0.0000000000e+00
31  8.4950815742e+01  0.0000000000e+00
