0  1.0200224220e+05  0.0000000000e+00
1  1.0478613150e+05  0.0000000000e+00
2  8.0272184853e+04  0.0000000000e+00
3  6.4139183418e+04  0.0000000000e+00
4  5.0676799268e+04  0.0000000000e+00
5  3.9896523149e+04  0.0000000000e+00
6  3.1409904943e+04  0.0000000000e+00
7  2.4769103653e+04  0.0000000000e+00
8  1.9624460025e+04  0.0000000000e+00
9  1.5578994255e+04  0.0000000000e+00
10  1.2382356823e+04  0.0000000000e+00
11  9.8247406534e+03  0.0000000000e+00
12  7.7492845264e+03  0.0000000000e+00
13  6.0972505728e+03  0.0000000000e+00
14  4.7932731251e+03  0.0000000000e+00
15  3.7555862136e+03  0.0000000000e+00
16  2.9459955184e+03  0.0000000000e+00
17  2.3170502536e+03  0.0000000000e+00
18  1.8189356201e+03  0.0000000000e+00
19  1.4187486787e+03  0.0000000000e+00
20  1.0994156230e+03  0.0000000000e+00
21  8.5023248859e+02  0.0000000000e+00
22  6.5857283327e+02  0.0000000000e+00
23  5.1024096410e+02  0.0000000000e+00
24  3.9590324052e+02  0.0000000000e+00
25  3.0920276849e+02  0.0000000000e+00
26  2.4207814065e+02  0.0000000000e+00
27  1.9051222513e+02  0.0000000000e+00
28  1.5205450515e+02  0.0000000000e+00
29  1.2409402244e+02  0.0000000000e+00
30  1.0463368846e+02  0.0000000000e+00
31  9.2868211585e+01  0.0000000000e+00
