0  4.9250625199e+07  1.1015113188e-11
1  4.8825452386e+07 -9.7785161283e-12
2  3.0656214533e+07  1.1709161277e-11
3  2.2837563044e+07  4.5655325297e-12
4  1.7499549048e+07 -6.3987295076e-12
5  1.3759917973e+07  9.8928541879e-12
6  1.0754276933e+07 -2.1164660399e-12
7  8.5375449802e+06  2.7683738950e-12
8  6.6318470798e+06 -7.8367318517e-12
9  5.4689682398e+06  3.5696212749e-12
10  4.3734719720e+06  1.7306124561e-12
11  3.4564698442e+06  7.3352373606e-13
12  2.7096611148e+06  1.0943414681e-12
13  2.1882299063e+06  5.4163758548e-13
14  1.7753960050e+06  5.8246475678e-13
15  1.4177955262e+06 -1.6368709270e-13
16  1.1654602786e+06 -1.2824847271e-13
17  9.3154823237e+05 -2.6951966340e-13
18  7.2909788787e+05 -4.5039674264e-13
19  5.7849766790e+05 -1.7636056914e-13
20  4.6641123496e+05  6.4419959380e-13
21  3.8085109687e+05  9.2538723878e-14
22  3.0505248570e+05  9.8827960437e-14
23  2.4931929211e+05 -7.3778304456e-14
24  1.9996956103e+05 -1.8047076161e-14
25  1.6002173003e+05 -8.3165804613e-14
26  1.3386946488e+05  2.3443678192e-14
27  1.1530159693e+05  2.4109805592e-14
28  9.6614374091e+04 -1.2012388801e-13
29  8.5833544673e+04  2.6135744904e-14
30  7.6032438275e+04 -1.2161860731e-14
31  7.2657443221e+04 -8.1693751036e-14
