0 -4.0469932301e+01 -4.5417879103e-15
1  1.8984987677e+04 -4.6319749493e-15
2  1.2549434022e+04 -1.7453321401e-15
3  1.0015740094e+04 -6.6543437732e-16
4  7.9120930026e+03 -1.2914990868e-15
5  6.2876584205e+03  8.0561113031e-16
6  4.9912927015e+03  1.6335217794e-15
7  3.9855177908e+03 -2.9484920432e-16
8  3.1603398150e+03 -9.0909727476e-16
9  2.5002059158e+03 -2.5255994623e-16
10  1.9753184457e+03 -9.5535893209e-17
11  1.5386504251e+03  9.1799779109e-16
12  1.1975505785e+03 -1.0562639554e-15
13  9.2747543764e+02 -4.7956204971e-16
14  7.1913782771e+02 -2.1008852312e-17
15  5.5420395405e+02 -2.8794323883e-16
16  4.2444250762e+02 -1.0082762567e-17
17  3.2462465137e+02  1.0308322147e-16
18  2.4723243706e+02 -3.9678755488e-17
19  1.8969560366e+02  5.5189755167e-17
20  1.4551996237e+02 -4.9658630022e-17
21  1.1183133277e+02  7.3171576423e-17
22  8.6561238403e+01  1.3206302439e-18
23  6.7049570198e+01 -1.0679338459e-17
24  5.1810301240e+01  2.4393119513e-17
25  4.0049729492e+01  1.2225914742e-17
26  3.0697356315e+01  1.3997537091e-17
27  2.3181630792e+01  6.7317943483e-19
28  1.7151058982e+01  3.3902493714e-19
29  1.2139746013e+01  2.4610012887e-18
30  7.7993471168e+00 -2.2090089869e-18
31  3.8972418695e+00  1.1593763466e-19
