0  1.0423908275e+05  0.0000000000e+00
1  1.0679383346e+05  0.0000000000e+00
2  8.1711738690e+04  0.0000000000e+00
3  6.5427634113e+04  0.0000000000e+00
4  5.2168912618e+04  0.0000000000e+00
5  4.1396096637e+04  0.0000000000e+00
6  3.2659905362e+04  0.0000000000e+00
7  2.5727604610e+04  0.0000000000e+00
8  2.0305645943e+04  0.0000000000e+00
9  1.6012722469e+04  0.0000000000e+00
10  1.2632847878e+04  0.0000000000e+00
11  1.0011776784e+04  0.0000000000e+00
12  7.9454247975e+03  0.0000000000e+00
13  6.3031471286e+03  0.0000000000e+00
14  4.9953440058e+03  0.0000000000e+00
15  3.9669249242e+03  0.0000000000e+00
16  3.1434891397e+03  0.0000000000e+00
17  2.4818238512e+03  0.0000000000e+00
18  1.9591499559e+03  0.0000000000e+00
19  1.5509861062e+03  0.0000000000e+00
20  1.2250281523e+03  0.0000000000e+00
21  9.6567999187e+02  0.0000000000e+00
22  7.6250163571e+02  0.0000000000e+00
23  6.0100979325e+02  0.0000000000e+00
24  4.7449037853e+02  0.0000000000e+00
25  3.7604128880e+02  0.0000000000e+00
26  2.9967046546e+02  0.0000000000e+00
27  2.4097755530e+02  0.0000000000e+00
28  1.9722102522e+02  0.0000000000e+00
29  1.6572672035e+02  0.0000000000e+00
30  1.4485705087e+02  0.0000000000e+00
31  1.3248047746e+02  0.0000000000e+00
