0  9.4836205914e+04  0.0000000000e+00
1  9.7914242384e+04  0.0000000000e+00
2  7.3780910242e+04  0.0000000000e+00
3  5.8189078422e+04  0.0000000000e+00
4  4.5642145713e+04  0.0000000000e+00
5  3.5806509763e+04  0.0000000000e+00
6  2.8053567921e+04  0.0000000000e+00
7  2.1960897142e+04  0.0000000000e+00
8  1.7238307036e+04  0.0000000000e+00
9  1.3503128051e+04  0.0000000000e+00
10  1.0475663425e+04  0.0000000000e+00
11  8.0953339349e+03  0.0000000000e+00
12  6.2695068504e+03  0.0000000000e+00
13  4.8727224760e+03  0.0000000000e+00
14  3.8008554638e+03  0.0000000000e+00
15  2.9711043972e+03  0.0000000000e+00
16  2.3110823191e+03  0.0000000000e+00
17  1.7858564089e+03  0.0000000000e+00
18  1.3775661530e+03  0.0000000000e+00
19  1.0642563117e+03  0.0000000000e+00
20  8.1966711628e+02  0.0000000000e+00
21  6.2778111902e+02  0.0000000000e+00
22  4.8294031466e+02  0.0000000000e+00
23  3.7341310346e+02  0.0000000000e+00
24  2.8861321183e+02  0.0000000000e+00
25  2.2500960482e+02  0.0000000000e+00
26  1.7704573559e+02  0.0000000000e+00
27  1.4086836930e+02  0.0000000000e+00
28  1.1453974187e+02  0.0000000000e+00
29  9.6317011781e+01  0.0000000000e+00
30  8.4231122174e+01  0.0000000000e+00
31  7.7480697308e+01  0.0000000000e+00
