0  7.8155908646e+01 -2.1241558997e-15
1  1.7553025761e+04  7.7531996157e-16
2  1.1406141771e+04 -1.8790536550e-15
3  8.9330237631e+03 -7.8518334260e-16
4  6.9339976637e+03 -6.5044305882e-16
5  5.3973671949e+03 -1.3013514564e-15
6  4.2162173427e+03 -7.3884884044e-17
7  3.3087321126e+03 -1.7297900914e-15
8  2.5869550115e+03  1.3844136777e-15
9  2.0287438023e+03 -1.0068042193e-15
10  1.5837499616e+03  1.3635114986e-15
11  1.2319065079e+03 -2.4474937602e-16
12  9.5360266680e+02  3.7472414655e-16
13  7.3536744781e+02 -2.4925045616e-16
14  5.6959461247e+02  2.3388281681e-16
15  4.3831891494e+02  2.7496550293e-16
16  3.3823305854e+02  7.7610187886e-17
17  2.5825189620e+02  2.0837211673e-16
18  1.9816025348e+02  4.5816435633e-17
19  1.5298370422e+02 -8.4347011492e-17
20  1.1815002212e+02 -5.9731863468e-17
21  9.1168548498e+01 -3.0000689382e-17
22  7.0461124068e+01  2.7421632876e-17
23  5.4941329354e+01 -9.1889839887e-18
24  4.2475600471e+01  9.6920156803e-18
25  3.2800804288e+01 -4.9580808870e-18
26  2.5225087545e+01  1.3851635666e-18
27  1.9082971719e+01 -5.3948057806e-18
28  1.4056133222e+01 -2.5874209561e-18
29  9.9854971749e+00 -2.6815474923e-18
30  6.5293885931e+00 -4.7481490650e-19
31  3.4584115045e+00 -3.0673180602e-19
