0 -1.1585503672e+02  4.6784774287e-16
1  1.7323490591e+04 -4.8314211916e-15
2  1.1318762759e+04  8.0794078855e-16
3  8.8708155160e+03 -1.2434001091e-15
4  6.8971714947e+03 -5.3017020366e-16
5  5.3880077861e+03 -4.7559714142e-16
6  4.2346133868e+03 -2.2606437448e-15
7  3.3015403724e+03  3.4717032360e-16
8  2.5712452395e+03  6.3339006213e-17
9  1.9912326848e+03  6.5518760800e-16
10  1.5462831564e+03  1.1581029384e-15
11  1.2004951242e+03  4.2408684444e-16
12  9.3267556189e+02  1.9450539329e-16
13  7.2260037289e+02 -1.3306951129e-16
14  5.5517965549e+02  9.0214726355e-17
15  4.3116397446e+02 -1.3669385939e-16
16  3.3332297382e+02 -1.3549890766e-16
17  2.5867071300e+02  2.6228925783e-16
18  1.9909196137e+02 -5.0128468610e-17
19  1.5460302019e+02 -1.1987093803e-16
20  1.1991973453e+02 -4.7922106601e-17
21  9.2531502948e+01  2.5422635121e-17
22  7.1288209874e+01 -1.6425609974e-17
23  5.4646347943e+01 -3.0293286326e-17
24  4.1755503947e+01  1.5011064952e-17
25  3.1763682739e+01 -1.0867432713e-17
26  2.3935956233e+01 -1.0342060528e-17
27  1.7957236403e+01  2.2155734922e-18
28  1.3111553852e+01 -5.4527745979e-20
29  9.1552496352e+00 -3.2291013532e-18
30  5.7858011813e+00  2.9010878443e-19
31  2.8851200118e+00 -2.0201735792e-19
