0  4.8329881385e+07  2.3366405912e-11
1  5.2197757346e+07  3.8867350598e-11
2  2.9693359525e+07  3.9644777583e-12
3  2.2469959142e+07 -1.4509718024e-13
4  1.7069511863e+07  4.2362195255e-12
5  1.3367438942e+07  9.3665396413e-12
6  1.0390256616e+07  1.8222177869e-12
7  8.1810414077e+06  1.1124622376e-12
8  6.4621198592e+06  3.8416085182e-12
9  5.1478979599e+06 -3.0726830799e-12
10  4.0607180787e+06  7.5852293282e-13
11  3.1149192976e+06  2.8388075154e-13
12  2.3536529943e+06 -7.3632687663e-13
13  1.8066097932e+06 -1.6943843788e-12
14  1.3913131951e+06  8.4245222674e-13
15  1.0806122619e+06  9.2698117496e-13
16  8.4398857146e+05  2.6916257089e-13
17  6.4350435971e+05  2.3327357949e-13
18  4.7812242028e+05  6.5406705041e-14
19  3.5739654046e+05  5.4429141134e-14
20  2.7230118840e+05  2.6846810463e-13
21  2.0984853347e+05 -4.0668668099e-14
22  1.5714788320e+05 -5.5913193915e-14
23  1.1589902366e+05 -1.1920012836e-14
24  8.6838396945e+04 -2.4097043738e-14
25  6.9203942485e+04  1.6010402128e-14
26  5.4648981944e+04 -1.5495949595e-14
27  4.3451178513e+04 -8.3798093428e-15
28  3.4979466445e+04  1.1053689071e-15
29  2.8778030850e+04 -3.7873919387e-14
30  2.4860644276e+04 -5.2011141842e-15
31  2.2568930868e+04 -6.4452547614e-15
