0  9.0442036144e+01 -8.4586245360e-15
1  1.8255227280e+04  3.5684771737e-15
2  1.1928398718e+04 -2.6797284891e-16
3  9.3558516228e+03  1.0384087126e-15
4  7.2523803416e+03 -1.1320010887e-15
5  5.6459169087e+03  1.8643581628e-15
6  4.3526480311e+03 -3.7283849239e-16
7  3.3687864907e+03 -4.0090037630e-16
8  2.6114745838e+03  8.3695134936e-16
9  2.0243040120e+03  5.5419692849e-16
10  1.5658221266e+03 -8.6312254985e-16
11  1.2178865724e+03  2.2820009923e-16
12  9.5041029479e+02  7.9320627986e-16
13  7.3894196458e+02  5.4290597930e-16
14  5.7469478425e+02  7.3724371300e-17
15  4.4587513682e+02  9.6490393461e-17
16  3.4670488051e+02  2.9983621668e-16
17  2.6830864887e+02  2.7210827551e-17
18  2.0805141415e+02  3.3547629261e-16
19  1.6193984858e+02  3.5116755148e-17
20  1.2594793031e+02 -7.9550581549e-17
21  9.7906466161e+01 -5.5598183867e-18
22  7.6033232827e+01  3.9179508975e-18
23  5.8905896820e+01 -2.5987182580e-17
24  4.5629008559e+01 -7.0780190655e-18
25  3.4946434432e+01  8.3802263428e-18
26  2.6558322622e+01  1.3801343084e-18
27  1.9858883156e+01 -5.4180462471e-18
28  1.4459607000e+01  1.8203267432e-19
29  9.9576602085e+00 -9.3988893410e-19
30  6.2058428436e+00 -1.0105103061e-18
31  2.9009418179e+00 -8.4602709563e-19
