0  1.0554028806e+05  0.0000000000e+00
1  1.0785488472e+05  0.0000000000e+00
2  8.2829940960e+04  0.0000000000e+00
3  6.6288292220e+04  0.0000000000e+00
4  5.2639370089e+04  0.0000000000e+00
5  4.1701303058e+04  0.0000000000e+00
6  3.2983159451e+04  0.0000000000e+00
7  2.5921385675e+04  0.0000000000e+00
8  2.0281019382e+04  0.0000000000e+00
9  1.5900907849e+04  0.0000000000e+00
10  1.2513242535e+04  0.0000000000e+00
11  9.8183417173e+03  0.0000000000e+00
12  7.6658853815e+03  0.0000000000e+00
13  5.9819935992e+03  0.0000000000e+00
14  4.6661719513e+03  0.0000000000e+00
15  3.6481413230e+03  0.0000000000e+00
16  2.8601132980e+03  0.0000000000e+00
17  2.2515683329e+03  0.0000000000e+00
18  1.7842223546e+03  0.0000000000e+00
19  1.4153207571e+03  0.0000000000e+00
20  1.1122210071e+03  0.0000000000e+00
21  8.6956319511e+02  0.0000000000e+00
22  6.8089688744e+02  0.0000000000e+00
23  5.3476971457e+02  0.0000000000e+00
24  4.2176640999e+02  0.0000000000e+00
25  3.3483350856e+02  0.0000000000e+00
26  2.6754089477e+02  0.0000000000e+00
27  2.1534320311e+02  0.0000000000e+00
28  1.7492365379e+02  0.0000000000e+00
29  1.4525404597e+02  0.0000000000e+00
30  1.2512852817e+02  0.0000000000e+00
31  1.1314699724e+02  0.0000000000e+00
