0  1.4000747165e+02  3.4567850799e-15
1  1.8482622778e+04  1.0517608106e-15
2  1.2149266530e+04 -1.6390356462e-15
3  9.6095877519e+03  1.1150885936e-15
4  7.5321377864e+03  3.4149852216e-15
5  5.9299999419e+03  2.2617691869e-15
6  4.6379250711e+03 -1.9522595098e-15
7  3.6392416662e+03  7.3456359488e-16
8  2.8584114415e+03 -1.1081058658e-15
9  2.2379611037e+03 -3.2689235484e-16
10  1.7547407851e+03 -3.4069782721e-16
11  1.3691902021e+03 -7.5041835759e-16
12  1.0652625343e+03 -4.7464211177e-16
13  8.3029239351e+02 -3.5559025461e-16
14  6.4679655290e+02 -6.7985574852e-16
15  5.0257640883e+02 -2.7591251224e-17
16  3.9152065321e+02 -2.4012769956e-16
17  3.0259552381e+02 -9.4158511757e-17
18  2.3379903893e+02  2.2727905678e-17
19  1.8003929080e+02  2.2752721096e-17
20  1.3871908838e+02  1.1141341993e-17
21  1.0722126124e+02 -2.6113390489e-17
22  8.1986385821e+01  4.7498431308e-18
23  6.2741091116e+01  6.8429674226e-19
24  4.7934225540e+01  1.8522195189e-18
25  3.6593671276e+01 -4.6556636550e-18
26  2.7763493877e+01  3.0802882522e-19
27  2.0833374568e+01 -2.9548214969e-18
28  1.5347969801e+01 -1.3721933746e-19
29  1.0920486668e+01  2.0986829455e-18
30  7.1405246102e+00  1.7254061136e-18
31  3.7499906792e+00 -1.3319328398e-18
