0  1.0037145930e+05  0.0000000000e+00
1  1.0253428045e+05  0.0000000000e+00
2  7.7689269259e+04  0.0000000000e+00
3  6.1945028703e+04  0.0000000000e+00
4  4.9301199431e+04  0.0000000000e+00
5  3.9472615560e+04  0.0000000000e+00
6  3.1637303002e+04  0.0000000000e+00
7  2.5277807710e+04  0.0000000000e+00
8  2.0181650530e+04  0.0000000000e+00
9  1.6147069528e+04  0.0000000000e+00
10  1.2885600815e+04  0.0000000000e+00
11  1.0208849879e+04  0.0000000000e+00
12  8.1302583930e+03  0.0000000000e+00
13  6.4967044016e+03  0.0000000000e+00
14  5.1820130259e+03  0.0000000000e+00
15  4.1374848655e+03  0.0000000000e+00
16  3.2842923295e+03  0.0000000000e+00
17  2.5864440230e+03  0.0000000000e+00
18  2.0218507802e+03  0.0000000000e+00
19  1.5791932563e+03  0.0000000000e+00
20  1.2462107303e+03  0.0000000000e+00
21  9.8861136195e+02  0.0000000000e+00
22  7.8523582094e+02  0.0000000000e+00
23  6.2618946185e+02  0.0000000000e+00
24  4.9829821162e+02  0.0000000000e+00
25  3.9597386754e+02  0.0000000000e+00
26  3.1770369175e+02  0.0000000000e+00
27  2.5910368606e+02  0.0000000000e+00
28  2.1584393520e+02  0.0000000000e+00
29  1.8428463702e+02  0.0000000000e+00
30  1.6214742487e+02  0.0000000000e+00
31  1.4883626288e+02  0.0000000000e+00
