0  9.6963462191e+04  0.0000000000e+00
1  9.8814947095e+04  0.0000000000e+00
2  7.4246018636e+04  0.0000000000e+00
3  5.8889073665e+04  0.0000000000e+00
4  4.6511376407e+04  0.0000000000e+00
5  3.6641713567e+04  0.0000000000e+00
6  2.8813887189e+04  0.0000000000e+00
7  2.2813806137e+04  0.0000000000e+00
8  1.8225639183e+04  0.0000000000e+00
9  1.4618759468e+04  0.0000000000e+00
10  1.1699127202e+04  0.0000000000e+00
11  9.3370154653e+03  0.0000000000e+00
12  7.4622633986e+03  0.0000000000e+00
13  5.9584403013e+03  0.0000000000e+00
14  4.7472875790e+03  0.0000000000e+00
15  3.7641162405e+03  0.0000000000e+00
16  2.9817256039e+03  0.0000000000e+00
17  2.3550974346e+03  0.0000000000e+00
18  1.8550672051e+03  0.0000000000e+00
19  1.4635130075e+03  0.0000000000e+00
20  1.1614901662e+03  0.0000000000e+00
21  9.2194834018e+02  0.0000000000e+00
22  7.3575437384e+02  0.0000000000e+00
23  5.9117472304e+02  0.0000000000e+00
24  4.7892148353e+02  0.0000000000e+00
25  3.9277615784e+02  0.0000000000e+00
26  3.2621874517e+02  0.0000000000e+00
27  2.7449712064e+02  0.0000000000e+00
28  2.3414122885e+02  0.0000000000e+00
29  2.0503220980e+02  0.0000000000e+00
30  1.8572978517e+02  0.0000000000e+00
31  1.7523654587e+02  0.0000000000e+00
