0  5.3252623397e+07  2.3144059019e-11
1  5.6071049272e+07 -1.7826591951e-11
2  3.4182968660e+07  1.3630861493e-11
3  2.5221185376e+07  2.3826186045e-11
4  1.9845349015e+07  1.4858331926e-12
5  1.5621598422e+07  1.0396114871e-11
6  1.2132709380e+07  8.9801155692e-13
7  9.7152823250e+06  5.6780497105e-12
8  7.8031849715e+06  3.7765628731e-12
9  6.2587891319e+06 -2.9808699042e-13
10  4.6828010179e+06  2.6520782468e-12
11  3.7561130149e+06  1.1986552609e-13
12  2.8237684863e+06  2.2831672074e-12
13  2.2248021333e+06 -3.8033736167e-13
14  1.6648150633e+06 -1.0531014884e-12
15  1.2893059370e+06 -8.3074452177e-13
16  9.8019165394e+05 -1.6569849340e-13
17  7.4889373347e+05  2.1480623246e-13
18  5.7277823366e+05 -7.6155275535e-14
19  4.4017975436e+05 -2.5151223090e-13
20  3.5069745389e+05 -6.4090630435e-14
21  2.6933539942e+05  1.2714037967e-13
22  2.0330942227e+05  7.2878070796e-14
23  1.5903113141e+05  5.0568737148e-14
24  1.2250628205e+05  4.8733036754e-16
25  9.5899336917e+04 -1.6857512272e-15
26  7.4644908625e+04  5.3893893517e-14
27  5.8877082998e+04  3.4905029721e-14
28  4.8195281342e+04  9.5691016407e-15
29  3.8609462093e+04 -2.7166389887e-15
30  3.4069191436e+04  2.5887522569e-15
31  3.1119191936e+04  1.3151326364e-14
