0  1.4605903489e+02  1.6590743282e-15
1  1.6965725935e+04 -5.6039519796e-15
2  1.1240616215e+04  1.8437537158e-15
3  8.9301434019e+03  1.8571582769e-15
4  6.9986799657e+03  2.8598563451e-15
5  5.5622381473e+03  2.4498294535e-16
6  4.3976491916e+03 -1.4557510572e-16
7  3.4933781750e+03  1.4389300417e-16
8  2.7562350933e+03  2.5189673532e-15
9  2.1886739897e+03  5.9689247123e-17
10  1.7283982632e+03 -1.1162977332e-15
11  1.3717079512e+03 -1.5138122541e-16
12  1.0809791954e+03 -1.4641864466e-17
13  8.5116501480e+02 -1.7828857694e-16
14  6.7025647454e+02 -3.4848469374e-16
15  5.2192212424e+02  1.0614656906e-16
16  4.0739857787e+02 -2.1450124713e-16
17  3.1837883502e+02  2.3917208757e-16
18  2.4788866634e+02  1.8147770892e-16
19  1.9333511457e+02 -1.6423021229e-16
20  1.5081546661e+02  4.9800243343e-18
21  1.1570554614e+02 -1.1683496018e-16
22  8.8512724697e+01  2.4556967449e-17
23  6.8194774592e+01 -8.3160635970e-18
24  5.2725043457e+01 -1.1588204812e-17
25  4.0234140244e+01  1.9123383441e-17
26  3.0680949092e+01  5.2550982839e-18
27  2.3033207762e+01  2.1475461586e-18
28  1.6859121308e+01 -7.3120119172e-19
29  1.1887192845e+01  3.5579618949e-18
30  7.6043855379e+00 -8.4020374412e-19
31  3.8332776597e+00 -1.8168856719e-19
