0  1.0804681477e+05  0.0000000000e+00
1  1.0995434797e+05  0.0000000000e+00
2  8.4189286644e+04  0.0000000000e+00
3  6.7180610822e+04  0.0000000000e+00
4  5.3366371988e+04  0.0000000000e+00
5  4.2269442069e+04  0.0000000000e+00
6  3.3186909869e+04  0.0000000000e+00
7  2.5800177674e+04  0.0000000000e+00
8  2.0031391123e+04  0.0000000000e+00
9  1.5656257992e+04  0.0000000000e+00
10  1.2252094788e+04  0.0000000000e+00
11  9.5535792531e+03  0.0000000000e+00
12  7.4449666859e+03  0.0000000000e+00
13  5.8054723548e+03  0.0000000000e+00
14  4.5367955931e+03  0.0000000000e+00
15  3.5565708050e+03  0.0000000000e+00
16  2.7928565790e+03  0.0000000000e+00
17  2.1832764207e+03  0.0000000000e+00
18  1.6987392224e+03  0.0000000000e+00
19  1.3235116132e+03  0.0000000000e+00
20  1.0354496164e+03  0.0000000000e+00
21  8.1120743044e+02  0.0000000000e+00
22  6.3554294998e+02  0.0000000000e+00
23  4.9724791786e+02  0.0000000000e+00
24  3.8964569097e+02  0.0000000000e+00
25  3.0565607494e+02  0.0000000000e+00
26  2.4082423179e+02  0.0000000000e+00
27  1.9113105109e+02  0.0000000000e+00
28  1.5351939914e+02  0.0000000000e+00
29  1.2570680669e+02  0.0000000000e+00
30  1.0689669969e+02  0.0000000000e+00
31  9.5962118013e+01  0.0000000000e+00
