0  9.9979387460e+04  0.0000000000e+00
1  1.0250891596e+05  0.0000000000e+00
2  7.8124176241e+04  0.0000000000e+00
3  6.2412259336e+04  0.0000000000e+00
4  4.9483895456e+04  0.0000000000e+00
5  3.9121635503e+04  0.0000000000e+00
6  3.0907267751e+04  0.0000000000e+00
7  2.4460596239e+04  0.0000000000e+00
8  1.9459987785e+04  0.0000000000e+00
9  1.5505882482e+04  0.0000000000e+00
10  1.2339569646e+04  0.0000000000e+00
11  9.8212459807e+03  0.0000000000e+00
12  7.8342665169e+03  0.0000000000e+00
13  6.2778668639e+03  0.0000000000e+00
14  5.0166684723e+03  0.0000000000e+00
15  3.9913298402e+03  0.0000000000e+00
16  3.1694082959e+03  0.0000000000e+00
17  2.5115064910e+03  0.0000000000e+00
18  1.9885265756e+03  0.0000000000e+00
19  1.5743927450e+03  0.0000000000e+00
20  1.2417051029e+03  0.0000000000e+00
21  9.7578069839e+02  0.0000000000e+00
22  7.6828006386e+02  0.0000000000e+00
23  6.0774408739e+02  0.0000000000e+00
24  4.8060591220e+02  0.0000000000e+00
25  3.8045209156e+02  0.0000000000e+00
26  3.0315181392e+02  0.0000000000e+00
27  2.4410871415e+02  0.0000000000e+00
28  1.9921115743e+02  0.0000000000e+00
29  1.6610122448e+02  0.0000000000e+00
30  1.4390503534e+02  0.0000000000e+00
31  1.3087045772e+02  0.0000000000e+00
