0 -5.5674347040e+01 -5.2261890494e-15
1  1.7929244808e+04 -5.8469960136e-15
2  1.1805353465e+04 -5.4095610946e-16
3  9.3413981239e+03  2.6519345852e-15
4  7.2594639003e+03 -7.9410821113e-16
5  5.6830445605e+03 -7.3256004432e-16
6  4.4763509141e+03  8.2046808820e-16
7  3.5253569771e+03  2.1237191218e-16
8  2.7750717550e+03 -2.3247920380e-16
9  2.1982508688e+03  3.1791179390e-16
10  1.7409788717e+03  4.3807082900e-16
11  1.3734608886e+03  4.2266525845e-16
12  1.0853890913e+03 -1.4372582104e-16
13  8.5935007054e+02 -2.4567502421e-16
14  6.8167981142e+02 -1.5975634308e-16
15  5.4077322928e+02  4.9428750574e-16
16  4.2720526145e+02  2.9902486500e-16
17  3.3767743258e+02  1.4574181239e-16
18  2.6807933688e+02  8.3856261778e-20
19  2.1123903612e+02 -9.7724480761e-17
20  1.6667342148e+02  6.8461226204e-17
21  1.3179658879e+02 -4.4217237429e-18
22  1.0438779727e+02 -7.9557569571e-19
23  8.2470982863e+01  1.1872066728e-17
24  6.4797521391e+01  1.6054821301e-17
25  5.0829324444e+01  1.0009811854e-17
26  3.9290292423e+01  4.4846159392e-18
27  2.9800434188e+01  9.9839773493e-18
28  2.2019414767e+01 -1.0004729656e-17
29  1.5293045680e+01  7.5970385039e-18
30  9.4867473897e+00  4.0246770489e-18
31  4.3454170686e+00 -2.0282203922e-18
