0 -5.7577770271e+01  1.3467887389e-15
1  1.6932390483e+04  3.4183168669e-15
2  1.0991088287e+04  3.1497735413e-15
3  8.5653380610e+03  1.3278240947e-15
4  6.6328799292e+03  1.2339520918e-15
5  5.1758385635e+03  1.5292059662e-15
6  4.0210535121e+03  1.1953326834e-15
7  3.1449962038e+03 -1.8217495468e-15
8  2.4680750426e+03 -3.2979947779e-16
9  1.9238977126e+03 -1.2856970170e-15
10  1.4984009447e+03 -6.5892990544e-16
11  1.1791561588e+03 -1.8111287595e-16
12  9.2202432210e+02 -1.1819021290e-17
13  7.2424753583e+02  4.6885327685e-16
14  5.6615848410e+02 -1.9417179466e-16
15  4.4206703295e+02  9.3689467263e-17
16  3.4632645648e+02 -4.7709342512e-17
17  2.7174110843e+02 -8.2771847847e-17
18  2.1537640770e+02  3.2134312436e-18
19  1.6953201377e+02 -1.6807463014e-17
20  1.3322823153e+02  2.0268121999e-17
21  1.0444343099e+02 -6.1586071529e-17
22  8.2002081195e+01 -5.8879377746e-18
23  6.4239018508e+01  1.2422796963e-18
24  5.0336812938e+01 -2.0036405549e-17
25  3.9116692142e+01 -2.2271566678e-17
26  3.0368993008e+01  1.5171418877e-18
27  2.3075459215e+01 -4.2028716052e-18
28  1.6966537710e+01  2.7653508145e-18
29  1.1926368990e+01 -2.6191317520e-18
30  7.6492202729e+00 -1.3097246947e-18
31  3.7955710324e+00 -6.2638086449e-19
