0  5.7832614359e+07  2.1738720533e-11
1  5.9678814849e+07  1.9384762037e-11
2  3.6977010975e+07  2.4541133204e-11
3  2.8727284385e+07  1.5181492309e-11
4  2.1701554641e+07  5.2743285955e-12
5  1.6981038375e+07 -9.5074177752e-12
6  1.3420326120e+07 -3.9078706003e-12
7  1.0504784837e+07 -1.2446955662e-12
8  8.1749494005e+06  2.0471762559e-12
9  6.5660195533e+06  1.2468309908e-13
10  5.3209532139e+06 -4.4635265024e-15
11  4.0603547332e+06  3.6161393049e-12
12  3.2431386033e+06 -1.1480597327e-12
13  2.6073361517e+06 -1.4154322833e-12
14  2.0249416474e+06  4.4037476293e-13
15  1.5794156919e+06 -1.7204549264e-12
16  1.2224074310e+06 -3.0838597732e-13
17  9.3086871166e+05 -1.1268348116e-13
18  7.3065331680e+05 -1.9731644009e-13
19  5.6537786601e+05 -4.2730306670e-13
20  4.4047040132e+05  2.2006748475e-13
21  3.3403553411e+05 -9.9662318211e-14
22  2.5491378340e+05 -2.0667245408e-13
23  2.0239187270e+05 -1.0597011489e-13
24  1.5038448062e+05 -5.2456012828e-14
25  1.1488920502e+05 -2.9291095247e-14
26  8.5889307878e+04 -3.8698864122e-14
27  6.5582531266e+04 -1.5439766090e-14
28  5.3008467316e+04  2.7645446295e-14
29  4.0881436372e+04 -1.1545636446e-14
30  3.4560979995e+04 -3.4697848676e-14
31  3.0961629041e+04  1.2845046072e-14
