0  9.2895971456e+04  0.0000000000e+00
1  9.5220063542e+04  0.0000000000e+00
2  7.0831362606e+04  0.0000000000e+00
3  5.5505392264e+04  0.0000000000e+00
4  4.3129742788e+04  0.0000000000e+00
5  3.3565735895e+04  0.0000000000e+00
6  2.6233457290e+04  0.0000000000e+00
7  2.0534854072e+04  0.0000000000e+00
8  1.6021609615e+04  0.0000000000e+00
9  1.2565493143e+04  0.0000000000e+00
10  9.9964466984e+03  0.0000000000e+00
11  7.9869894210e+03  0.0000000000e+00
12  6.3613432744e+03  0.0000000000e+00
13  5.0472486083e+03  0.0000000000e+00
14  4.0113487568e+03  0.0000000000e+00
15  3.1912996548e+03  0.0000000000e+00
16  2.5362168655e+03  0.0000000000e+00
17  2.0219429736e+03  0.0000000000e+00
18  1.6073352301e+03  0.0000000000e+00
19  1.2708839663e+03  0.0000000000e+00
20  1.0022051615e+03  0.0000000000e+00
21  7.8963942936e+02  0.0000000000e+00
22  6.2132961065e+02  0.0000000000e+00
23  4.8945394939e+02  0.0000000000e+00
24  3.8745504167e+02  0.0000000000e+00
25  3.0792662200e+02  0.0000000000e+00
26  2.4627059766e+02  0.0000000000e+00
27  1.9897398933e+02  0.0000000000e+00
28  1.6347924726e+02  0.0000000000e+00
29  1.3792661420e+02  0.0000000000e+00
30  1.2101934496e+02  0.0000000000e+00
31  1.1160023138e+02  0.0000000000e+00
