0  1.0354961346e+05  0.0000000000e+00
1  1.0534723688e+05  0.0000000000e+00
2  8.0074468438e+04  0.0000000000e+00
3  6.3895841424e+04  0.0000000000e+00
4  5.0654383875e+04  0.0000000000e+00
5  3.9978900116e+04  0.0000000000e+00
6  3.1400815043e+04  0.0000000000e+00
7  2.4570188981e+04  0.0000000000e+00
8  1.9265458996e+04  0.0000000000e+00
9  1.5117745292e+04  0.0000000000e+00
10  1.1926192223e+04  0.0000000000e+00
11  9.3810871471e+03  0.0000000000e+00
12  7.3372123853e+03  0.0000000000e+00
13  5.6955735586e+03  0.0000000000e+00
14  4.4123773232e+03  0.0000000000e+00
15  3.4249794726e+03  0.0000000000e+00
16  2.6720453825e+03  0.0000000000e+00
17  2.0947257256e+03  0.0000000000e+00
18  1.6456075060e+03  0.0000000000e+00
19  1.2988740824e+03  0.0000000000e+00
20  1.0275428744e+03  0.0000000000e+00
21  8.1401823780e+02  0.0000000000e+00
22  6.4591079819e+02  0.0000000000e+00
23  5.1043597161e+02  0.0000000000e+00
24  4.0103540372e+02  0.0000000000e+00
25  3.1492130666e+02  0.0000000000e+00
26  2.5131781364e+02  0.0000000000e+00
27  2.0375658172e+02  0.0000000000e+00
28  1.6636036618e+02  0.0000000000e+00
29  1.3972785411e+02  0.0000000000e+00
30  1.2270165281e+02  0.0000000000e+00
31  1.1355037947e+02  0.0000000000e+00
