0  1.0508988692e+05  0.0000000000e+00
1  1.0610982391e+05  0.0000000000e+00
2  7.9973005079e+04  0.0000000000e+00
3  6.2989555365e+04  0.0000000000e+00
4  4.9311111174e+04  0.0000000000e+00
5  3.8723075236e+04  0.0000000000e+00
6  3.0481789219e+04  0.0000000000e+00
7  2.4023904248e+04  0.0000000000e+00
8  1.8923781488e+04  0.0000000000e+00
9  1.4907168252e+04  0.0000000000e+00
10  1.1833971097e+04  0.0000000000e+00
11  9.4334141345e+03  0.0000000000e+00
12  7.5093315442e+03  0.0000000000e+00
13  5.9799636217e+03  0.0000000000e+00
14  4.7681675289e+03  0.0000000000e+00
15  3.7944513955e+03  0.0000000000e+00
16  3.0252441861e+03  0.0000000000e+00
17  2.4171876175e+03  0.0000000000e+00
18  1.9289427017e+03  0.0000000000e+00
19  1.5369386432e+03  0.0000000000e+00
20  1.2250526939e+03  0.0000000000e+00
21  9.7891630148e+02  0.0000000000e+00
22  7.8122307888e+02  0.0000000000e+00
23  6.2624363461e+02  0.0000000000e+00
24  5.0730538286e+02  0.0000000000e+00
25  4.1358205059e+02  0.0000000000e+00
26  3.3900155811e+02  0.0000000000e+00
27  2.8058933807e+02  0.0000000000e+00
28  2.3580976392e+02  0.0000000000e+00
29  2.0292193142e+02  0.0000000000e+00
30  1.8069638668e+02  0.0000000000e+00
31  1.6818005514e+02  0.0000000000e+00
