0  4.9932979007e+07 -1.7483975397e-12
1  5.4103006185e+07 -5.7188253587e-12
2  3.2689115516e+07 -2.2906679784e-11
3  2.4720450991e+07  1.4986796276e-11
4  1.8726284514e+07  3.5378551013e-12
5  1.4473789512e+07 -1.4309561399e-11
6  1.1227888015e+07 -6.2948105176e-13
7  9.0758298032e+06 -1.9332001287e-12
8  7.1135265625e+06 -2.6340941951e-12
9  5.6370126974e+06 -2.7842894175e-12
10  4.5234397680e+06  2.1859617848e-12
11  3.6612523193e+06  9.8853705538e-13
12  2.9201356322e+06 -2.1009054778e-13
13  2.2934306688e+06 -4.1185628693e-13
14  1.8393064247e+06  9.4896382318e-14
15  1.4885188212e+06 -4.3047965805e-13
16  1.2088729235e+06  9.8750897409e-13
17  9.6349804114e+05 -1.6726247796e-13
18  7.8359553559e+05  2.1028286053e-13
19  6.1623217796e+05  3.3650680027e-13
20  4.9319919720e+05  3.1574869790e-13
21  3.8790017130e+05 -1.4982601554e-13
22  3.1073990564e+05  1.9999201751e-13
23  2.4488652367e+05  7.9508783061e-14
24  2.0243384037e+05  4.4921665517e-14
25  1.6673926914e+05  3.4643330024e-14
26  1.3926069304e+05 -8.7669775379e-14
27  1.1969313508e+05  1.7172024903e-14
28  1.0057227586e+05  1.4348617921e-14
29  8.9409874844e+04  4.2783964343e-14
30  8.1989200962e+04  4.2771843295e-14
31  7.4895879775e+04 -1.1091030035e-14
