0  5.2568908184e+07 -9.8657250816e-12
1  5.2333225622e+07  1.2669478383e-11
2  3.1483582978e+07  1.7885343204e-11
3  2.4851542925e+07 -7.4923903459e-12
4  1.9006284864e+07 -1.2808417063e-11
5  1.4691021684e+07 -5.6305282847e-12
6  1.1183156802e+07  3.1274673935e-12
7  8.8032312006e+06  1.7975434798e-12
8  6.6437609980e+06  4.1549018272e-12
9  5.0272336826e+06  5.3908149269e-13
10  3.9854232710e+06 -2.1745656430e-13
11  3.0053997485e+06  1.9543809086e-12
12  2.2604659992e+06 -9.5598034161e-13
13  1.7723433424e+06 -1.0586808708e-13
14  1.3686738716e+06  9.7175530900e-13
15  1.0311176186e+06  3.0589687060e-14
16  7.9638846786e+05 -2.7198985888e-13
17  6.1715414151e+05  1.6020879372e-13
18  4.8679915024e+05  1.0429445193e-13
19  3.7124153351e+05  3.1956344677e-13
20  2.9353249656e+05 -2.9820560992e-14
21  2.2733785927e+05 -7.0779343513e-14
22  1.8096724128e+05 -4.6770451423e-15
23  1.4492302123e+05 -2.6113788865e-14
24  1.1508242758e+05  1.6847147208e-13
25  8.9740631578e+04 -8.4235313406e-14
26  7.2740235373e+04  2.5989105775e-14
27  5.8938678887e+04  5.7436143520e-15
28  4.7736699173e+04 -2.9133967253e-15
29  3.8940651021e+04 -5.6524726341e-15
30  3.4266628456e+04  1.7743824652e-14
31  3.2036071054e+04 -5.9544446816e-15
