0  1.0776788326e+05  0.0000000000e+00
1  1.0973938178e+05  0.0000000000e+00
2  8.4089343628e+04  0.0000000000e+00
3  6.6909038699e+04  0.0000000000e+00
4  5.2766950796e+04  0.0000000000e+00
5  4.1617648605e+04  0.0000000000e+00
6  3.2884464293e+04  0.0000000000e+00
7  2.5983574731e+04  0.0000000000e+00
8  2.0534906116e+04  0.0000000000e+00
9  1.6212836585e+04  0.0000000000e+00
10  1.2827374417e+04  0.0000000000e+00
11  1.0155598331e+04  0.0000000000e+00
12  8.0100431037e+03  0.0000000000e+00
13  6.3077938430e+03  0.0000000000e+00
14  4.9621949728e+03  0.0000000000e+00
15  3.8766810560e+03  0.0000000000e+00
16  3.0146489474e+03  0.0000000000e+00
17  2.3540525120e+03  0.0000000000e+00
18  1.8449913058e+03  0.0000000000e+00
19  1.4483712736e+03  0.0000000000e+00
20  1.1420811439e+03  0.0000000000e+00
21  9.0776150834e+02  0.0000000000e+00
22  7.2697481960e+02  0.0000000000e+00
23  5.8369394030e+02  0.0000000000e+00
24  4.6942196046e+02  0.0000000000e+00
25  3.7844523402e+02  0.0000000000e+00
26  3.0720327187e+02  0.0000000000e+00
27  2.5186704165e+02  0.0000000000e+00
28  2.0966105686e+02  0.0000000000e+00
29  1.7933814787e+02  0.0000000000e+00
30  1.5875891943e+02  0.0000000000e+00
31  1.4642679263e+02  0.0000000000e+00
