0  5.0776153601e+07 -4.9268929730e-12
1  5.6696274429e+07 -7.2697078624e-12
2  3.3503187733e+07  1.3734844766e-11
3  2.5555565273e+07  3.3701581006e-12
4  1.9151852887e+07 -7.0906627582e-13
5  1.4974449461e+07 -1.2450838462e-11
6  1.1699763764e+07 -7.9918440610e-12
7  9.1204314836e+06 -4.7162708733e-12
8  6.9309668211e+06  2.5719434844e-12
9  5.4285279845e+06  1.8669401818e-12
10  4.2423511001e+06 -1.9023896600e-12
11  3.3349008648e+06 -9.6876526753e-13
12  2.5915920291e+06  3.9547215874e-13
13  2.0064264935e+06  8.0228004929e-13
14  1.5559729350e+06 -3.9089408989e-13
15  1.2373640964e+06  2.8491424853e-13
16  9.8918940881e+05 -2.2907966562e-14
17  7.8054108191e+05  6.0350855411e-13
18  6.2366231202e+05  3.1792872321e-14
19  4.9020589866e+05  2.5263798456e-13
20  3.7488206397e+05 -3.1306426701e-13
21  2.9819324650e+05  2.0457358391e-14
22  2.2939745426e+05  1.1187268558e-13
23  1.7308381930e+05 -1.3197939690e-13
24  1.3173788671e+05 -5.5503857973e-14
25  1.0164709816e+05 -5.4584501182e-14
26  7.9474843869e+04  1.0908891638e-14
27  6.1673429228e+04 -4.0820490644e-14
28  5.0096591642e+04  2.4116074362e-14
29  4.1093324810e+04 -9.4710001542e-15
30  3.4988064792e+04 -1.7118251249e-14
31  3.2500429764e+04 -5.7429795901e-15
