0 -1.0953686069e+02 -3.2428203223e-15
1  1.8050095245e+04 -5.2535516017e-15
2  1.1784713829e+04 -3.4911062197e-15
3  9.2607411543e+03  2.1195349908e-15
4  7.1777633263e+03 -1.9660506091e-15
5  5.5795299775e+03 -3.9947943882e-16
6  4.3275786566e+03 -3.5014277397e-16
7  3.3531458681e+03  1.3767775169e-15
8  2.5851129641e+03 -4.7029302111e-16
9  1.9868952564e+03  6.8268515620e-16
10  1.5300510944e+03 -5.1352642977e-16
11  1.1804366705e+03 -5.0273560060e-16
12  9.0755511734e+02 -4.4056894092e-16
13  7.0254289547e+02 -8.0406084826e-17
14  5.4137198631e+02  1.1086062505e-16
15  4.1878012371e+02 -1.4039401694e-16
16  3.2548667966e+02  1.1806876955e-16
17  2.5363896039e+02 -2.7368470971e-16
18  1.9755926580e+02 -2.3745967812e-16
19  1.5344068569e+02 -1.1121383779e-16
20  1.1965444133e+02  1.1156731522e-16
21  9.3589470106e+01  1.8563309374e-17
22  7.2981979400e+01 -6.1227882471e-17
23  5.6532770102e+01  3.5146573355e-18
24  4.3451448447e+01 -2.4394019485e-18
25  3.3404293990e+01  7.1031124166e-18
26  2.5464067621e+01 -6.8032098137e-18
27  1.9093926350e+01  2.4053618120e-18
28  1.3795117883e+01 -4.6548695616e-18
29  9.4077973388e+00 -1.8420849020e-18
30  5.7469870757e+00 -2.7915029568e-19
31  2.4939939892e+00 -1.3782284843e-18
