0  1.0914722676e+02  2.0456612241e-15
1  1.7803318517e+04  4.8415348709e-15
2  1.1647187554e+04  3.8676871154e-15
3  9.1804063945e+03 -1.2433194292e-16
4  7.1392407130e+03  5.4691117459e-16
5  5.5644673377e+03 -2.0041508922e-15
6  4.3594744500e+03  8.9217165065e-16
7  3.4001587789e+03 -7.2549790713e-16
8  2.6611366348e+03  1.5368417564e-15
9  2.0907987400e+03  5.7386270418e-16
10  1.6356402651e+03  4.8054677845e-16
11  1.2800499067e+03 -1.5538692362e-16
12  1.0038901170e+03 -9.8978430983e-16
13  7.9013646209e+02  5.8870632131e-16
14  6.2388417240e+02 -6.7703751109e-16
15  4.9279333001e+02 -7.1659516733e-17
16  3.8897487898e+02  2.1988557088e-16
17  3.0660179061e+02  2.1751223750e-16
18  2.4294440982e+02  1.3443694341e-16
19  1.9291155334e+02 -1.4542094573e-16
20  1.5258842652e+02  1.2946792720e-17
21  1.2021575698e+02 -3.0214088745e-17
22  9.4581603382e+01 -5.1841963322e-17
23  7.4349407369e+01  2.1066238794e-17
24  5.7895536144e+01  2.6351830264e-17
25  4.4690349964e+01  2.3131272032e-17
26  3.4242850244e+01 -6.5203537488e-18
27  2.5805018379e+01  5.2646538743e-18
28  1.8909648515e+01  5.7057198118e-18
29  1.3089030186e+01  1.8569079786e-18
30  7.9640662229e+00  3.5236570606e-18
31  3.4384847370e+00 -3.9577614460e-19
