0  5.6773887606e+07  1.6089499578e-14
1  6.1952379393e+07 -5.6929269724e-11
2  3.7453264359e+07 -1.0452181636e-11
3  2.8236637222e+07  2.4627956059e-12
4  2.2062904078e+07  8.1561641484e-12
5  1.7226934599e+07  1.6648925577e-11
6  1.3635177935e+07  2.7507469559e-12
7  1.0670405969e+07  3.2242634089e-12
8  8.4720864809e+06 -5.6242728610e-12
9  6.6043584930e+06  5.1816911787e-12
10  5.1439593157e+06 -1.9557969438e-12
11  4.0872279907e+06  1.0292622544e-13
12  3.1929026497e+06  1.4517877070e-13
13  2.5047160220e+06 -5.8943651210e-15
14  1.9657173078e+06  8.2499426346e-13
15  1.5501789405e+06  1.4751688681e-12
16  1.1873014173e+06 -6.8663622847e-14
17  9.3175916079e+05  9.7964084023e-14
18  7.2639349927e+05 -3.7212457061e-13
19  5.8114819284e+05 -2.9509078665e-13
20  4.5160791558e+05  2.3482506352e-13
21  3.5799587794e+05  1.1950789642e-13
22  2.8839199768e+05 -9.2051581177e-14
23  2.2558667567e+05  4.1375279203e-14
24  1.8065455978e+05  1.3870237210e-13
25  1.4513188549e+05  8.7269836946e-14
26  1.1425715875e+05 -4.3175043657e-14
27  9.2282350676e+04 -2.8704687939e-14
28  7.4819028067e+04  4.1517909816e-14
29  6.2157997116e+04 -2.4376491330e-14
30  5.5171901903e+04 -4.0703088905e-14
31  5.0107844213e+04 -1.1397111176e-14
