0  5.0262428787e+07 -1.6748591240e-11
1  5.4904266026e+07  1.7162105504e-11
2  3.0684184522e+07  2.1171440696e-11
3  2.3591049858e+07 -1.2497679282e-11
4  1.8163302342e+07  6.4678065326e-12
5  1.4402990870e+07 -6.0660212858e-12
6  1.1431357155e+07  2.1260625479e-12
7  8.9693043628e+06 -2.7125746526e-13
8  7.0746884741e+06  3.2764386121e-12
9  5.6430333445e+06  4.5172844436e-13
10  4.4516819216e+06 -7.7380178461e-13
11  3.5372771840e+06  2.1513534791e-13
12  2.8287987932e+06  1.1821948055e-13
13  2.2683880965e+06 -1.3884054733e-13
14  1.8145852449e+06  2.6153096789e-13
15  1.4462406317e+06  7.6441052197e-15
16  1.1803846161e+06 -7.3332522383e-13
17  9.3922224114e+05 -2.3641636617e-13
18  7.6436888179e+05  2.8225532937e-13
19  5.9365636211e+05 -3.0836546415e-13
20  4.6941662106e+05 -8.5177817273e-14
21  3.8373092047e+05 -6.2350008685e-14
22  3.0683714591e+05  1.0759633915e-13
23  2.6019118943e+05  7.0603614262e-14
24  2.1325517931e+05  5.9266196501e-14
25  1.7924952769e+05  3.6669685607e-14
26  1.4924486990e+05  2.4297223508e-14
27  1.2560069728e+05  4.2661405158e-14
28  1.0674036266e+05 -2.2959413160e-14
29  9.4320919962e+04 -2.5084094594e-14
30  8.6512679533e+04  1.6187644048e-14
31  8.1574548487e+04  4.3500358992e-14
