0 -1.7446423237e+02  1.1273474897e-15
1  1.8943930310e+04  2.4406330050e-15
2  1.2340503690e+04 -9.5362653795e-16
3  9.6474618354e+03  4.5269433668e-15
4  7.4200847483e+03  6.5519163140e-16
5  5.7386838557e+03 -8.0975407433e-16
6  4.4146989818e+03 -2.2506963487e-15
7  3.4094155867e+03 -9.8080930754e-16
8  2.6236389530e+03 -7.8346630094e-17
9  2.0153612352e+03 -2.1391465564e-15
10  1.5483194986e+03 -1.3272466300e-15
11  1.1891073878e+03  9.6843018571e-16
12  9.1180004949e+02 -1.9131520251e-16
13  7.0012785306e+02  3.5942074935e-16
14  5.3750213704e+02  2.2460950010e-16
15  4.1287636318e+02 -1.2275730867e-17
16  3.1643022859e+02  1.1595044603e-16
17  2.4406239316e+02  9.6557203185e-17
18  1.8844910520e+02 -4.1146213600e-17
19  1.4526604996e+02 -8.8471956066e-17
20  1.1195932530e+02 -1.2487960266e-16
21  8.6371200013e+01  1.4827947016e-17
22  6.6438146546e+01 -2.1424639610e-18
23  5.0902190545e+01 -4.4269541714e-17
24  3.9005978703e+01  3.3976609097e-18
25  2.9936757524e+01  5.9394479657e-18
26  2.2747184005e+01  6.4819196289e-18
27  1.7074803190e+01 -6.1984282893e-18
28  1.2461005099e+01 -1.6658226397e-18
29  8.6484886169e+00  1.1731406319e-19
30  5.5106399188e+00  1.0785905792e-18
31  2.6950833746e+00 -5.2039586697e-19
