0  1.5315972743e+02  4.2804786696e-15
1  1.9695040850e+04 -2.7723202016e-15
2  1.3073114637e+04  3.3920683746e-15
3  1.0461096057e+04  6.1114041243e-16
4  8.2515644501e+03  2.2043072129e-15
5  6.5209463315e+03  1.3067208512e-15
6  5.1829013553e+03  4.5366534084e-16
7  4.0872015109e+03  1.2629835108e-15
8  3.2283595558e+03  1.2047658776e-15
9  2.5636907337e+03  2.3752413204e-16
10  2.0333372624e+03 -7.1979801066e-17
11  1.6106726165e+03 -2.3491643523e-16
12  1.2756823331e+03  7.5101488054e-16
13  1.0048333403e+03 -1.5478838897e-16
14  7.8761814540e+02  4.0258734829e-16
15  6.1867557567e+02 -4.0680663116e-17
16  4.8648031290e+02  1.0899604083e-16
17  3.8437200113e+02  1.1836480757e-16
18  3.0256502309e+02 -2.7082883225e-16
19  2.3808323097e+02 -6.9267522160e-17
20  1.8750953129e+02  4.5137115210e-17
21  1.4791125126e+02  1.6542553460e-17
22  1.1639746636e+02 -2.1406640159e-17
23  9.1177128821e+01 -2.8057966378e-20
24  7.1746444095e+01 -2.3620572525e-18
25  5.5749699082e+01  1.6185740831e-18
26  4.3012057511e+01 -8.6318480677e-18
27  3.2516590029e+01 -8.7778024324e-18
28  2.4109456892e+01 -1.4883427674e-18
29  1.7180178271e+01  3.5772848341e-18
30  1.1137522819e+01  3.7692966153e-18
31  5.7420322089e+00  2.4939826341e-18
