0  4.9509433676e+07  1.4944732920e-11
1  4.9860976098e+07 -3.6992351794e-12
2  3.1308178271e+07  7.7235375386e-12
3  2.4400900596e+07 -3.2312865545e-12
4  1.9254843846e+07 -2.0386831335e-11
5  1.4445774803e+07  9.9763122895e-13
6  1.1705633754e+07  1.9986502682e-12
7  9.3620374886e+06 -2.0755394260e-12
8  7.2234050843e+06 -1.6014260357e-12
9  5.6998011943e+06  1.9912794089e-12
10  4.4253328221e+06 -1.2701915214e-12
11  3.4808958744e+06 -1.3460804589e-12
12  2.6702532105e+06 -7.2838642751e-13
13  2.0941287114e+06 -7.0032418560e-13
14  1.6308307175e+06  1.0772679662e-13
15  1.2475829945e+06  1.2209024294e-12
16  9.3787547995e+05  1.0573324274e-13
17  7.4275885992e+05 -2.2075390955e-13
18  5.7424852998e+05 -2.7274715216e-13
19  4.5189117482e+05  4.3160989762e-14
20  3.5873123251e+05 -3.8056480756e-13
21  2.7777078348e+05 -6.7969735432e-14
22  2.2513213007e+05  6.2264190744e-14
23  1.8333575325e+05  1.9918665105e-13
24  1.3981376440e+05  2.1579470679e-14
25  1.1088748920e+05 -4.9119474541e-14
26  8.7940557819e+04 -4.1041465389e-14
27  7.0282311611e+04 -2.5680726043e-14
28  5.6417946949e+04 -4.7167346452e-14
29  4.7016155274e+04  4.6416578759e-15
30  4.0771856809e+04 -1.2248243637e-14
31  3.6429937155e+04  3.6554271059e-15
