0  4.4771576080e+07  8.0095826784e-12
1  4.6327528974e+07 -2.2105531908e-11
2  2.8704546414e+07  1.4343758630e-11
3  2.0898099256e+07 -2.6528266167e-12
4  1.6166663067e+07  2.5047666174e-12
5  1.2688375420e+07  5.5498051946e-12
6  9.7274693953e+06 -1.2463936839e-13
7  7.7714181073e+06 -1.8706047708e-12
8  6.0015754530e+06 -3.9320640226e-13
9  4.8183823458e+06 -2.5784544401e-12
10  3.7124232209e+06  1.0440698785e-12
11  2.8870405348e+06  1.1503217352e-12
12  2.2245924371e+06 -5.7515908422e-13
13  1.6894192196e+06  6.3742059694e-13
14  1.3121453124e+06 -3.9237951036e-13
15  9.8649929073e+05  4.1609338653e-13
16  7.7245050100e+05 -3.2008648219e-13
17  5.9085510867e+05  4.6261360432e-13
18  4.5829005591e+05  2.6684015931e-13
19  3.5179002874e+05 -1.7015494574e-14
20  2.7391154161e+05  1.1534806244e-13
21  2.1282156886e+05  1.6876141117e-13
22  1.5828203792e+05 -6.7537469389e-14
23  1.2131643880e+05  5.4202676405e-14
24  9.4102434370e+04  2.9385936309e-14
25  7.2821153386e+04 -5.9893905867e-15
26  5.5473098466e+04  2.4161427855e-14
27  4.5738937688e+04 -3.1631799420e-15
28  3.6285897341e+04  8.0157731225e-15
29  3.0167404943e+04 -3.5228833895e-15
30  2.6546468283e+04 -3.5451476728e-15
31  2.4685166409e+04 -3.2563160246e-15
